{
 "cells": [
  {
   "cell_type": "code",
   "execution_count": 9,
   "metadata": {},
   "outputs": [],
   "source": [
    "import numpy as np\n",
    "import pandas as pd\n",
    "import matplotlib.pyplot as plt"
   ]
  },
  {
   "cell_type": "code",
   "execution_count": 10,
   "metadata": {},
   "outputs": [
    {
     "name": "stdout",
     "output_type": "stream",
     "text": [
      "Reshaped array: [[ 6.47434331e+03  1.20570165e+03 -1.28106365e+03  9.60988336e+01\n",
      "  -3.28705214e+02  3.11140223e+02 -4.76387185e+02  2.20146999e+02\n",
      "  -2.97382326e+02  5.22769482e+01 -1.77253454e+02  2.75873553e+02\n",
      "  -3.40295213e+01  4.75363546e+01 -7.50455926e+01  4.97335958e+00\n",
      "   5.19183355e+01 -1.69722970e+02 -6.97818226e+01  6.56086566e+01\n",
      "   1.20570165e+03  1.06800859e+03 -2.36249850e+02 -6.92267034e+01\n",
      "   4.80621376e+01 -9.13339585e+01  6.27090338e+01 -1.53283592e+01\n",
      "   4.93399263e+01 -6.84769029e+01  7.48286743e+01  3.33120756e+01\n",
      "   5.36597315e+01 -2.75068885e+01 -2.98686552e+01 -5.55084273e+00\n",
      "   8.05099333e+00 -5.68061085e+01 -3.72948406e+01  1.15680674e+01\n",
      "  -1.28106365e+03 -2.36249850e+02  5.45728985e+02  2.53026162e+01\n",
      "   6.43176099e+01  1.29647296e+01  7.80176277e+01  4.92207917e+00\n",
      "   4.50705624e+01  3.07314309e+01  2.16321814e+01 -3.52096328e+01\n",
      "  -2.02520990e+01  1.57869074e+01  1.49383608e+01 -1.26869783e+01\n",
      "  -2.61019010e+01  2.28693029e+01  2.86847753e+01 -3.19226456e+01\n",
      "   9.60988336e+01 -6.92267034e+01  2.53026162e+01  1.40803125e+02\n",
      "   2.69485140e+01  4.29143650e+01  1.50768579e+01  1.36195544e+01\n",
      "   1.80411931e+01  2.06062565e+01 -4.32666573e+00 -3.85621907e+00\n",
      "   1.63987271e+00  7.33124913e+00  1.96058027e+00  2.09320276e+00\n",
      "   6.67500990e+00  9.53688071e+00  1.57979142e+01  1.48344769e+01\n",
      "  -3.28705214e+02  4.80621376e+01  6.43176099e+01  2.69485140e+01\n",
      "   1.53278207e+02  1.61547224e+01  6.15369853e+01  5.47612187e+00\n",
      "   3.98196758e+01  1.08046584e+01  3.30731147e+01 -1.31290643e+01\n",
      "   2.07328146e+01  5.02028352e+00  1.05165642e+01  3.98960436e+00\n",
      "  -2.36928390e+00  1.78922390e+01  5.11236203e+00  1.81590535e+01\n",
      "   3.11140223e+02 -9.13339585e+01  1.29647296e+01  4.29143650e+01\n",
      "   1.61547224e+01  1.40814193e+02 -2.98498273e+01  4.55304708e+01\n",
      "  -1.75634252e+01  4.08898659e+01 -1.74978934e+01  2.08192946e+01\n",
      "  -4.29337855e+00  1.47606772e+01  1.33132646e+01  1.63221454e+01\n",
      "   5.90614055e+00  1.42501959e+01  2.52280364e+01  1.94245746e+01\n",
      "  -4.76387185e+02  6.27090338e+01  7.80176277e+01  1.50768579e+01\n",
      "   6.15369853e+01 -2.98498273e+01  1.37639590e+02 -7.36578303e+00\n",
      "   5.77728404e+01 -8.71970626e+00  4.13721716e+01 -2.11642328e+01\n",
      "   1.86455034e+01 -1.38326872e+01 -1.47191808e+00  3.27664990e+00\n",
      "   5.71548462e+00  2.34541679e+01  1.03149465e+01  6.92687925e+00\n",
      "   2.20146999e+02 -1.53283592e+01  4.92207917e+00  1.36195544e+01\n",
      "   5.47612187e+00  4.55304708e+01 -7.36578303e+00  7.77530490e+01\n",
      "  -6.50424185e+00  1.69258442e+01 -1.15044383e+01  1.82599379e+01\n",
      "  -7.93098737e+00  7.48245827e+00 -1.71416254e+00 -3.01955518e+00\n",
      "   4.90881528e+00 -7.41383656e+00  1.45770570e+00 -2.18024105e+00\n",
      "  -2.97382326e+02  4.93399263e+01  4.50705624e+01  1.80411931e+01\n",
      "   3.98196758e+01 -1.75634252e+01  5.77728404e+01 -6.50424185e+00\n",
      "   8.96352416e+01  6.33357071e+00  2.75936672e+01 -1.67631530e+01\n",
      "   2.19793514e+01 -1.09206317e+01  3.12020988e+00  8.84924712e+00\n",
      "   5.52915277e+00  2.67626912e+01  2.08983932e+01  2.14099412e+01\n",
      "   5.22769482e+01 -6.84769029e+01  3.07314309e+01  2.06062565e+01\n",
      "   1.08046584e+01  4.08898659e+01 -8.71970626e+00  1.69258442e+01\n",
      "   6.33357071e+00  7.56991418e+01  1.32182832e+01  6.35340903e+00\n",
      "  -9.18565239e+00  8.25620341e+00  9.38656311e+00  1.38451804e-01\n",
      "   5.85739176e+00  1.90284445e+01  2.54314316e+01  2.39861069e+01\n",
      "  -1.77253454e+02  7.48286743e+01  2.16321814e+01 -4.32666573e+00\n",
      "   3.30731147e+01 -1.74978934e+01  4.13721716e+01 -1.15044383e+01\n",
      "   2.75936672e+01  1.32182832e+01  7.74280429e+01  3.91969499e+00\n",
      "   1.09226315e+01 -4.77918745e+00  5.05305719e+00  2.16916552e+00\n",
      "  -2.13935276e+00  1.79343774e+01  1.89393212e+01  1.89952448e+01\n",
      "   2.75873553e+02  3.33120756e+01 -3.52096328e+01 -3.85621907e+00\n",
      "  -1.31290643e+01  2.08192946e+01 -2.11642328e+01  1.82599379e+01\n",
      "  -1.67631530e+01  6.35340903e+00  3.91969499e+00  6.80532757e+01\n",
      "   1.73119287e+01  9.10389773e+00 -4.40932175e+00 -6.38152264e+00\n",
      "  -2.07574954e+00 -1.06318726e+01 -5.55949764e-01  1.13918560e+01\n",
      "  -3.40295213e+01  5.36597315e+01 -2.02520990e+01  1.63987271e+00\n",
      "   2.07328146e+01 -4.29337855e+00  1.86455034e+01 -7.93098737e+00\n",
      "   2.19793514e+01 -9.18565239e+00  1.09226315e+01  1.73119287e+01\n",
      "   6.85455152e+01  2.34379900e+01  6.21753625e+00  8.40123094e+00\n",
      "   2.21716018e+00 -8.43317548e+00 -2.15126690e+01 -1.81658782e-01\n",
      "   4.75363546e+01 -2.75068885e+01  1.57869074e+01  7.33124913e+00\n",
      "   5.02028352e+00  1.47606772e+01 -1.38326872e+01  7.48245827e+00\n",
      "  -1.09206317e+01  8.25620341e+00 -4.77918745e+00  9.10389773e+00\n",
      "   2.34379900e+01  6.75789874e+01  2.54735181e+01  5.40664882e+00\n",
      "   9.88125817e-01 -1.93865415e+01 -2.95369426e+01 -2.16579008e+01\n",
      "  -7.50455926e+01 -2.98686552e+01  1.49383608e+01  1.96058027e+00\n",
      "   1.05165642e+01  1.33132646e+01 -1.47191808e+00 -1.71416254e+00\n",
      "   3.12020988e+00  9.38656311e+00  5.05305719e+00 -4.40932175e+00\n",
      "   6.21753625e+00  2.54735181e+01  6.21820042e+01  3.15066134e+01\n",
      "   8.56669988e+00 -1.38337979e+00 -1.35549564e+01 -1.16061820e+01\n",
      "   4.97335958e+00 -5.55084273e+00 -1.26869783e+01  2.09320276e+00\n",
      "   3.98960436e+00  1.63221454e+01  3.27664990e+00 -3.01955518e+00\n",
      "   8.84924712e+00  1.38451804e-01  2.16916552e+00 -6.38152264e+00\n",
      "   8.40123094e+00  5.40664882e+00  3.15066134e+01  6.08567292e+01\n",
      "   2.17356093e+01  1.06002890e+01 -4.15626015e+00 -9.48338168e+00\n",
      "   5.19183355e+01  8.05099333e+00 -2.61019010e+01  6.67500990e+00\n",
      "  -2.36928390e+00  5.90614055e+00  5.71548462e+00  4.90881528e+00\n",
      "   5.52915277e+00  5.85739176e+00 -2.13935276e+00 -2.07574954e+00\n",
      "   2.21716018e+00  9.88125817e-01  8.56669988e+00  2.17356093e+01\n",
      "   5.35955464e+01  2.15053580e+01  8.30747731e+00  6.39696450e+00\n",
      "  -1.69722970e+02 -5.68061085e+01  2.28693029e+01  9.53688071e+00\n",
      "   1.78922390e+01  1.42501959e+01  2.34541679e+01 -7.41383656e+00\n",
      "   2.67626912e+01  1.90284445e+01  1.79343774e+01 -1.06318726e+01\n",
      "  -8.43317548e+00 -1.93865415e+01 -1.38337979e+00  1.06002890e+01\n",
      "   2.15053580e+01  9.71588934e+01  7.95323965e+01  5.30426792e+01\n",
      "  -6.97818226e+01 -3.72948406e+01  2.86847753e+01  1.57979142e+01\n",
      "   5.11236203e+00  2.52280364e+01  1.03149465e+01  1.45770570e+00\n",
      "   2.08983932e+01  2.54314316e+01  1.89393212e+01 -5.55949764e-01\n",
      "  -2.15126690e+01 -2.95369426e+01 -1.35549564e+01 -4.15626015e+00\n",
      "   8.30747731e+00  7.95323965e+01  1.22454217e+02  8.32194575e+01\n",
      "   6.56086566e+01  1.15680674e+01 -3.19226456e+01  1.48344769e+01\n",
      "   1.81590535e+01  1.94245746e+01  6.92687925e+00 -2.18024105e+00\n",
      "   2.14099412e+01  2.39861069e+01  1.89952448e+01  1.13918560e+01\n",
      "  -1.81658782e-01 -2.16579008e+01 -1.16061820e+01 -9.48338168e+00\n",
      "   6.39696450e+00  5.30426792e+01  8.32194575e+01  1.10707937e+02]]\n",
      "Reshaped array: [[ 8.41331854e+03  1.59038519e+03 -1.26587542e+03 -9.37737157e+01\n",
      "  -9.44626109e+02  2.39582592e+02 -9.27982115e+02  3.73456194e+02\n",
      "  -3.31850615e+02 -1.97323176e+01 -1.61441419e+02  5.39488248e+02\n",
      "   1.71672689e+01  3.38257953e+02  1.58513102e+02 -1.70160424e+01\n",
      "  -4.43633219e+01  3.56534690e+01 -5.92134976e+01  3.73051492e+01\n",
      "   1.59038519e+03  7.80978933e+02 -1.07313221e+02 -6.42810844e+01\n",
      "  -1.39423232e+02 -1.72877244e+01 -1.26152569e+02  6.99951446e+01\n",
      "   4.80098508e+01 -5.54027909e+01 -7.95279142e+01  1.31540935e+02\n",
      "   4.49045396e+01  7.99621836e+01  8.10194196e+01 -1.44220525e+01\n",
      "  -1.93305099e+01  1.74117251e+01  2.43927968e+01 -3.48439893e+00\n",
      "  -1.26587542e+03 -1.07313221e+02  4.60234951e+02  1.01163316e+02\n",
      "   1.44019870e+02 -6.05703278e+01  2.44481559e+02 -2.44033176e+00\n",
      "   5.26543130e+01  7.55449357e+01 -1.61998824e+01 -1.24712332e+02\n",
      "  -1.19449193e+01 -4.54012674e+00 -6.75746446e+01 -9.38266247e+00\n",
      "   2.27109044e+01 -3.06536368e+01  4.21171068e+01  1.58204815e+01\n",
      "  -9.37737157e+01 -6.42810844e+01  1.01163316e+02  2.08213459e+02\n",
      "   7.05623200e+01 -1.54415747e+00  1.17929802e+02  2.20877547e+01\n",
      "  -4.00123569e+01  8.60516983e+01  2.39450031e+01 -8.03283413e+01\n",
      "  -1.23493999e+01  1.40696611e+01 -5.21798325e+01 -5.88664073e+00\n",
      "   4.56891842e+01 -2.23876001e+01  2.65140909e+01  2.64791310e+01\n",
      "  -9.44626109e+02 -1.39423232e+02  1.44019870e+02  7.05623200e+01\n",
      "   2.95201974e+02  3.24970598e+01  7.34537436e+01 -7.19959720e+01\n",
      "   1.33145163e+01 -7.71646000e+00  2.10955049e+01 -5.95466862e+01\n",
      "  -1.91116033e+01 -8.14959231e+01 -5.31585596e+00  3.73211901e+01\n",
      "   1.82451918e+01  1.40265251e+01  5.15527922e+00  1.12118118e+01\n",
      "   2.39582592e+02 -1.72877244e+01 -6.05703278e+01 -1.54415747e+00\n",
      "   3.24970598e+01  1.19774291e+02 -6.58112999e+01 -3.16342221e+01\n",
      "  -1.95256627e+01 -3.56535950e+01  6.63047002e+00  4.18604584e+01\n",
      "  -2.16422795e+01 -3.43781401e+01  2.05451989e+01  1.69429749e+01\n",
      "  -8.18591369e+00  2.03616146e+01 -1.84727789e+01 -4.92049242e+00\n",
      "  -9.27982115e+02 -1.26152569e+02  2.44481559e+02  1.17929802e+02\n",
      "   7.34537436e+01 -6.58112999e+01  3.20233018e+02  3.55528882e+01\n",
      "   2.25803457e+01  1.20925768e+02  3.14318228e+01 -1.40649232e+02\n",
      "   1.78763377e+01  2.48276923e+01 -7.78404560e+01 -2.12632537e+01\n",
      "   4.79559647e+01 -2.83246018e+01  4.03213436e+01  2.87167196e+01\n",
      "   3.73456194e+02  6.99951446e+01 -2.44033176e+00  2.20877547e+01\n",
      "  -7.19959720e+01 -3.16342221e+01  3.55528882e+01  1.33995772e+02\n",
      "   1.34140944e+01  4.59014648e+01 -6.98150720e-02  2.29320236e+00\n",
      "   2.67014973e+01  6.59256734e+01 -1.69917162e+01 -1.34092683e+01\n",
      "   6.44115264e+00 -2.29796361e+01  1.18626774e+01  2.51431346e+01\n",
      "  -3.31850615e+02  4.80098508e+01  5.26543130e+01 -4.00123569e+01\n",
      "   1.33145163e+01 -1.95256627e+01  2.25803457e+01  1.34140944e+01\n",
      "   1.66724994e+02 -4.16639695e+01 -2.10540728e+01  4.23114714e+01\n",
      "   2.84163663e+01 -2.24546940e+00  3.69032689e+01 -6.02342212e+00\n",
      "  -3.33214308e+01  1.56087599e+01  2.87703681e+00 -9.33598848e-01\n",
      "  -1.97323176e+01 -5.54027909e+01  7.55449357e+01  8.60516983e+01\n",
      "  -7.71646000e+00 -3.56535950e+01  1.20925768e+02  4.59014648e+01\n",
      "  -4.16639695e+01  1.72461220e+02  2.33589167e+01 -9.97308013e+01\n",
      "   5.72613905e+00  4.01226580e+01 -7.01142604e+01 -1.01179557e+01\n",
      "   4.71674793e+01 -2.64619354e+01  2.45485904e+01  3.81865890e+01\n",
      "  -1.61441419e+02 -7.95279142e+01 -1.61998824e+01  2.39450031e+01\n",
      "   2.10955049e+01  6.63047002e+00  3.14318228e+01 -6.98150720e-02\n",
      "  -2.10540728e+01  2.33589167e+01  8.88939778e+01 -2.28148531e+01\n",
      "  -5.96453221e+00 -5.26384829e+00 -2.23887264e+01  3.31618767e+00\n",
      "   1.90799605e+01 -8.48991386e+00 -2.00528940e+00  4.39246395e+00\n",
      "   5.39488248e+02  1.31540935e+02 -1.24712332e+02 -8.03283413e+01\n",
      "  -5.95466862e+01  4.18604584e+01 -1.40649232e+02  2.29320236e+00\n",
      "   4.23114714e+01 -9.97308013e+01 -2.28148531e+01  1.72647206e+02\n",
      "   4.20519371e+01  1.01356440e+01  7.61391526e+01  7.24716786e+00\n",
      "  -3.14357997e+01  4.26941705e+01 -1.80101109e+01 -2.02881343e+01\n",
      "   1.71672689e+01  4.49045396e+01 -1.19449193e+01 -1.23493999e+01\n",
      "  -1.91116033e+01 -2.16422795e+01  1.78763377e+01  2.67014973e+01\n",
      "   2.84163663e+01  5.72613905e+00 -5.96453221e+00  4.20519371e+01\n",
      "   9.05022762e+01  4.13103613e+01  1.86372675e+01 -7.99457994e+00\n",
      "   6.24904030e+00  1.24829815e+01  1.08375853e+01 -3.30397245e+00\n",
      "   3.38257953e+02  7.99621836e+01 -4.54012674e+00  1.40696611e+01\n",
      "  -8.14959231e+01 -3.43781401e+01  2.48276923e+01  6.59256734e+01\n",
      "  -2.24546940e+00  4.01226580e+01 -5.26384829e+00  1.01356440e+01\n",
      "   4.13103613e+01  1.06773774e+02  4.47418467e+00 -2.19884578e+01\n",
      "   1.98087779e+01 -6.85433405e+00  8.73376788e+00  1.82890504e+01\n",
      "   1.58513102e+02  8.10194196e+01 -6.75746446e+01 -5.21798325e+01\n",
      "  -5.31585596e+00  2.05451989e+01 -7.78404560e+01 -1.69917162e+01\n",
      "   3.69032689e+01 -7.01142604e+01 -2.23887264e+01  7.61391526e+01\n",
      "   1.86372675e+01  4.47418467e+00  9.91702320e+01  7.98303609e+00\n",
      "  -1.50018532e+01  3.76395526e+01 -1.00162519e+01 -1.75888317e+01\n",
      "  -1.70160424e+01 -1.44220525e+01 -9.38266247e+00 -5.88664073e+00\n",
      "   3.73211901e+01  1.69429749e+01 -2.12632537e+01 -1.34092683e+01\n",
      "  -6.02342212e+00 -1.01179557e+01  3.31618767e+00  7.24716786e+00\n",
      "  -7.99457994e+00 -2.19884578e+01  7.98303609e+00  5.26144308e+01\n",
      "   6.76295111e+00 -4.18309986e-02  1.51314530e-01  3.59681729e+00\n",
      "  -4.43633219e+01 -1.93305099e+01  2.27109044e+01  4.56891842e+01\n",
      "   1.82451918e+01 -8.18591369e+00  4.79559647e+01  6.44115264e+00\n",
      "  -3.33214308e+01  4.71674793e+01  1.90799605e+01 -3.14357997e+01\n",
      "   6.24904030e+00  1.98087779e+01 -1.50018532e+01  6.76295111e+00\n",
      "   7.33671961e+01  5.12466196e+00  6.39623686e+00  2.04465739e+01\n",
      "   3.56534690e+01  1.74117251e+01 -3.06536368e+01 -2.23876001e+01\n",
      "   1.40265251e+01  2.03616146e+01 -2.83246018e+01 -2.29796361e+01\n",
      "   1.56087599e+01 -2.64619354e+01 -8.48991386e+00  4.26941705e+01\n",
      "   1.24829815e+01 -6.85433405e+00  3.76395526e+01 -4.18309986e-02\n",
      "   5.12466196e+00  6.63744920e+01  2.30046284e+00 -1.17884396e+01\n",
      "  -5.92134976e+01  2.43927968e+01  4.21171068e+01  2.65140909e+01\n",
      "   5.15527922e+00 -1.84727789e+01  4.03213436e+01  1.18626774e+01\n",
      "   2.87703681e+00  2.45485904e+01 -2.00528940e+00 -1.80101109e+01\n",
      "   1.08375853e+01  8.73376788e+00 -1.00162519e+01  1.51314530e-01\n",
      "   6.39623686e+00  2.30046284e+00  4.23607235e+01  1.17074666e+01\n",
      "   3.73051492e+01 -3.48439893e+00  1.58204815e+01  2.64791310e+01\n",
      "   1.12118118e+01 -4.92049242e+00  2.87167196e+01  2.51431346e+01\n",
      "  -9.33598848e-01  3.81865890e+01  4.39246395e+00 -2.02881343e+01\n",
      "  -3.30397245e+00  1.82890504e+01 -1.75888317e+01  3.59681729e+00\n",
      "   2.04465739e+01 -1.17884396e+01  1.17074666e+01  5.73093380e+01]]\n",
      "Reshaped array: [[ 1.14267801e+04  1.89380265e+03 -1.76035204e+03  1.08189760e+03\n",
      "  -1.22677212e+03  6.58585964e+02 -6.64123904e+02  3.04840899e+02\n",
      "  -5.54965049e+02  9.70982064e+01 -4.54098537e+02  1.05695179e+00\n",
      "  -2.57390213e+02 -1.68917532e+02 -7.28418002e+01 -1.32427884e+02\n",
      "   1.75547327e+01 -2.40384875e+02  5.81364626e+01 -2.25416811e+02\n",
      "   1.89380265e+03  1.13469042e+03 -3.82722036e+02  4.90384717e+01\n",
      "   1.07246503e+02 -1.34642028e+02  1.02226567e+02  6.75723753e+00\n",
      "  -5.59399648e+01 -4.26869833e+00 -2.10806376e+01 -2.22905811e+01\n",
      "  -4.16858024e+01 -6.13477600e+00 -3.75555692e+01  7.01822802e+00\n",
      "  -4.37755333e+01 -6.13791510e+00 -2.09917847e+01 -3.15498045e+01\n",
      "  -1.76035204e+03 -3.82722036e+02  7.37440469e+02  6.07031958e+01\n",
      "   1.10615926e+02  7.08784225e+01  5.81223765e+01 -1.34901603e+01\n",
      "   7.37972604e+01 -2.00462291e+01  1.54802078e+01  5.11807174e+00\n",
      "   3.11783078e+01  7.22003214e-01  3.79867237e+00  7.24538188e+00\n",
      "   4.17395274e+00  2.55573356e+01  2.76384414e+00  3.33800740e+01\n",
      "   1.08189760e+03  4.90384717e+01  6.07031958e+01  4.74540224e+02\n",
      "  -8.28296661e+01  1.60033335e+02 -4.50307664e+01  2.91959405e+01\n",
      "  -2.25493465e+01  1.36790535e+01 -4.63328234e+01 -1.93825097e+01\n",
      "  -3.09498416e+01 -3.90274075e+00 -1.02641073e+01 -1.23883868e+01\n",
      "  -3.63342241e+00 -2.06763451e+01  5.94214780e+00 -1.52093803e+01\n",
      "  -1.22677212e+03  1.07246503e+02  1.10615926e+02 -8.28296661e+01\n",
      "   4.46404199e+02 -1.43309117e+02  1.72704607e+02 -3.31465879e+01\n",
      "   1.06248070e+02  2.48039142e+01  9.06593767e+01 -2.78102698e+00\n",
      "   2.98171213e+01  5.51408113e+01  1.05026335e+01  4.22293026e+01\n",
      "  -2.03321364e+01  5.08187043e+01 -8.64702984e+00  4.04349090e+01\n",
      "   6.58585964e+02 -1.34642028e+02  7.08784225e+01  1.60033335e+02\n",
      "  -1.43309117e+02  2.64440810e+02 -9.17569927e+01  4.72656966e+01\n",
      "  -1.94259929e+01  2.83616776e+01 -4.11882870e+01  1.66405003e+01\n",
      "   5.22497627e-01 -1.85342745e+01  1.42760728e+01 -1.02660157e+01\n",
      "   2.43107661e+01 -2.48294570e+01  2.39159376e+01 -1.26207296e+01\n",
      "  -6.64123904e+02  1.02226567e+02  5.81223765e+01 -4.50307664e+01\n",
      "   1.72704607e+02 -9.17569927e+01  2.15505503e+02  3.88759113e+00\n",
      "   5.73770137e+01  1.46377022e+01  6.73274940e+01  2.73222917e+00\n",
      "   2.69242055e+01  3.33666520e+01  6.38281438e-01  3.44380148e+01\n",
      "  -7.70439209e+00  3.40136344e+01 -8.68377265e+00  1.33900886e+01\n",
      "   3.04840899e+02  6.75723753e+00 -1.34901603e+01  2.91959405e+01\n",
      "  -3.31465879e+01  4.72656966e+01  3.88759113e+00  1.05942489e+02\n",
      "   6.32468445e+00  2.53471977e+01 -1.87491227e+00  1.56764329e+01\n",
      "   3.54996206e+00  3.36637864e-01  4.33635282e+00  3.44731799e+00\n",
      "   1.45475114e+01 -3.76257179e+00  1.09730109e+01 -6.80331531e+00\n",
      "  -5.54965049e+02 -5.59399648e+01  7.37972604e+01 -2.25493465e+01\n",
      "   1.06248070e+02 -1.94259929e+01  5.73770137e+01  6.32468445e+00\n",
      "   1.20803956e+02  2.40022082e+01  4.53680779e+01  1.93345381e+01\n",
      "   2.81383832e+01  2.49344529e+01  1.31561347e+01  2.05244583e+01\n",
      "   7.31329958e+00  2.34245239e+01  1.24061801e+00  2.13566451e+01\n",
      "   9.70982064e+01 -4.26869833e+00 -2.00462291e+01  1.36790535e+01\n",
      "   2.48039142e+01  2.83616776e+01  1.46377022e+01  2.53471977e+01\n",
      "   2.40022082e+01  9.14088895e+01  3.22680917e+01  2.71760148e+01\n",
      "   1.68349652e+01  1.78753878e+01  1.51436136e+01  1.43715004e+01\n",
      "   1.44778105e+01  3.90643485e+00  1.78867496e+01  5.58548282e+00\n",
      "  -4.54098537e+02 -2.10806376e+01  1.54802078e+01 -4.63328234e+01\n",
      "   9.06593767e+01 -4.11882870e+01  6.73274940e+01 -1.87491227e+00\n",
      "   4.53680779e+01  3.22680917e+01  1.08426876e+02  2.03745829e+01\n",
      "   3.09871382e+01  3.80144658e+01  1.09054355e+01  2.38361153e+01\n",
      "   5.27561818e-02  1.98985634e+01 -1.49392863e+00  1.15586130e+01\n",
      "   1.05695179e+00 -2.22905811e+01  5.11807174e+00 -1.93825097e+01\n",
      "  -2.78102698e+00  1.66405003e+01  2.73222917e+00  1.56764329e+01\n",
      "   1.93345381e+01  2.71760148e+01  2.03745829e+01  7.91288615e+01\n",
      "   3.55721443e+01  1.59330383e+01  1.76446207e+01  7.72728390e+00\n",
      "   1.33147585e+01  2.88657914e+00  9.33605449e+00  6.13074020e+00\n",
      "  -2.57390213e+02 -4.16858024e+01  3.11783078e+01 -3.09498416e+01\n",
      "   2.98171213e+01  5.22497627e-01  2.69242055e+01  3.54996206e+00\n",
      "   2.81383832e+01  1.68349652e+01  3.09871382e+01  3.55721443e+01\n",
      "   7.65633532e+01  3.73479740e+01  1.85826715e+01  1.33851475e+01\n",
      "   4.85918088e+00  1.04583809e+01  6.66335712e+00  5.86082294e+00\n",
      "  -1.68917532e+02 -6.13477600e+00  7.22003214e-01 -3.90274075e+00\n",
      "   5.51408113e+01 -1.85342745e+01  3.33666520e+01  3.36637864e-01\n",
      "   2.49344529e+01  1.78753878e+01  3.80144658e+01  1.59330383e+01\n",
      "   3.73479740e+01  7.08235785e+01  2.52769832e+01  1.77692679e+01\n",
      "   2.76377437e+00  1.19780537e+01  5.38165971e+00  2.61515408e+00\n",
      "  -7.28418002e+01 -3.75555692e+01  3.79867237e+00 -1.02641073e+01\n",
      "   1.05026335e+01  1.42760728e+01  6.38281438e-01  4.33635282e+00\n",
      "   1.31561347e+01  1.51436136e+01  1.09054355e+01  1.76446207e+01\n",
      "   1.85826715e+01  2.52769832e+01  5.06170215e+01  1.90002430e+01\n",
      "   1.20217045e+01  8.78444752e+00  7.15774197e+00  7.11363255e+00\n",
      "  -1.32427884e+02  7.01822802e+00  7.24538188e+00 -1.23883868e+01\n",
      "   4.22293026e+01 -1.02660157e+01  3.44380148e+01  3.44731799e+00\n",
      "   2.05244583e+01  1.43715004e+01  2.38361153e+01  7.72728390e+00\n",
      "   1.33851475e+01  1.77692679e+01  1.90002430e+01  5.26848934e+01\n",
      "   1.80032020e+01  1.43336794e+01  6.25523081e+00  4.39082197e+00\n",
      "   1.75547327e+01 -4.37755333e+01  4.17395274e+00 -3.63342241e+00\n",
      "  -2.03321364e+01  2.43107661e+01 -7.70439209e+00  1.45475114e+01\n",
      "   7.31329958e+00  1.44778105e+01  5.27561818e-02  1.33147585e+01\n",
      "   4.85918088e+00  2.76377437e+00  1.20217045e+01  1.80032020e+01\n",
      "   5.03756667e+01  1.61427883e+01  9.55712159e+00  7.28596166e+00\n",
      "  -2.40384875e+02 -6.13791510e+00  2.55573356e+01 -2.06763451e+01\n",
      "   5.08187043e+01 -2.48294570e+01  3.40136344e+01 -3.76257179e+00\n",
      "   2.34245239e+01  3.90643485e+00  1.98985634e+01  2.88657914e+00\n",
      "   1.04583809e+01  1.19780537e+01  8.78444752e+00  1.43336794e+01\n",
      "   1.61427883e+01  4.65260969e+01  1.45657614e+01  1.20222834e+01\n",
      "   5.81364626e+01 -2.09917847e+01  2.76384414e+00  5.94214780e+00\n",
      "  -8.64702984e+00  2.39159376e+01 -8.68377265e+00  1.09730109e+01\n",
      "   1.24061801e+00  1.78867496e+01 -1.49392863e+00  9.33605449e+00\n",
      "   6.66335712e+00  5.38165971e+00  7.15774197e+00  6.25523081e+00\n",
      "   9.55712159e+00  1.45657614e+01  4.65815660e+01  1.73668572e+01\n",
      "  -2.25416811e+02 -3.15498045e+01  3.33800740e+01 -1.52093803e+01\n",
      "   4.04349090e+01 -1.26207296e+01  1.33900886e+01 -6.80331531e+00\n",
      "   2.13566451e+01  5.58548282e+00  1.15586130e+01  6.13074020e+00\n",
      "   5.86082294e+00  2.61515408e+00  7.11363255e+00  4.39082197e+00\n",
      "   7.28596166e+00  1.20222834e+01  1.73668572e+01  4.83019383e+01]]\n",
      "Reshaped array: [[ 8.44323845e+03  3.34137612e+02 -1.15014197e+03  1.12530720e+03\n",
      "  -1.34401843e+03  7.57978901e+02 -1.02809013e+03  4.19594277e+02\n",
      "  -5.83073515e+02  1.15333037e+02 -3.05280464e+02  8.42353968e+01\n",
      "  -2.64193568e+01 -8.42188002e+01  3.02328165e+02  1.16103745e+02\n",
      "   3.20566905e+02 -1.34671152e+02  2.65215334e+02 -3.70102040e+01\n",
      "   3.34137612e+02  1.04690579e+03 -2.52310211e+02 -1.26336431e+02\n",
      "   2.83499746e+02 -2.37831293e+02  1.45256720e+02 -9.25946236e+01\n",
      "   9.15066826e+01 -1.04580804e+02  4.17804279e+01 -5.71997712e+01\n",
      "  -6.56959910e+01 -2.65828590e+01 -2.79622552e+01 -1.62016067e+01\n",
      "  -7.60892398e+01  1.34977731e+01 -4.59213657e+01  1.92808704e+01\n",
      "  -1.15014197e+03 -2.52310211e+02  5.89401810e+02  8.55967534e+00\n",
      "   1.03656294e+02  7.94809023e+01  6.53775732e+01  4.00238969e+01\n",
      "   3.31952919e+01  5.51609752e+01  3.40839024e+01  1.55228972e+00\n",
      "   1.69156928e+01 -1.81603270e+01 -7.31863639e+01 -7.89321420e+01\n",
      "  -5.70345150e+01 -1.48532621e+01 -2.68980928e+01 -1.18222110e+01\n",
      "   1.12530720e+03 -1.26336431e+02  8.55967534e+00  4.36558240e+02\n",
      "  -1.46681602e+02  1.44879786e+02 -2.03637830e+02  6.84571094e+01\n",
      "  -7.38494923e+01  5.50916533e+01 -3.01746849e+01  1.42441050e+01\n",
      "   2.03798239e+01 -2.24977312e+01  1.32324371e+01 -1.59671627e+01\n",
      "   5.03326560e+01 -1.94207664e+01  5.80015084e+01  4.03505158e+00\n",
      "  -1.34401843e+03  2.83499746e+02  1.03656294e+02 -1.46681602e+02\n",
      "   4.80004058e+02 -2.19967633e+02  1.84257692e+02 -1.09000114e+02\n",
      "   1.45754680e+02 -3.01552604e+01  6.90267169e+01 -3.18795441e+01\n",
      "  -2.58030892e+01  3.92083718e+00 -8.43683043e+01 -3.39927211e+01\n",
      "  -7.62416418e+01  3.35968931e+01 -5.79090456e+01  1.23822255e+01\n",
      "   7.57978901e+02 -2.37831293e+02  7.94809023e+01  1.44879786e+02\n",
      "  -2.19967633e+02  3.41892383e+02 -5.64440839e+01  1.33491279e+02\n",
      "  -7.87438821e+01  6.59420701e+01 -2.38620176e+01  3.02803059e+01\n",
      "   5.08961367e+01  1.00082550e+01  5.58381998e+01  3.88494791e+00\n",
      "   5.38333561e+01 -2.99714805e+01  2.54453882e+01 -1.23813856e+01\n",
      "  -1.02809013e+03  1.45256720e+02  6.53775732e+01 -2.03637830e+02\n",
      "   1.84257692e+02 -5.64440839e+01  3.56552378e+02 -3.61345664e+00\n",
      "   1.08451575e+02 -3.95964262e+01  5.62540102e+01 -1.10715879e+01\n",
      "   1.71184070e+01  3.30870990e+01 -1.44666371e+01  2.00585688e+00\n",
      "  -4.86690820e+01  2.76208164e+01 -6.33878076e+01 -4.93408088e-01\n",
      "   4.19594277e+02 -9.25946236e+01  4.00238969e+01  6.84571094e+01\n",
      "  -1.09000114e+02  1.33491279e+02 -3.61345664e+00  1.62366709e+02\n",
      "  -1.16392503e+01  4.23822084e+01 -1.96527557e+01  2.32973314e+00\n",
      "  -6.49837544e+00 -2.48014320e+01  1.19615858e-01 -2.53647980e+01\n",
      "   2.06537128e+01 -1.21526082e+00  2.23915543e+01 -1.40414996e+01\n",
      "  -5.83073515e+02  9.15066826e+01  3.31952919e+01 -7.38494923e+01\n",
      "   1.45754680e+02 -7.87438821e+01  1.08451575e+02 -1.16392503e+01\n",
      "   1.48749812e+02  1.97429847e+01  4.11461522e+01 -2.08309074e+01\n",
      "  -6.44756878e+00 -1.31109193e+01 -4.45462664e+01 -2.12122145e+01\n",
      "  -3.59376181e+01  2.34859221e+01 -1.13856378e+01  1.80961116e+01\n",
      "   1.15333037e+02 -1.04580804e+02  5.51609752e+01  5.50916533e+01\n",
      "  -3.01552604e+01  6.59420701e+01 -3.95964262e+01  4.23822084e+01\n",
      "   1.97429847e+01  1.07072258e+02  3.25580818e+01  1.83257227e+01\n",
      "   3.85969610e+00 -1.62952373e+01 -2.13677640e+01 -3.05464047e+01\n",
      "  -5.66820406e+00 -1.32542965e+01  1.07173402e+01 -3.74381469e+00\n",
      "  -3.05280464e+02  4.17804279e+01  3.40839024e+01 -3.01746849e+01\n",
      "   6.90267169e+01 -2.38620176e+01  5.62540102e+01 -1.96527557e+01\n",
      "   4.11461522e+01  3.25580818e+01  1.04935821e+02  3.39282407e+01\n",
      "   1.71284161e+01 -4.17900915e+00 -3.65669720e+01 -4.80720876e+01\n",
      "  -4.85704286e+01 -4.81090857e+00 -1.11027997e+01  1.32754510e+01\n",
      "   8.42353968e+01 -5.71997712e+01  1.55228972e+00  1.42441050e+01\n",
      "  -3.18795441e+01  3.02803059e+01 -1.10715879e+01  2.32973314e+00\n",
      "  -2.08309074e+01  1.83257227e+01  3.39282407e+01  8.21059294e+01\n",
      "   4.28655842e+01  2.17181643e+01  1.79717037e+00 -2.12334481e+01\n",
      "  -2.54167899e+01 -2.46928164e+01 -6.15005035e+00 -2.19911529e+00\n",
      "  -2.64193568e+01 -6.56959910e+01  1.69156928e+01  2.03798239e+01\n",
      "  -2.58030892e+01  5.08961367e+01  1.71184070e+01 -6.49837544e+00\n",
      "  -6.44756878e+00  3.85969610e+00  1.71284161e+01  4.28655842e+01\n",
      "   1.04201970e+02  7.11054731e+01  3.11553892e+01 -1.01176380e+00\n",
      "  -6.86596014e+00 -2.14493092e+01 -2.62959674e+01 -1.16217975e+01\n",
      "  -8.42188002e+01 -2.65828590e+01 -1.81603270e+01 -2.24977312e+01\n",
      "   3.92083718e+00  1.00082550e+01  3.30870990e+01 -2.48014320e+01\n",
      "  -1.31109193e+01 -1.62952373e+01 -4.17900915e+00  2.17181643e+01\n",
      "   7.11054731e+01  1.18946827e+02  7.42690059e+01  4.03434807e+01\n",
      "   5.51121686e+00 -2.45618068e+01 -5.13212345e+01 -3.42858185e+01\n",
      "   3.02328165e+02 -2.79622552e+01 -7.31863639e+01  1.32324371e+01\n",
      "  -8.43683043e+01  5.58381998e+01 -1.44666371e+01  1.19615858e-01\n",
      "  -4.45462664e+01 -2.13677640e+01 -3.65669720e+01  1.79717037e+00\n",
      "   3.11553892e+01  7.42690059e+01  1.39947911e+02  1.07087729e+02\n",
      "   5.09816916e+01 -2.92001771e+01 -4.08511621e+01 -4.29473551e+01\n",
      "   1.16103745e+02 -1.62016067e+01 -7.89321420e+01 -1.59671627e+01\n",
      "  -3.39927211e+01  3.88494791e+00  2.00585688e+00 -2.53647980e+01\n",
      "  -2.12122145e+01 -3.05464047e+01 -4.80720876e+01 -2.12334481e+01\n",
      "  -1.01176380e+00  4.03434807e+01  1.07087729e+02  1.76476073e+02\n",
      "   1.20739215e+02  2.07227367e+01 -2.71510794e+01 -4.14444365e+01\n",
      "   3.20566905e+02 -7.60892398e+01 -5.70345150e+01  5.03326560e+01\n",
      "  -7.62416418e+01  5.38333561e+01 -4.86690820e+01  2.06537128e+01\n",
      "  -3.59376181e+01 -5.66820406e+00 -4.85704286e+01 -2.54167899e+01\n",
      "  -6.86596014e+00  5.51121686e+00  5.09816916e+01  1.20739215e+02\n",
      "   1.80344873e+02  7.92569234e+01  2.70247331e+01 -3.15407769e+01\n",
      "  -1.34671152e+02  1.34977731e+01 -1.48532621e+01 -1.94207664e+01\n",
      "   3.35968931e+01 -2.99714805e+01  2.76208164e+01 -1.21526082e+00\n",
      "   2.34859221e+01 -1.32542965e+01 -4.81090857e+00 -2.46928164e+01\n",
      "  -2.14493092e+01 -2.45618068e+01 -2.92001771e+01  2.07227367e+01\n",
      "   7.92569234e+01  1.26476982e+02  7.72790807e+01  2.08677799e+01\n",
      "   2.65215334e+02 -4.59213657e+01 -2.68980928e+01  5.80015084e+01\n",
      "  -5.79090456e+01  2.54453882e+01 -6.33878076e+01  2.23915543e+01\n",
      "  -1.13856378e+01  1.07173402e+01 -1.11027997e+01 -6.15005035e+00\n",
      "  -2.62959674e+01 -5.13212345e+01 -4.08511621e+01 -2.71510794e+01\n",
      "   2.70247331e+01  7.72790807e+01  1.59171591e+02  9.51399295e+01\n",
      "  -3.70102040e+01  1.92808704e+01 -1.18222110e+01  4.03505158e+00\n",
      "   1.23822255e+01 -1.23813856e+01 -4.93408088e-01 -1.40414996e+01\n",
      "   1.80961116e+01 -3.74381469e+00  1.32754510e+01 -2.19911529e+00\n",
      "  -1.16217975e+01 -3.42858185e+01 -4.29473551e+01 -4.14444365e+01\n",
      "  -3.15407769e+01  2.08677799e+01  9.51399295e+01  1.32974233e+02]]\n",
      "Reshaped array: [[ 1.46996585e+03  2.38366854e+02 -6.50137233e+02  3.00413724e+02\n",
      "  -1.00164041e+02 -1.95708871e+02  2.72032482e+01 -8.05293468e+01\n",
      "  -6.97804363e+00 -5.71897942e+01 -9.42790877e+01  3.23060043e+01\n",
      "  -1.65155903e+01  2.58925471e+01  4.12094853e+01 -3.35585558e+01\n",
      "   6.64648968e+00 -7.69890302e-01 -5.60953215e-01 -1.30578704e+01\n",
      "   2.38366854e+02  2.45888656e+02 -2.21788842e+01 -4.43865947e+01\n",
      "   3.63031523e+01 -4.01949185e+01 -2.03908082e+01  2.01801574e+01\n",
      "  -1.43785609e+01 -3.87273598e+01 -3.10316319e+01 -2.43353963e+00\n",
      "   1.87637457e+01  1.29979297e+00  1.27880698e-01 -5.06313026e+00\n",
      "  -6.94444887e+00  9.35733856e+00 -9.56830747e+00 -1.70396475e+01\n",
      "  -6.50137233e+02 -2.21788842e+01  4.27946893e+02 -1.29914315e+02\n",
      "   3.93644109e+01  1.08576184e+02 -1.90792604e+01  6.92452317e+01\n",
      "   2.14393553e+01  1.96517296e+01  4.54918667e+01 -1.17473948e+01\n",
      "   2.09956002e+01 -5.36284974e+00 -2.11473108e+01  2.09762235e+01\n",
      "  -2.58399561e+00 -2.92785955e+00 -7.02711612e+00 -1.73200632e+00\n",
      "   3.00413724e+02 -4.43865947e+01 -1.29914315e+02  2.94275832e+02\n",
      "   3.76492805e+01 -3.72456731e+01  5.97333536e+01 -5.98551633e+01\n",
      "   1.80561967e+01  4.21038735e+01 -1.51627165e+01 -7.06338800e-01\n",
      "  -3.85250437e+01 -8.23484444e+00  8.28498555e+00 -2.97708698e+00\n",
      "   1.63907060e+01 -9.75137742e+00  6.28794708e+00  1.43803118e+01\n",
      "  -1.00164041e+02  3.63031523e+01  3.93644109e+01  3.76492805e+01\n",
      "   1.72729974e+02  5.25896585e+01 -1.91609339e+01 -1.47129098e+01\n",
      "  -7.35769495e+00  9.07276366e+00 -1.24747672e+01 -2.21598010e+01\n",
      "  -4.83385671e+00 -1.78844077e+01 -1.18365019e+01 -1.15859862e+00\n",
      "  -5.81447667e+00  1.26910834e+01  8.21130811e+00 -3.84309812e+00\n",
      "  -1.95708871e+02 -4.01949185e+01  1.08576184e+02 -3.72456731e+01\n",
      "   5.25896585e+01  1.30074020e+02  1.58222833e+01  7.04499181e+00\n",
      "   1.10325088e+01  8.88117792e+00  1.36701796e+01 -5.20273263e+00\n",
      "   4.51884402e+00  1.94859877e+00 -5.28525846e+00  4.92035902e+00\n",
      "  -1.38261837e+00  5.47040303e-01  5.20551157e+00  2.32727212e+00\n",
      "   2.72032482e+01 -2.03908082e+01 -1.90792604e+01  5.97333536e+01\n",
      "  -1.91609339e+01  1.58222833e+01  1.12323048e+02  1.34447669e+01\n",
      "  -2.74751587e+00  2.16152010e+01  7.61109809e+00  1.12663608e+00\n",
      "  -1.17766627e+01  2.55801878e+00  4.53878218e+00  3.51335752e+00\n",
      "   9.90066781e+00 -1.01030133e+01 -2.03387615e+00  1.50131674e+01\n",
      "  -8.05293468e+01  2.01801574e+01  6.92452317e+01 -5.98551633e+01\n",
      "  -1.47129098e+01  7.04499181e+00  1.34447669e+01  1.01082061e+02\n",
      "   3.24877044e+01 -2.00678117e+01  2.44556998e+00  6.17248460e+00\n",
      "   2.46940718e+01  1.03032559e+01 -2.81171442e+00 -2.69335073e+00\n",
      "  -1.25887468e+01 -1.78868343e+00 -4.57324281e+00 -8.77303405e+00\n",
      "  -6.97804363e+00 -1.43785609e+01  2.14393553e+01  1.80561967e+01\n",
      "  -7.35769495e+00  1.10325088e+01 -2.74751587e+00  3.24877044e+01\n",
      "   8.48602876e+01  3.17209046e+01 -5.24649308e+00  2.78715437e+00\n",
      "  -3.97281493e+00  2.84338729e+00  5.50337997e+00 -1.91740622e+00\n",
      "  -2.72610586e+00 -3.04579754e+00 -1.13364016e-01 -5.22812787e+00\n",
      "  -5.71897942e+01 -3.87273598e+01  1.96517296e+01  4.21038735e+01\n",
      "   9.07276366e+00  8.88117792e+00  2.16152010e+01 -2.00678117e+01\n",
      "   3.17209046e+01  8.79790659e+01  3.98033105e+01 -1.19569994e+01\n",
      "  -2.36521418e+01 -6.06779130e+00  5.75633006e+00  7.49177188e+00\n",
      "   2.77045671e+00 -8.19657686e+00 -1.21898950e-01  1.02352894e+01\n",
      "  -9.42790877e+01 -3.10316319e+01  4.54918667e+01 -1.51627165e+01\n",
      "  -1.24747672e+01  1.36701796e+01  7.61109809e+00  2.44556998e+00\n",
      "  -5.24649308e+00  3.98033105e+01  7.57413911e+01  2.98888967e+01\n",
      "   1.32517268e+00  2.81838773e+00  4.12504018e+00  8.69969968e+00\n",
      "  -1.16347462e-01 -1.12443839e+01 -6.02401624e+00  4.80052261e+00\n",
      "   3.23060043e+01 -2.43353963e+00 -1.17473948e+01 -7.06338800e-01\n",
      "  -2.21598010e+01 -5.20273263e+00  1.12663608e+00  6.17248460e+00\n",
      "   2.78715437e+00 -1.19569994e+01  2.98888967e+01  7.19451922e+01\n",
      "   3.87821907e+01  6.65838660e+00 -1.02498402e+00 -2.37704116e+00\n",
      "   3.08258620e+00 -1.15520848e+00 -4.81411441e+00 -3.18772605e+00\n",
      "  -1.65155903e+01  1.87637457e+01  2.09956002e+01 -3.85250437e+01\n",
      "  -4.83385671e+00  4.51884402e+00 -1.17766627e+01  2.46940718e+01\n",
      "  -3.97281493e+00 -2.36521418e+01  1.32517268e+00  3.87821907e+01\n",
      "   7.19174516e+01  3.25773007e+01 -5.99342162e+00 -7.79958438e+00\n",
      "  -6.84583281e+00  2.79745025e+00 -1.65658451e+00 -5.57434240e+00\n",
      "   2.58925471e+01  1.29979297e+00 -5.36284974e+00 -8.23484444e+00\n",
      "  -1.78844077e+01  1.94859877e+00  2.55801878e+00  1.03032559e+01\n",
      "   2.84338729e+00 -6.06779130e+00  2.81838773e+00  6.65838660e+00\n",
      "   3.25773007e+01  5.94779811e+01  3.16478964e+01 -1.69169154e+00\n",
      "  -1.08645113e+01 -1.03601340e+01 -4.99316228e+00 -5.06905894e+00\n",
      "   4.12094853e+01  1.27880698e-01 -2.11473108e+01  8.28498555e+00\n",
      "  -1.18365019e+01 -5.28525846e+00  4.53878218e+00 -2.81171442e+00\n",
      "   5.50337997e+00  5.75633006e+00  4.12504018e+00 -1.02498402e+00\n",
      "  -5.99342162e+00  3.16478964e+01  6.23077992e+01  2.97788621e+01\n",
      "  -3.65273703e+00 -1.27700894e+01 -9.52450040e+00 -8.92627498e+00\n",
      "  -3.35585558e+01 -5.06313026e+00  2.09762235e+01 -2.97708698e+00\n",
      "  -1.15859862e+00  4.92035902e+00  3.51335752e+00 -2.69335073e+00\n",
      "  -1.91740622e+00  7.49177188e+00  8.69969968e+00 -2.37704116e+00\n",
      "  -7.79958438e+00 -1.69169154e+00  2.97788621e+01  5.74043646e+01\n",
      "   2.91197333e+01 -3.60648266e+00 -8.03114939e+00 -4.92906704e+00\n",
      "   6.64648968e+00 -6.94444887e+00 -2.58399561e+00  1.63907060e+01\n",
      "  -5.81447667e+00 -1.38261837e+00  9.90066781e+00 -1.25887468e+01\n",
      "  -2.72610586e+00  2.77045671e+00 -1.16347462e-01  3.08258620e+00\n",
      "  -6.84583281e+00 -1.08645113e+01 -3.65273703e+00  2.91197333e+01\n",
      "   5.45358499e+01  2.27499876e+01  1.41114657e-01  2.02215008e+00\n",
      "  -7.69890302e-01  9.35733856e+00 -2.92785955e+00 -9.75137742e+00\n",
      "   1.26910834e+01  5.47040303e-01 -1.01030133e+01 -1.78868343e+00\n",
      "  -3.04579754e+00 -8.19657686e+00 -1.12443839e+01 -1.15520848e+00\n",
      "   2.79745025e+00 -1.03601340e+01 -1.27700894e+01 -3.60648266e+00\n",
      "   2.27499876e+01  4.74553393e+01  2.56521135e+01  4.95806513e+00\n",
      "  -5.60953215e-01 -9.56830747e+00 -7.02711612e+00  6.28794708e+00\n",
      "   8.21130811e+00  5.20551157e+00 -2.03387615e+00 -4.57324281e+00\n",
      "  -1.13364016e-01 -1.21898950e-01 -6.02401624e+00 -4.81411441e+00\n",
      "  -1.65658451e+00 -4.99316228e+00 -9.52450040e+00 -8.03114939e+00\n",
      "   1.41114657e-01  2.56521135e+01  4.58194851e+01  2.73646591e+01\n",
      "  -1.30578704e+01 -1.70396475e+01 -1.73200632e+00  1.43803118e+01\n",
      "  -3.84309812e+00  2.32727212e+00  1.50131674e+01 -8.77303405e+00\n",
      "  -5.22812787e+00  1.02352894e+01  4.80052261e+00 -3.18772605e+00\n",
      "  -5.57434240e+00 -5.06905894e+00 -8.92627498e+00 -4.92906704e+00\n",
      "   2.02215008e+00  4.95806513e+00  2.73646591e+01  4.52767619e+01]]\n",
      "Reshaped array: [[ 4.65204557e+03 -2.11631324e+02 -6.73880683e+02  8.29748556e+02\n",
      "  -6.37692534e+02  4.27417813e+02 -2.31381560e+02  3.68034998e+02\n",
      "  -3.93485435e+02  4.60873820e+02 -2.49010001e+02  8.40468068e+01\n",
      "   9.15989135e+01  3.77700508e+01  5.13725181e+01 -1.14531632e+02\n",
      "   2.01828393e+02 -2.63113064e+02  1.92324895e+02 -9.88518445e+01\n",
      "  -2.11631324e+02  7.00703536e+02  5.24736252e+01 -2.68324034e+02\n",
      "   1.56103046e+02 -7.96253297e+01  5.81154970e+01 -6.90970657e+01\n",
      "   1.12438695e+02 -1.43401689e+02  8.21894963e+01 -2.60287873e+01\n",
      "  -4.06637491e+01 -2.90328858e+01 -6.40344142e+00  1.82347239e+01\n",
      "  -6.48636709e+01  6.38629269e+01 -7.78715145e+01  6.47886115e+00\n",
      "  -6.73880683e+02  5.24736252e+01  3.24412406e+02 -1.77047136e+01\n",
      "   9.06101418e+01 -3.71186764e+01  9.20518134e+01 -3.17397249e+01\n",
      "   8.30929351e-01  2.24234746e+01  1.05463368e+01 -1.04364530e+01\n",
