,0,1,2,3,4,5,6,7,8,9,10,11,12,13,14,15,16,17,18,19
0,5552.1408590354,247.81567749250226,-1196.15852959217,667.6662571605646,-709.4520252812416,380.53616839018235,-304.10672032798055,227.4560829399369,-260.10816877681486,103.06144834612697,-166.2993311842539,-149.7283009667724,-149.12717310556272,-90.05784028703575,20.804552826430136,53.67753214005356,150.73238748485713,134.16322553174263,174.3669545710074,80.74034348972089
1,247.81567749250226,808.8959817729134,-83.46266879175381,-138.4897176139569,181.94378173746026,-128.9326198933238,135.97043169111382,10.45374819630276,7.645719395421101,-51.280242737480116,106.14374372325342,-36.55762730827019,-41.12965453344655,-3.4193471866057616,-22.82799839130312,-37.87300210524165,-18.11180944859913,-42.79720470514322,-1.7407861494456496,58.121605785716945
2,-1196.15852959217,-83.46266879175381,629.0283415377498,-67.33230645932684,72.57613678106476,20.680525820590194,15.731782242949633,-18.685083618084512,70.80079697588346,7.002808081600264,21.941606943190187,116.17673454780451,50.42533805979328,5.39809116309166,-25.015681049306444,-99.0559152270614,-124.1204806096189,-77.87372687240637,-72.08806486796978,-32.495620658675556
3,667.6662571605646,-138.4897176139569,-67.33230645932684,372.8694600270202,-34.49833768277517,51.37603312333703,-79.44440563096168,10.052951410018448,-8.776383593537373,8.978029951144698,-54.95278946215415,3.178451619520129,26.76369600795525,-16.719739566475646,-19.417730747138158,10.85903245127379,16.523179401299164,25.56355795906398,16.361475958729393,-30.844342052873703
4,-709.4520252812416,181.94378173746026,72.57613678106476,-34.49833768277517,364.62972081118556,-83.09318879954373,42.591664108290786,-37.72890777347844,60.15284330119043,-20.772440541798716,39.25187861451182,-6.273672071670096,24.99121823428361,29.60506841723642,9.037253226662797,36.54733609113901,10.469609198995038,-14.618715334171796,-40.62026466868418,-10.229793295571199
5,380.53616839018235,-128.9326198933238,20.680525820590194,51.37603312333703,-83.09318879954373,242.11396843382562,-33.340086286268665,-9.40296332687753,14.566356351286718,38.41156682474742,-34.775321923757026,28.74683973937712,10.660486009370723,-9.012120023273553,26.840327009285872,-3.4569453385924556,-35.629771251622834,-10.690956694751415,-29.72908648938372,-23.195830978169166
6,-304.10672032798055,135.97043169111382,15.731782242949633,-79.44440563096168,42.591664108290786,-33.340086286268665,187.58446313746347,34.43854651161841,-16.533382817363012,-36.01295680936655,56.96855960345664,7.012008206857412,-4.7900725280406995,17.9868881301424,0.4114484792325311,5.9833877694583535,20.478537391632603,4.600502655873493,8.229778485640944,5.324596164799564
7,227.4560829399369,10.45374819630276,-18.685083618084512,10.052951410018448,-37.72890777347844,-9.40296332687753,34.43854651161841,151.0962174914171,-23.0218506309877,-1.0670519933975664,30.302564167562046,0.6386530876456348,-16.939016260685257,12.328519000991799,12.590761032831473,1.4296638919323246,49.534598048337415,16.644536285079873,21.743276660208462,21.727775672557005
8,-260.10816877681486,7.645719395421101,70.80079697588346,-8.776383593537373,60.15284330119043,14.566356351286718,-16.533382817363012,-23.0218506309877,146.881449072588,32.50195717377767,-8.475189238685441,20.533551964949876,18.15291078786467,6.986456372719015,8.380752421566463,-8.734678574758561,-39.820605320236595,-15.600365160576867,-24.218240555032267,2.0799972767530432
9,103.06144834612697,-51.280242737480116,7.002808081600264,8.978029951144698,-20.772440541798716,38.41156682474742,-36.01295680936655,-1.0670519933975664,32.50195717377767,104.01993052051645,16.91430159792475,-4.2995061011838915,-11.987509701463871,-2.9732392540918586,26.624134905239295,11.672610803740723,3.8010658265250514,23.12968834259722,20.755877610886515,-1.5321449410652526
10,-166.2993311842539,106.14374372325342,21.941606943190187,-54.95278946215415,39.25187861451182,-34.775321923757026,56.96855960345664,30.302564167562046,-8.475189238685441,16.91430159792475,140.49102401580816,23.54180692745827,-41.44994883670247,0.7183393018604048,4.73408012135594,-1.6636986773595348,34.00463088663532,17.759941769281188,41.61175401187974,36.36468567596371
11,-149.7283009667724,-36.55762730827019,116.17673454780451,3.178451619520129,-6.273672071670096,28.74683973937712,7.012008206857412,0.6386530876456348,20.533551964949876,-4.2995061011838915,23.54180692745827,105.32520030895935,33.215331899075586,-7.946987970010894,-20.17751158605457,-36.450867768408095,-34.69578989664605,-20.66115305596062,-17.53704410806019,4.312884345449422
12,-149.12717310556272,-41.12965453344655,50.42533805979328,26.76369600795525,24.99121823428361,10.660486009370723,-4.7900725280406995,-16.939016260685257,18.15291078786467,-11.987509701463871,-41.44994883670247,33.215331899075586,123.28133496355115,25.034697334440033,-12.086005126387077,7.50767667724165,-32.29955960174106,-33.24529408959678,-57.515107630189455,-53.88890737192061
13,-90.05784028703575,-3.4193471866057616,5.39809116309166,-16.719739566475646,29.60506841723642,-9.012120023273553,17.9868881301424,12.328519000991799,6.986456372719015,-2.9732392540918586,0.7183393018604048,-7.946987970010894,25.034697334440033,94.38147959267111,60.50335075177928,37.88657431588598,27.2424894682904,-4.412829525522727,-28.00705748264018,-34.92822108775078
14,20.804552826430136,-22.82799839130312,-25.015681049306444,-19.417730747138158,9.037253226662797,26.840327009285872,0.4114484792325311,12.590761032831473,8.380752421566463,26.624134905239295,4.73408012135594,-20.17751158605457,-12.086005126387077,60.50335075177928,135.15926027472088,85.14553771676819,46.33481183651265,15.741603268274078,-25.403428310907202,-37.724200421876674
15,53.67753214005356,-37.87300210524165,-99.0559152270614,10.85903245127379,36.54733609113901,-3.4569453385924556,5.9833877694583535,1.4296638919323246,-8.734678574758561,11.672610803740723,-1.6636986773595348,-36.450867768408095,7.50767667724165,37.88657431588598,85.14553771676819,169.23617631132285,108.07690209865794,41.34239548299514,-10.111938305172492,-58.89519086614227
16,150.73238748485713,-18.11180944859913,-124.1204806096189,16.523179401299164,10.469609198995038,-35.629771251622834,20.478537391632603,49.534598048337415,-39.820605320236595,3.8010658265250514,34.00463088663532,-34.69578989664605,-32.29955960174106,27.2424894682904,46.33481183651265,108.07690209865794,184.4472180875671,103.10619945211515,50.745362263630625,-19.005617331862595
17,134.16322553174263,-42.79720470514322,-77.87372687240637,25.56355795906398,-14.618715334171796,-10.690956694751415,4.600502655873493,16.644536285079873,-15.600365160576867,23.12968834259722,17.759941769281188,-20.66115305596062,-33.24529408959678,-4.412829525522727,15.741603268274078,41.34239548299514,103.10619945211515,166.5811499555713,119.81507234729021,19.821636206649906
18,174.3669545710074,-1.7407861494456496,-72.08806486796978,16.361475958729393,-40.62026466868418,-29.72908648938372,8.229778485640944,21.743276660208462,-24.218240555032267,20.755877610886515,41.61175401187974,-17.53704410806019,-57.515107630189455,-28.00705748264018,-25.403428310907202,-10.111938305172492,50.745362263630625,119.81507234729021,206.8699606631333,132.74235078527283
19,80.74034348972089,58.121605785716945,-32.495620658675556,-30.844342052873703,-10.229793295571199,-23.195830978169166,5.324596164799564,21.727775672557005,2.0799972767530432,-1.5321449410652526,36.36468567596371,4.312884345449422,-53.88890737192061,-34.92822108775078,-37.724200421876674,-58.89519086614227,-19.005617331862595,19.821636206649906,132.74235078527283,214.86192940318463
