0,1,2,3,4,5,6,7,8,9,10,11,12,13,14,15,16,17,18,19
-597.3142,0.0,0.0,0.0,0.0,0.0,0.0,0.0,0.0,0.0,0.0,0.0,0.0,0.0,0.0,0.0,0.0,0.0,0.0,0.0
-597.3142,0.0,0.0,0.0,0.0,0.0,0.0,0.0,0.0,0.0,0.0,0.0,0.0,0.0,0.0,0.0,0.0,0.0,0.0,0.0
-597.3142,0.0,0.0,0.0,0.0,0.0,0.0,0.0,0.0,0.0,0.0,0.0,0.0,0.0,0.0,0.0,0.0,0.0,0.0,0.0
-597.3142,0.0,0.0,0.0,0.0,0.0,0.0,0.0,0.0,0.0,0.0,0.0,0.0,0.0,0.0,0.0,0.0,0.0,0.0,0.0
-597.3142,0.0,0.0,0.0,0.0,0.0,0.0,0.0,0.0,0.0,0.0,0.0,0.0,0.0,0.0,0.0,0.0,0.0,0.0,0.0
-597.3142,0.0,0.0,0.0,0.0,0.0,0.0,0.0,0.0,0.0,0.0,0.0,0.0,0.0,0.0,0.0,0.0,0.0,0.0,0.0
-597.3142,0.0,0.0,0.0,0.0,0.0,0.0,0.0,0.0,0.0,0.0,0.0,0.0,0.0,0.0,0.0,0.0,0.0,0.0,0.0
-597.3142,0.0,0.0,0.0,0.0,0.0,0.0,0.0,0.0,0.0,0.0,0.0,0.0,0.0,0.0,0.0,0.0,0.0,0.0,0.0
-597.3142,0.0,0.0,0.0,0.0,0.0,0.0,0.0,0.0,0.0,0.0,0.0,0.0,0.0,0.0,0.0,0.0,0.0,0.0,0.0
-597.3142,0.0,0.0,0.0,0.0,0.0,0.0,0.0,0.0,0.0,0.0,0.0,0.0,0.0,0.0,0.0,0.0,0.0,0.0,0.0
-597.3142,0.0,0.0,0.0,0.0,0.0,0.0,0.0,0.0,0.0,0.0,0.0,0.0,0.0,0.0,0.0,0.0,0.0,0.0,0.0
-597.3142,0.0,0.0,0.0,0.0,0.0,0.0,0.0,0.0,0.0,0.0,0.0,0.0,0.0,0.0,0.0,0.0,0.0,0.0,0.0
-597.3142,0.0,0.0,0.0,0.0,0.0,0.0,0.0,0.0,0.0,0.0,0.0,0.0,0.0,0.0,0.0,0.0,0.0,0.0,0.0
-597.3142,0.0,0.0,0.0,0.0,0.0,0.0,0.0,0.0,0.0,0.0,0.0,0.0,0.0,0.0,0.0,0.0,0.0,0.0,0.0
-597.3142,0.0,0.0,0.0,0.0,0.0,0.0,0.0,0.0,0.0,0.0,0.0,0.0,0.0,0.0,0.0,0.0,0.0,0.0,0.0
-597.3142,0.0,0.0,0.0,0.0,0.0,0.0,0.0,0.0,0.0,0.0,0.0,0.0,0.0,0.0,0.0,0.0,0.0,0.0,0.0
-597.3142,0.0,0.0,0.0,0.0,0.0,0.0,0.0,0.0,0.0,0.0,0.0,0.0,0.0,0.0,0.0,0.0,0.0,0.0,0.0
-597.3142,0.0,0.0,0.0,0.0,0.0,0.0,0.0,0.0,0.0,0.0,0.0,0.0,0.0,0.0,0.0,0.0,0.0,0.0,0.0
-597.3142,0.0,0.0,0.0,0.0,0.0,0.0,0.0,0.0,0.0,0.0,0.0,0.0,0.0,0.0,0.0,0.0,0.0,0.0,0.0
-597.3142,0.0,0.0,0.0,0.0,0.0,0.0,0.0,0.0,0.0,0.0,0.0,0.0,0.0,0.0,0.0,0.0,0.0,0.0,0.0
-597.3142,0.0,0.0,0.0,0.0,0.0,0.0,0.0,0.0,0.0,0.0,0.0,0.0,0.0,0.0,0.0,0.0,0.0,0.0,0.0
-597.3142,0.0,0.0,0.0,0.0,0.0,0.0,0.0,0.0,0.0,0.0,0.0,0.0,0.0,0.0,0.0,0.0,0.0,0.0,0.0
-597.3142,0.0,0.0,0.0,0.0,0.0,0.0,0.0,0.0,0.0,0.0,0.0,0.0,0.0,0.0,0.0,0.0,0.0,0.0,0.0
-597.3142,0.0,0.0,0.0,0.0,0.0,0.0,0.0,0.0,0.0,0.0,0.0,0.0,0.0,0.0,0.0,0.0,0.0,0.0,0.0
-597.2152,0.13993382,0.13976195,0.13947451,0.13907559,0.13855821,0.13793051,0.13718951,0.1363379,0.13537532,0.13430437,0.1331247,0.13184124,0.13044898,0.1289563,0.1273616,0.1256682,0.12387801,0.121993475,0.12001565
-539.8163,26.194366,29.852804,32.57625,19.174852,27.718296,16.004929,12.915041,5.046545,10.429909,6.735192,5.8543854,-1.8013527,1.7705426,3.516318,-0.19952323,-6.4598722,1.4411253,-4.0683217,1.4238948
-502.08923,55.281868,35.19651,33.32907,11.001621,16.502666,8.155286,11.881309,-4.9057846,12.038118,3.0803466,3.612051,-0.8394114,-2.3646455,6.1805573,-0.37886062,0.06500393,2.718656,4.9918604,-0.07627484
-500.54916,60.235634,49.741066,41.510178,17.101076,23.324478,3.337676,8.739083,-8.866983,1.8749306,-6.2805243,-1.8095756,-0.13606998,-3.7750368,-1.6463473,-2.5280056,-3.7949345,1.7887617,6.493533,-4.0663176
-540.7886,21.899302,25.622719,32.835835,20.260122,24.87474,10.630323,18.398466,2.3727489,12.442066,-0.7325486,-1.0212443,3.4670868,-3.1076365,3.0350318,2.9549143,0.12650305,2.396637,1.1102719,-0.9776511
-535.88257,26.722134,29.475046,40.164837,23.554207,25.57375,14.172794,15.995984,6.1671133,21.706953,10.15546,9.424255,8.150171,4.199338,5.832961,3.986291,-2.1712327,-1.2176677,0.29589474,2.8824358
-533.40985,39.97336,29.53289,44.397766,31.064123,20.753618,21.891783,17.83318,10.597084,16.737103,2.4338343,8.759576,1.5485722,3.8613906,3.447402,-0.4324262,2.6493862,4.522174,6.303011,2.744373
-428.57782,103.05099,0.8268455,15.7537,24.489033,13.32074,7.7606583,24.246502,21.645592,27.086823,11.2951355,8.601194,-1.2231662,2.8130338,14.616952,10.768648,-6.426934,-18.524496,-14.660259,3.2622523
-337.38733,143.90205,-11.915802,24.025702,24.572441,9.107817,7.605761,38.10272,12.920042,20.995739,25.147398,5.53965,-0.8184465,6.4110622,16.468935,10.549198,-1.6856914,1.8118358,-9.031185,-0.887461
-284.75955,155.78452,-19.675808,55.23945,16.533974,-5.0932035,5.718072,22.420004,5.8541784,7.758191,7.996752,-0.7937504,-0.6264417,7.18502,1.4220135,4.336144,10.260029,4.515365,-7.234552,0.638047
-270.4023,157.68478,-35.313187,49.05254,15.979003,-3.118555,6.794257,24.026733,5.4605947,11.377126,11.603266,11.380146,5.189189,-9.954855,2.5038133,2.6152384,-0.37411922,11.255349,-3.1075618,-3.0152724
-236.32066,177.67651,-32.19599,52.955276,13.290899,-3.0378258,-10.50021,5.2014236,-0.49673122,1.0029464,12.065794,12.497882,2.6749864,-0.9025552,-1.0658085,-10.054831,-10.959627,-0.31931818,1.435036,1.1816362
-263.19107,169.14151,-13.18191,54.401093,17.769497,0.7691144,-7.7766166,4.7040806,2.5519462,-0.14469266,3.5049827,11.120808,2.6924691,6.761607,-8.000402,-14.182242,-15.697817,-7.551929,-0.73536134,6.432202
-284.97638,174.3558,-2.945051,56.22747,18.984747,-9.06228,-4.01514,8.486821,-1.6784503,3.430262,7.858405,8.657331,0.8954488,3.5391912,-6.0890055,-11.124915,-13.126614,-11.83433,3.3149877,0.8902024
-298.54626,176.51892,1.9646008,51.489815,31.016731,-8.384235,-12.134876,10.1026125,3.4859028,2.642496,2.035344,13.597788,4.3785954,0.51928425,-6.339555,-14.958025,-15.68039,-9.813296,3.6645257,9.139572
-309.8065,175.60031,7.0481596,47.279556,34.047066,2.8903072,-11.862496,-4.4542227,2.409462,12.214035,1.8209091,8.196873,6.795845,7.546337,-11.787839,-19.334057,-10.780165,-5.8903527,3.3945959,10.787125
-314.07547,174.02673,6.7184854,38.69648,33.55519,9.730079,-6.066005,0.43083882,-3.890459,7.73471,2.6518643,8.295746,5.5031633,11.955313,-4.409768,-21.952036,-17.343248,-3.7211363,7.5618362,8.395911
-324.03006,170.38715,8.5884905,37.149582,33.83518,12.6843405,0.59774745,6.7519817,-2.9962466,2.6275835,0.7270992,6.7549033,5.032428,12.9257145,-3.0869865,-17.535038,-14.972477,-7.386746,4.338025,8.615033
-332.09363,167.73195,11.373884,32.68495,31.478992,16.656748,3.8874283,9.949593,1.5073525,2.5272176,-4.508812,11.472006,12.030397,7.3000307,-13.024305,-15.434426,-7.773977,-7.7615476,0.11141896,10.790911
-336.595,167.3564,14.190676,37.30974,30.211987,6.3440256,-2.388406,11.106384,8.996382,6.866353,-0.44149977,9.554152,7.485428,8.769264,-14.9823265,-23.36716,-7.5521455,6.5042276,6.5318246,6.044305
-345.41168,168.87064,24.601463,33.50133,23.479202,5.61821,-4.9242387,7.979686,11.992596,20.839016,2.367742,1.0054519,2.058249,8.377789,-8.023701,-20.033428,-11.602916,1.9676585,7.9398394,7.9109306
-347.86484,167.97577,26.49997,35.783634,24.678003,0.9164586,-13.955317,9.972191,20.385153,19.447952,-3.1020272,2.4216347,6.640588,8.52282,-5.0070724,-17.58471,-10.170578,-4.7847633,3.265677,15.896362
-352.28122,164.00943,23.950647,30.309715,22.091064,4.8900976,-8.998655,10.008358,13.816825,19.485382,4.2498007,7.902445,7.8825626,11.360151,-5.550209,-20.68219,-14.250488,-6.804552,5.6826506,15.817184
-365.76443,164.9646,32.041206,30.08457,17.29445,4.9888983,-6.930372,-0.03342533,11.00967,20.096416,10.846097,13.662735,12.614653,13.133151,-8.350197,-13.84864,-9.841126,-6.529323,2.330362,12.121914
-365.96252,158.74373,29.342293,28.543383,23.517784,7.797847,-13.718882,-0.12549138,11.23052,19.620693,13.745924,22.10159,16.891834,16.627506,-11.623344,-21.09591,-8.707141,-0.23227847,4.6569023,9.08975
-366.30307,157.82085,26.745922,28.40715,21.17112,4.887284,-12.110367,0.34544802,10.08138,16.725454,6.094398,22.718473,23.709408,19.114548,-8.691822,-20.658344,-11.087679,-1.776084,9.152757,7.5679297
-371.19083,154.93033,30.688265,27.570704,22.329536,11.228653,-9.728891,-2.7408981,5.4718394,19.258034,10.361116,19.232086,20.476387,20.882084,-1.2285731,-15.23489,-12.71032,-9.510357,-0.358349,12.373135
-383.43765,150.50308,36.808914,32.270767,20.50532,11.193871,-4.5122137,-2.4500384,1.4822103,19.465584,13.612189,21.629042,16.466585,14.147985,3.280979,-8.111502,-13.637995,-18.217995,-4.835766,8.729879
-381.38043,156.74042,39.784695,27.099697,21.431585,9.025697,-15.5923395,-1.8912808,7.656769,15.13704,7.29961,17.713497,17.089994,12.653739,0.0545761,-4.636007,-9.737723,-7.813342,2.0076315,10.928188
-380.33536,160.3468,42.374832,28.992174,18.531147,5.575369,-16.62503,2.1968462,13.628159,15.639013,1.8215718,8.073281,10.100542,14.72837,4.7999134,-5.0836816,-6.04084,-5.9212074,4.9541545,14.428946
-380.94366,159.91382,46.88562,27.555508,11.654778,5.375021,-10.455951,6.4263873,12.995619,14.977605,1.5423081,4.9445333,9.004644,16.08172,-3.744802,-9.727179,1.8487868,4.2132607,8.153137,5.598098
-389.20508,155.00876,48.22023,26.060528,10.256718,10.427749,-0.9089515,4.2230124,10.722241,16.906322,3.5848312,10.234116,6.6949544,10.213483,-4.818782,-5.1410956,2.2149603,-1.2410927,3.969362,7.710698
-401.0277,142.23627,44.327576,31.044033,21.290817,20.827316,2.1320114,4.748109,4.833,13.808909,6.316349,13.979847,11.105725,7.8692007,-6.666374,-3.6010737,7.185443,3.770571,0.17874753,-1.9250474
-411.597,136.0628,44.703377,31.873367,25.32676,22.325401,-2.417662,2.917237,7.800844,14.842495,10.681731,19.889814,17.131,13.331325,-3.0544207,-5.2009764,4.6241784,3.5097594,-1.5140855,-1.8560221
-416.01657,134.33691,45.081036,29.327335,17.134476,19.023457,0.5020355,7.5846705,17.314634,24.747482,14.176519,19.625484,12.335007,10.346331,0.68819195,-11.458351,-7.231187,-1.9514132,0.49005884,3.199144
-419.06744,134.66214,56.766373,33.053627,8.924717,11.936647,0.73007596,8.813315,19.011854,27.526741,14.419343,10.362049,6.9874554,15.585417,-2.933751,-8.195167,-2.5447311,-3.0108476,2.433589,6.525083
-411.8234,139.26282,51.419556,32.95147,13.756397,10.674349,-5.4601927,9.992549,20.896315,27.881271,12.865953,11.809883,7.6068783,4.1238713,-5.625973,-10.454142,-1.184304,4.1949835,6.2318687,10.596399
-413.2325,137.9442,49.823853,30.16132,14.665173,9.914261,-2.8246722,7.108392,17.868845,31.906614,13.483152,14.965621,8.970116,3.4200897,-10.54797,-9.772414,5.5671935,6.415929,4.24113,7.543003
-413.96344,143.64536,49.481297,23.903809,11.538994,12.929445,1.7032025,5.816659,9.877705,27.588636,20.524899,17.027643,8.548861,6.3381624,-6.926719,-10.80352,0.7922304,8.154596,12.473648,6.7849283
-404.75198,137.42564,36.183517,19.92086,17.180254,16.7028,-4.0306096,0.29739857,10.6444435,29.142109,21.465523,20.751366,9.478132,9.168535,-3.0903232,-3.3143907,5.0849113,6.2506266,10.08579,10.46855
-423.18253,130.58463,41.26668,16.12027,6.074912,5.542633,-9.993757,-1.4410119,12.117119,30.419975,18.013557,20.488598,14.038151,12.218386,0.08347988,-2.97509,8.497642,11.219734,6.9657383,2.4638066
-434.69275,119.16239,41.363148,15.464554,-4.1616507,-0.30729792,-10.921871,1.6881142,11.689182,23.3205,15.499917,20.717741,16.218975,19.333754,1.3944222,-8.157366,2.2611825,4.343598,5.306827,-0.08210087
-433.36884,116.439896,40.11544,16.010319,-7.759426,-7.900297,-16.916132,-1.702522,5.4907217,19.494797,8.75021,14.972977,9.991528,12.690107,4.254791,-5.010701,-1.474698,1.5570816,8.211542,8.164539
-436.04538,113.65253,34.936146,7.92778,-8.863683,-5.1870146,-19.747519,-8.89793,3.145904,13.616278,1.7323599,12.414959,11.532717,9.957341,-7.604376,-5.681802,4.3312097,8.20292,6.54226,1.9850798
-435.46146,112.08968,33.291374,9.959327,-6.5438676,-2.630722,-18.761957,-12.244301,-3.79773,15.913541,8.338588,11.940622,9.042707,6.1870584,-8.97761,-5.592902,11.8315525,15.241406,16.304821,6.9339547
-448.2028,103.874306,37.449287,13.843748,-10.07436,-10.698832,-20.64667,-8.0952,-0.9368006,12.831408,3.6956558,7.808487,-0.8558507,-1.1749746,-7.9824314,-0.13154393,9.823811,10.7302685,19.25021,7.373705
-456.8583,96.63147,32.174828,10.949713,-16.033464,-17.780571,-23.943487,-10.017784,-1.1812919,7.147613,-4.5692644,3.2330852,-0.33198747,0.13339722,-8.42889,-0.1209051,9.155577,6.509964,11.988962,10.568544
-449.35556,105.33482,32.493164,13.9206705,-4.9414444,-7.548007,-17.945236,-5.32918,4.838744,8.493183,-1.0111605,8.38428,1.4210869,1.7519453,-5.2549987,0.7622675,7.128213,4.159521,9.8132515,8.890789
-438.3076,100.02042,26.098255,11.869695,-0.51612526,6.1892943,-7.9707174,4.5017033,5.0406613,11.214639,-0.052866414,7.0681605,-0.27161402,-1.1408409,-9.357107,-5.8444476,6.105386,9.661682,6.4343247,3.0111108
-457.7897,100.71348,37.796104,18.905407,-2.6362426,-0.22596605,-6.3604307,3.3954926,8.266699,11.983341,3.5182154,6.0035524,-4.5686884,-1.9671991,-9.4121685,-7.094284,7.851754,14.012542,12.9231825,7.7624855
-316.7382,156.89146,-28.787556,16.58937,21.938725,8.233969,12.899166,31.882563,10.900248,12.295134,-4.5533514,-6.7019567,2.3468568,-6.495137,-8.190516,-4.5393295,8.076773,19.427883,4.985209,-7.505716
-283.4015,163.35907,-31.692066,29.753231,8.42905,5.3490887,11.632387,27.0778,18.744583,5.05632,0.7808391,14.44932,7.6285214,-14.375298,-3.4583127,3.7604632,-1.1806159,6.769578,8.093251,3.3500361
-242.69722,180.64944,-30.029793,35.452156,1.8731968,-2.0052667,5.268086,3.9274645,-9.567647,11.296782,-0.07391214,8.929515,3.8386579,-14.394676,3.9835372,8.169262,-5.50562,-1.6504664,-0.5835346,-9.824682
-253.12813,180.82092,-20.962425,39.071915,0.938408,-2.0292134,6.382302,4.173584,-9.089265,2.950388,1.4478561,3.5982804,-4.0044513,-10.566661,-5.926817,10.68443,5.4701586,-1.7726492,1.241548,-8.242495
-251.6878,167.15048,-23.644844,48.479454,7.517912,-10.389382,3.7976608,16.621883,-11.833414,-4.688244,-1.5250019,5.361766,-1.9237618,-3.6237605,-9.409746,-1.2094966,8.109566,5.607236,3.716657,-6.1818657
-277.75644,171.04091,-13.477669,44.461098,15.5665245,-10.048016,-1.0639365,12.643012,-5.3537197,-9.679529,-7.839782,6.74303,-4.354001,-8.168396,-11.63353,0.8503494,8.012787,9.277251,3.9683957,-5.6195703
-297.57224,169.746,-11.309698,32.34407,27.761843,4.802466,-10.071756,3.6416464,-1.0431061,-2.5669265,-9.633178,-0.0706203,-8.372462,-10.337207,-7.9665823,3.7822127,11.901054,13.121474,5.646127,-4.667001
-309.2469,170.65082,-9.11495,27.020195,32.829346,12.788746,-9.5688,-4.1048717,-5.7246885,-0.83591926,-2.8396673,2.6822605,-10.574144,-9.153723,-7.705389,0.4437246,13.5925045,16.063475,3.849248,-3.9291196
-318.4769,170.3432,-1.6938581,23.72525,27.868702,15.626999,-4.853833,1.5866251,-7.4325533,-8.264387,0.056800365,6.6377215,-6.598381,-9.496738,-8.382978,5.0099025,10.91408,13.148259,6.359069,0.34522915
-325.42575,169.02353,0.48151374,21.043224,23.353281,11.59495,-4.1863728,3.9904144,-1.3733301,-1.9270403,-5.0898113,0.27227736,-10.12756,-13.4697075,-8.801559,10.943274,12.272041,10.846495,9.648438,1.3855109
-333.6928,169.6366,12.198183,22.659986,18.89328,7.679092,-4.428026,6.980769,6.0073853,3.8760934,-9.717365,-0.39935124,-8.174829,-10.256534,-10.629644,0.8938533,20.79668,24.440964,5.525016,-8.439823
-338.97717,171.31973,13.232321,19.593176,19.28718,8.632223,-4.1672974,6.835621,4.789004,7.478862,-5.8939695,-0.19076622,-9.877373,-17.832903,-8.278992,4.369087,16.538055,20.688416,4.810216,-11.8695545
-344.00424,163.1742,11.902736,16.558851,23.756607,16.219208,-2.6980867,6.0805483,6.8111334,10.118565,-4.988356,1.895768,-14.25354,-19.231453,-9.078128,7.7069054,11.973112,12.95719,3.6555085,-3.8166118
-360.73352,159.54187,20.470589,16.152117,17.087349,13.058454,-2.3672676,0.9730453,7.764136,12.732745,-0.83913285,9.026457,-6.67787,-10.026672,-3.3245096,9.75403,6.1919527,3.9434626,3.523859,-1.6874284
-363.0158,160.93802,16.026037,9.274522,15.419098,8.638424,-6.714096,7.7195597,9.581369,14.8636055,8.217514,12.041839,-2.0865455,-8.274379,-3.390689,13.45075,17.805138,10.219038,0.15760311,-10.662264
-359.27866,162.18788,20.983992,14.449428,12.750289,7.486221,-6.100235,2.5307958,5.0350995,12.273341,7.6550164,18.017668,3.8814662,-11.459337,-14.8707485,13.110765,27.809324,16.350277,6.122943,-8.33443
-376.2855,161.1315,32.07376,16.459204,11.11232,4.207534,-7.518218,-2.203817,-1.1677346,12.166651,11.442938,19.66335,-2.4258013,-15.527758,-13.76082,13.964653,30.141277,19.742382,11.336427,-9.730354
-369.19028,161.09338,32.49873,17.234856,12.081976,9.82537,-5.222743,0.48263794,-3.269828,7.67063,12.607198,17.42464,-6.201162,-15.046056,-10.433189,15.126802,28.92013,22.605907,14.073455,0.6497934
-368.85513,160.85806,30.223242,13.070524,12.306568,12.847704,-9.959203,-1.519009,0.3392279,10.897633,11.4408455,12.843609,-5.840857,-7.958737,-4.9264193,13.434492,28.439178,18.881464,10.47555,1.8194423
-375.6875,156.73502,29.497818,13.904243,13.027058,13.839531,-5.563685,-8.506601,-3.544762,15.644604,11.268748,15.51085,-3.0672123,-1.7058265,-1.3716482,9.494276,24.371252,18.16055,7.5490274,-3.212582
-382.77185,157.24976,35.310818,18.476173,15.601434,12.010293,-11.277622,-9.205591,-6.1099787,7.9959025,9.194023,14.035244,-4.7338552,-8.185769,-3.447574,12.375746,24.824219,13.296785,4.522063,-7.094114
-390.36594,155.68056,37.04023,21.288868,14.942013,11.783398,-3.8370357,-7.0129213,-7.687154,6.4248934,8.134729,10.575687,-3.0341368,-2.6458325,-2.8502998,15.468594,30.973522,14.190859,2.7448673,-12.026371
-385.34717,142.62955,40.222763,29.832438,9.898167,14.527006,7.2083254,-1.1673808,-5.235293,15.730551,7.8514156,7.550928,-3.9923997,3.5209944,-0.18969035,20.53721,36.671455,29.015034,7.9878182,-16.086811
-378.90643,141.71916,30.634487,25.237873,14.47239,16.372547,-0.36596102,-1.5693185,-0.10644913,20.570257,17.323841,11.802246,-8.381017,-3.8180254,-0.91633725,22.591034,35.80378,29.649254,12.849181,-12.270842
-379.17712,149.59972,39.629894,25.958511,8.8902,10.545235,2.4361556,2.1149154,-3.1016052,24.40237,21.240082,4.242155,-16.434273,-2.5328274,2.6119473,19.185259,32.514904,29.867874,15.982348,-7.824051
-385.2274,152.29016,44.027767,23.32837,2.2894073,7.057502,3.3076458,2.1587772,-0.35411048,19.365314,14.972895,4.809037,-15.979314,-10.521357,-5.2957735,17.10487,32.18932,24.975449,13.51931,-1.4793286
-387.2082,150.42351,44.809166,24.268389,2.2832668,6.7021646,1.5754248,1.538169,-3.5254126,20.711964,14.623087,0.76284313,-17.067957,-9.909722,-7.663893,11.468898,28.045887,20.690388,12.094454,0.94697785
-397.34082,142.19963,45.912346,23.769258,0.24682212,8.393132,9.301264,4.0733137,-6.860388,16.82175,10.292807,2.701324,-17.479225,-14.160395,-9.879255,8.657059,24.552155,16.737135,10.035299,6.619483
-400.85886,133.54222,43.05466,27.428888,10.780679,17.25342,6.103324,3.0046642,-2.0557156,14.022263,8.611061,7.8446617,-12.796251,-9.688202,-10.67881,7.26735,25.153866,16.804544,12.304993,10.582236
-409.9552,132.33304,42.716354,27.57331,8.9123745,15.82967,6.0866365,-3.9325686,-5.379148,19.65061,16.590668,12.918659,-7.820959,-7.1150737,-6.6901073,8.705667,22.500145,16.660227,10.423126,4.0773005
-412.76443,134.05034,46.892124,27.445042,5.8536196,14.151663,6.810423,-3.0224714,-4.9783154,20.967796,14.60246,3.8422666,-16.98101,-9.830757,-5.5128994,9.4099455,28.430267,24.786423,13.576799,-1.8939762
-405.92395,140.83984,47.825172,24.620714,6.967448,11.442595,-7.7308044,-6.6234965,2.7507863,22.566353,14.689184,10.189657,-11.356169,-14.962368,-9.966123,12.395058,32.11357,25.673569,13.23345,-2.7957654
-405.62518,147.68718,50.92133,16.68236,-0.42000425,9.835449,-5.3839116,-4.03866,3.9462986,20.96272,14.325658,4.682748,-11.662148,-5.5358014,-9.212088,8.419345,25.775452,21.83149,15.828596,-0.33202457
-411.24448,137.7333,55.407112,31.342213,4.0593863,1.1405524,-9.675522,-2.8025665,7.439644,22.139896,10.0714855,8.468138,-11.561287,-6.245757,-7.753014,0.96606517,19.104242,19.182472,13.156162,7.1963367
-425.29956,130.35858,51.51551,25.083284,5.5266743,11.077692,-1.5836769,-1.6105177,3.2710106,19.073292,14.409615,12.057215,-8.997658,-8.235255,-6.5009103,6.5807776,12.947741,16.134285,20.392315,9.654119
-437.75494,119.85708,47.77436,29.994225,14.170944,15.885904,6.4434996,5.8211727,8.1701765,21.97423,9.078495,4.572789,-9.406284,-6.703423,-10.344525,2.8999085,21.317505,23.79071,20.089083,9.445026
-437.49725,113.91812,46.68168,29.937704,14.474649,19.215778,7.625862,4.9894366,4.020537,22.781948,12.406143,11.3633995,-5.508243,-9.25523,-9.7487135,4.941138,21.19659,21.836105,14.862032,5.136114
-435.51462,114.56535,47.917107,27.90284,8.817424,15.290468,4.889222,2.50659,-0.27346122,24.990051,18.702045,12.008633,-0.41398585,-3.6958175,-10.1931095,7.320984,22.495138,20.179424,17.502985,7.933777
-429.1385,122.813896,53.04722,32.10353,5.1310396,6.9175863,-2.3423972,-0.303896,4.6353197,24.604294,19.549547,13.766752,-11.976832,-9.190639,-7.0034313,7.0383415,20.812216,20.306107,16.427727,4.830511
-417.3528,129.17096,46.522915,29.002956,7.1364765,1.2146893,-8.28726,5.9239054,7.351655,21.914942,21.67617,14.803171,-8.54529,-10.240509,-9.379282,4.962141,22.961906,24.116802,19.193546,7.468553
-423.99353,128.7405,52.60144,23.67305,-5.2002573,-0.39652854,-1.3154893,12.059946,6.592072,20.914745,19.466179,8.646259,-11.699671,-9.221577,-6.9975605,8.446091,20.600075,19.623493,18.469883,10.575802
-436.01538,120.63061,56.206783,22.602455,-3.9815555,6.882655,-1.9715604,4.4582396,10.79146,20.756721,11.797337,6.8614855,-11.188058,-7.466915,-10.268046,7.4356675,21.864723,28.426472,28.11824,14.77819
-423.20224,122.38757,30.7215,23.095898,14.427009,7.9680204,-5.1554413,13.831003,9.668611,17.023804,3.0463028,1.3170357,2.5875301,-6.052057,-7.9399624,-1.7638111,18.737442,37.917374,30.10084,7.1792517
-428.60278,126.431885,29.154903,22.889402,20.183119,10.165078,-2.3891559,4.6309905,3.429531,12.020785,3.5745118,1.7025938,-5.3331537,-13.589524,-12.449902,1.180632,13.875107,17.057549,11.738611,6.5865536
-304.48755,147.5232,-24.655422,34.285378,10.257816,-1.8457569,5.197116,11.474218,-12.875668,8.488505,1.0696421,2.4157414,2.4930182,-10.9262705,-5.6611123,-9.5436735,-4.899353,8.69961,10.042189,-0.48100305
-251.25302,165.61755,-37.02844,45.094353,12.931316,1.8254995,8.489441,15.094237,-7.4035225,7.008409,-2.9209633,0.77354753,4.443635,-5.938979,1.0793251,-7.459989,-3.4095378,3.3984966,-5.5454836,-3.6633465
-232.37851,180.99167,-39.94587,37.954964,3.5996945,-8.724297,-6.5302167,10.430975,-4.2248807,-3.0455425,-6.4311934,-0.4473782,8.434523,-5.6866875,-4.030219,-12.145318,-11.756872,9.900198,5.910768,4.8171625
-252.60323,182.77783,-28.845406,36.363976,4.291705,-10.965748,-3.1369696,6.5368195,-0.833854,-2.4529068,-9.627256,6.0176954,3.3039575,-4.323642,-9.318596,-12.454643,-4.397193,2.4685602,6.397484,-0.564613
-274.9203,179.89459,-9.560391,33.2097,4.659918,-8.6954565,0.45456755,3.3151941,-3.1848555,-1.8037837,-7.0951667,8.343407,-6.3241525,0.31226018,-11.856344,-10.160025,-2.5191476,-3.113709,7.368063,3.9672
-293.9488,177.67601,-11.027539,32.702,22.630608,-4.6719117,-7.58714,6.8632154,-0.21937585,-0.95736396,-10.618595,-0.65958846,-6.18314,-6.840418,-9.9467125,-4.6976795,5.8725185,1.3385853,4.38647,2.6306293
-308.3132,173.74805,0.17415518,31.094938,25.202301,4.601784,-13.306697,-2.3058808,-0.80771744,5.037387,-5.089457,-3.7679496,-10.3225155,-5.9323716,-10.310705,-7.727559,6.26721,6.534038,2.72339,-0.47432482
-315.15015,173.56335,-3.2665467,25.442982,22.715168,5.740698,1.3346674,2.1090083,-11.023489,-2.3632622,-8.109097,-0.39982152,-6.3502793,-1.2913133,-4.803089,-10.363264,0.17181614,2.805329,0.79163384,-1.9716568
-313.86884,178.95895,-2.756497,20.573687,18.162027,5.864067,5.4183626,11.625743,-9.550758,-2.7161522,-7.303094,2.5969827,1.9475595,-6.425096,-5.3706393,-10.058631,-5.214216,1.4861372,5.8987975,3.5062938
-325.91534,178.62106,-1.1434574,16.216316,16.544971,1.6596417,4.033992,14.168222,-1.3391999,0.79420733,-2.933959,9.901712,11.89102,-6.032276,-13.190403,-8.5998,-6.1191883,1.6708915,6.038927,5.2403183
-331.2335,168.21364,7.011431,14.92131,9.305143,0.5982224,-3.2206256,12.629391,7.2260866,6.5567446,-1.9385375,12.385762,7.932035,2.7866175,-13.502501,-20.98584,-5.531799,14.113678,5.0553637,-7.003827
-336.98123,167.801,9.160332,10.503862,6.8017693,2.0062706,-1.6472096,12.787973,8.793762,7.6167583,1.066001,17.56486,6.5243783,-1.2147574,-15.990578,-19.247108,-5.525217,5.90606,4.2082047,-2.3071802
-347.46393,162.82037,14.024479,11.871855,10.626322,6.301325,-8.914124,6.0888047,12.349056,18.771297,4.745471,18.471107,12.352548,-5.54713,-19.328861,-15.740021,-7.2887306,-0.06653905,-0.4682053,0.38370872
-365.6153,160.7273,25.129757,20.596012,15.907228,3.1387115,-11.671673,-0.3055883,5.6545973,19.570448,14.600662,22.799911,10.727862,-6.130908,-20.179821,-13.850063,-1.9912347,-1.9665949,-3.6481602,1.3906853
-370.13385,161.64964,24.080286,19.28418,17.13604,6.201752,-9.214699,0.16989431,1.088742,17.568405,11.190036,20.881744,13.201408,-13.705172,-23.889616,-16.074251,-0.11474478,6.980918,8.21487,1.2484406
-363.9949,165.54286,26.560585,14.076367,6.483927,6.3519554,-0.8283217,8.480792,-0.950246,12.570217,9.331663,17.995934,12.581768,-5.2016473,-16.939049,-18.276373,-2.7429872,8.058731,10.898199,-2.0050008
-367.02536,157.1601,30.491276,13.392673,4.5030766,6.855219,-6.595966,3.4840035,2.1993504,8.289925,0.8182117,15.686372,13.871311,1.8828957,-24.220524,-20.026047,-1.6622429,7.093913,7.402151,-0.20343924
-378.42313,155.22174,37.82832,18.02116,9.802035,11.548384,-0.5013282,2.6560807,-0.18431836,9.152515,2.8409305,18.614882,13.558569,5.977941,-16.373009,-17.955883,-1.0612521,3.1689649,3.502829,5.1511183
-400.84866,144.75595,44.2395,31.298798,19.866909,14.348752,1.3249962,0.656028,-3.7180445,-0.6682039,2.5502872,22.583912,9.8512335,2.9515562,-16.631516,-16.209187,-11.019705,-6.390117,4.964839,5.0759325
-399.31085,145.2081,46.626488,28.3135,12.993445,13.61508,-0.6053226,-1.136236,-1.1782982,7.7725234,3.8890374,18.253914,3.9034858,1.9151009,-10.089348,-12.841328,-7.8487926,-5.061666,5.584139,0.87188864
-359.41385,130.40906,13.415871,36.200493,11.929869,12.139943,-0.26180565,12.777304,5.53524,1.4513283,7.8726096,7.5977154,-8.604297,8.962826,-7.029837,-16.675995,-1.4871001,0.41414613,0.92249525,2.0315754
-307.8866,153.92355,-3.9161015,39.408318,3.1973803,-2.7845893,1.848316,-3.9767427,-8.977493,9.280821,3.3617835,5.903389,-12.197782,-10.049529,-11.733416,-8.362713,1.9827954,7.4132214,11.269931,10.912119
-264.45395,158.73273,-21.687489,38.084885,-6.773947,1.7769728,-7.1115723,-10.611149,-3.906551,0.1051496,-1.4059887,7.0503054,-2.3789196,-0.84544706,-2.30287,-0.056981817,-7.158049,-1.7837944,6.654475,8.694021
-231.51053,157.57907,-31.327896,57.224453,3.1150072,-6.4154525,-19.957413,-1.810034,-7.723779,-3.1141145,-2.8507962,1.1580222,-1.6856012,-4.3536086,-5.6111436,-4.4668593,-8.896183,-11.584049,-5.263082,1.4568195
-266.6865,181.9568,-18.029526,45.676086,8.185193,-13.795295,-6.49469,-2.800491,-8.348894,-0.86508197,-5.85325,4.7141323,4.78926,-2.5717707,-2.867211,-6.582201,-8.442863,-8.853634,-8.149425,-3.151466
-290.0674,182.94664,-9.761297,33.93096,12.509003,-15.260305,-9.502554,2.18666,-10.601458,-5.1011505,-10.306044,4.8034024,5.5635357,-3.184494,-0.89384764,-6.7423415,-16.625858,-15.448113,-3.0415635,-1.0726737
-297.11566,178.7251,-7.733212,24.817665,17.770245,-2.1381993,-16.662739,-2.4136438,-10.353941,-5.775898,-5.305975,6.026292,0.747089,-6.785364,-3.6889114,-4.0130777,-9.061621,-12.20569,-6.5067234,-1.1217023
-314.302,171.08075,-0.85946405,23.867367,19.533245,4.820995,-13.134403,-8.819619,-8.196147,-1.4682224,0.47424376,10.377274,-0.6821556,-1.3156583,-1.9511278,-1.3490107,-11.181137,-12.7911625,-7.5841045,6.285014
-326.69156,173.6596,5.063797,20.220001,15.289219,-1.6184291,-11.428587,-2.3639793,-13.931286,3.7755663,6.639186,7.390516,-1.8669696,-1.321387,10.061071,0.9126034,-16.464602,-11.359007,-1.9809138,5.2251325
-332.07925,172.7743,2.2404463,17.832386,14.0180645,-7.6844406,-16.024544,-1.4728057,-9.662413,6.0993204,7.407262,12.843789,7.8321652,0.42881238,6.818036,0.77678597,-5.893457,-5.7957115,-5.9513316,3.2997317
-344.78748,164.08226,-0.3421298,9.813316,5.919713,-14.522141,-28.865093,-9.325726,-7.0376034,6.732959,3.1857305,3.8293476,4.313309,-0.9506136,-1.530829,-5.7088842,-5.445615,-6.700892,-16.179,-6.321601
-350.95105,156.69473,-3.5771654,8.203268,1.9336094,-17.303623,-23.245586,-0.39737582,-3.2832055,6.554427,-1.5846949,3.2866871,5.229338,3.1007743,5.004545,-10.365229,-14.836022,-14.59524,-11.670936,-3.5988336
-354.37076,153.60538,-4.5100174,2.348032,5.17222,-5.6491156,-15.21082,6.3007193,-2.292272,13.594093,3.9481282,-2.020706,3.7909772,1.9815898,-0.5477166,-15.182425,-20.72528,-12.7157345,-9.702157,-6.022997
-361.55377,149.52113,-0.61343914,-1.7285191,-0.7486537,-7.025254,-18.842869,-2.4516218,-4.3031135,8.133041,-4.10853,1.5266601,2.7811866,-1.8713163,-7.956728,-14.153232,-15.44198,-12.912674,-10.700079,0.37822556
-356.2675,147.24554,4.3230586,8.89785,3.2992244,-3.3683703,-20.144394,-5.7818832,-6.3393106,5.688634,-0.32432628,7.400153,3.7169785,1.4597033,-11.619703,-18.450182,-9.527704,-5.785671,-1.730458,5.218298
-360.2482,144.41248,9.697243,14.82275,-2.520175,-9.41424,-18.56911,-7.1272545,-7.187648,4.53865,3.828065,9.071844,3.319731,7.624629,-15.044016,-20.121193,-11.298788,-10.495186,4.3596272,6.8870473
-363.99814,145.81422,8.9949875,13.783276,-6.523631,-14.515549,-13.912226,-3.2551742,-10.742782,-2.7296724,1.0310252,9.401158,2.745955,3.3065667,-9.104347,-18.860561,-23.646133,-15.925696,3.224886,6.3579493
-366.88443,147.83145,15.278452,19.98166,-1.406155,-13.024002,-14.946464,-1.7212489,-3.4269862,1.7606392,6.2775497,12.458206,7.095837,10.839782,-5.589655,-12.058043,-16.999065,-20.446426,0.69013333,12.484917
-386.0127,145.76347,32.584892,16.408703,-2.8262486,-6.588517,-19.198936,-14.966541,-5.3707843,9.523716,6.7946243,15.787814,4.798971,2.8060408,-11.732285,-9.996256,-16.03926,-18.90857,-4.183971,5.205673
-385.93304,139.11624,24.959232,14.362894,-3.0734153,-6.707127,-17.284187,-9.804205,-7.817791,9.203867,10.897737,16.974182,1.1960299,0.6945982,-8.050098,-15.34226,-15.1632,-12.939169,-1.1970412,0.6410242
-389.387,132.38019,23.186668,22.147972,-3.332137,-7.0405602,-15.130573,-9.863653,-11.922901,19.740137,13.055944,15.585388,8.81984,-9.93762,-9.98262,-7.239131,-11.346844,-7.6855597,6.5959797,1.5822039
-398.6364,137.02289,23.281803,10.692781,-2.415598,-0.7788402,-15.472661,-9.797941,-12.492582,5.64744,10.55505,11.694811,4.596451,-5.4602113,-16.13102,-17.558508,-14.467436,-6.229864,8.773581,6.758834
-357.28598,135.48203,-8.129734,29.596735,7.6424704,-20.259085,-17.611736,0.39573807,-6.730755,13.607407,-0.9230603,-5.2354918,3.0846972,-2.2923207,-4.8888702,-21.470043,-23.315521,-6.4174495,-1.0323102,0.5133877
-282.62738,160.0946,-30.833359,33.473907,7.094075,-13.960915,-11.82862,-0.46134236,-11.6170845,5.2637534,-10.311362,-9.691193,-2.2589893,-6.426358,-1.6605732,-13.108421,-18.421349,-11.614032,-10.673466,-4.931037
-236.42207,175.30557,-38.382732,37.59816,9.934272,3.5343966,0.19810212,-0.6874405,-25.933666,-5.6376185,-9.525347,-3.0169907,7.3608437,-3.441855,-0.87711054,-9.808777,-15.468354,-1.9140196,-1.3146344,1.7085754
-253.70285,177.96255,-33.194935,37.442753,12.469646,-5.804275,-7.678096,-9.795918,-25.662788,-11.2349205,-19.082952,-4.229674,3.5376172,-8.473595,-7.733174,-21.211092,-27.702309,-12.286072,-4.7772627,-2.0821252
-280.0611,178.71643,-19.568687,34.79196,6.148382,-14.147696,-5.5677285,-13.021404,-23.836111,-11.245932,-20.795433,-9.103703,-7.1434693,-2.437013,-3.7003047,-24.785135,-28.770527,-15.91697,-9.758705,-4.01921
-282.21008,178.43597,-15.702194,41.50642,13.481905,-14.646286,-8.808388,-2.1595006,-17.471863,-14.123296,-20.374588,-7.512542,-3.164929,-1.5551329,-4.10287,-20.856342,-19.752327,-14.895147,-6.1980515,-5.78724
-287.21576,173.90375,-10.231847,38.95315,15.907966,-8.461254,-14.426926,-11.266899,-11.735192,-10.9268,-21.088514,-2.4533114,-4.327069,4.023006,-8.782733,-23.480358,-20.51221,-14.0643635,-4.7639294,-5.3257666
-293.90717,168.35114,-14.20631,38.860794,19.097523,-7.998121,-11.543325,-17.587416,-21.40628,-7.180961,-18.936314,-1.7576984,-2.8774023,0.8018693,-12.037345,-23.593185,-18.112793,-16.471495,-10.453378,-9.158194
-299.09668,171.36218,-18.25158,33.37501,19.018011,-6.154108,-7.8687525,-17.655329,-34.605804,-11.968489,-14.193712,-0.6262449,0.037202686,-9.657058,-5.3827133,-16.3381,-27.72243,-17.781422,-7.651491,-15.44742
-298.27472,173.38733,-21.988815,28.905554,16.48792,-8.205329,-0.16718413,-8.366893,-31.979462,-15.754367,-16.940155,2.8152666,2.1467805,-14.298651,-7.2605515,-12.022175,-24.057047,-19.410244,-9.214733,-9.32662
-302.38254,176.793,-15.5361395,23.385082,14.384964,-4.4320083,0.9332506,-0.7692033,-19.252537,-5.9062977,-14.244076,-1.9113015,1.7174734,-8.688534,-7.23131,-21.597038,-26.046875,-8.12825,-7.142414,-11.245385
-307.14215,173.89534,-9.961348,27.3326,9.77365,-11.109026,-1.4488413,0.6355796,-20.842579,-6.672352,-12.370396,0.35518694,9.865608,-0.88700885,-7.6455965,-23.57177,-29.544525,-7.4183965,-5.0750237,-18.987532
-314.11768,168.49985,-11.411528,19.956284,12.119797,-5.381672,-5.169272,1.968004,-13.679985,2.6904218,-7.3959556,0.49650663,1.4509995,-9.484785,-4.3002586,-11.794398,-28.333775,-23.634888,-11.765074,-13.717976
-328.54675,169.35078,-2.138112,17.820478,12.848083,-6.218979,-7.984211,2.288901,-5.0997725,8.896008,1.3006585,5.152687,-6.7205257,-12.557403,-3.5313182,-7.1508455,-23.51355,-32.167095,-21.557308,-4.660076
-334.8545,164.79565,1.5375266,10.55084,7.6293635,-1.4625686,-17.321552,-10.469488,-6.529921,4.47554,-2.5162585,1.6949124,-9.657059,-11.033526,-13.506258,-14.0612755,-22.801981,-29.202694,-12.361612,-4.7449684
-335.48376,169.24028,7.5661592,11.504082,4.4256372,-2.2571938,-14.988186,-12.390036,-9.07471,0.4255117,-2.0436597,8.815449,-4.4387755,-3.6261187,-15.692987,-21.449203,-19.41881,-16.368038,-4.6781645,-9.285272
-345.15683,176.80785,14.712839,8.591124,7.726609,-3.3348696,-16.037064,-4.452924,-11.412901,-2.0187826,-4.3539143,5.2645817,9.244993,2.9340053,-12.88957,-25.72765,-20.36715,-11.124384,-2.0945334,-5.637354
-343.80344,172.92065,17.175838,12.400669,4.253938,-1.9353597,-9.245314,-4.1632457,-16.494234,-2.8097203,-10.451246,1.1355107,6.6275826,3.397777,-8.422882,-22.43086,-19.889637,-14.5823345,-4.973702,-3.769095
-305.93707,177.8471,12.306431,29.636944,9.536998,11.960111,-8.176207,-6.227765,-21.567444,-14.714317,-9.762173,-0.8678748,-0.75351006,-1.488146,2.2902503,-16.188107,-28.728798,-13.04776,-13.201778,-22.060543
-288.89145,164.409,-1.4322627,38.86155,5.680069,14.27916,-8.886738,0.59665173,-26.068224,-22.831823,0.5918524,-2.4453917,-0.6109875,-0.78543276,1.4801165,-24.911785,-33.361153,-3.6051316,-14.548347,-24.13792
-278.4687,154.0168,-10.071749,48.003147,2.6732194,6.7927303,-7.2008758,6.184532,-25.367882,-18.288555,0.60905236,-3.1739736,-0.18461753,-6.6136518,0.31652734,-17.201607,-25.510818,3.1014857,-16.693932,-27.489635
-259.55075,139.91614,-19.840034,68.79145,-3.3941483,3.5639598,-4.5116553,11.644558,-21.217102,-22.800083,3.37779,2.8210828,5.9702415,-7.74218,-0.456845,-12.430544,-24.381191,2.4422233,-19.074694,-33.657394
-259.63016,128.41156,-33.886936,71.33476,0.009385616,2.7071788,-5.1989374,7.9251804,-27.423683,-22.485014,8.406797,0.6318599,2.4887495,-18.139627,-9.253014,-15.904802,-29.263996,5.5386915,-20.736801,-33.700905
-246.6258,132.11488,-40.05948,75.51904,0.41444224,-0.5051151,-4.252389,9.057919,-23.14703,-18.768684,8.675257,-2.1429358,0.62626046,-18.194054,-6.75179,-12.829277,-24.668015,13.589729,-19.851814,-40.180367
-238.47672,133.63449,-41.28624,77.23831,-2.22719,-2.0252788,1.4745309,15.759821,-31.045925,-24.762396,9.159354,-1.0961901,4.4889636,-21.91375,-7.8922133,-11.381446,-29.994106,13.679478,-10.391619,-33.414886
-176.01862,153.95119,-59.590942,64.687805,-6.812664,1.3401533,-29.02391,-1.789816,-30.573631,-37.59855,-6.880142,-2.2465062,10.856739,-24.257883,-8.771376,0.6546812,-20.618217,17.509396,-15.124865,-31.214266
-151.49213,139.22063,-73.99577,48.118404,-17.182545,8.693876,-42.627205,3.1199305,-26.725182,-38.55134,-11.861966,0.1664694,11.527092,-25.935772,-11.749781,1.4063437,-22.60876,6.785741,-26.456995,-35.15827
-162.13423,133.63931,-72.91763,49.604412,-17.708233,10.142073,-33.10264,4.64576,-26.09246,-30.742245,-12.282543,-0.64322585,11.041477,-27.988964,-16.47445,-1.4025092,-20.920185,0.9443992,-30.005543,-33.309334
-195.70432,131.4291,-58.242554,55.40885,-6.3927994,12.271105,-31.094736,2.9996908,-25.837776,-25.858532,-3.6629546,0.48224786,11.059082,-25.250536,-17.188862,3.3913224,-14.588037,1.5629275,-23.73729,-28.252892
-221.79074,143.44153,-44.12375,56.800137,-7.8271894,15.754791,-16.412142,0.41464946,-25.318394,-42.59833,0.80807644,-2.0624936,0.8109822,-15.82178,-26.199875,-10.495836,-8.588928,6.3086014,-16.552877,-24.353542
-234.5208,131.73036,-32.314102,71.1832,-10.41448,17.577803,-6.155377,1.8303984,-18.606756,-40.91812,7.560444,12.777482,1.8895283,-5.2927494,-17.32487,-6.5251102,-10.369113,-5.2437654,-24.04668,-26.04052
-235.80649,134.29126,-36.148792,66.496185,-8.519091,13.575281,-10.969876,0.3155392,-16.119524,-40.684464,4.917901,15.207299,0.6776848,-10.377994,-22.923317,-12.189619,-7.9561944,-4.7181616,-21.930244,-19.226013
-245.18202,137.25977,-29.708359,66.149994,-5.133952,13.311688,-7.603696,-1.2985836,-14.996805,-35.441685,3.795854,14.20908,-2.655894,-10.917471,-22.692266,-10.302614,-5.401762,-7.1099825,-26.581429,-24.206505
-248.38617,135.7139,-28.056911,69.27835,-6.608632,10.497026,-2.7637496,-2.6480656,-23.186028,-36.363785,2.9603937,16.112457,-8.0560055,-16.017529,-16.40287,-7.4942865,-7.332848,-11.53649,-20.793968,-18.160662
-247.68779,137.89316,-26.789036,64.07325,-4.641748,12.927254,-7.387779,3.7380838,-19.845858,-40.86998,-2.941887,14.173401,1.8293263,-11.359879,-19.866526,-9.124133,-5.63445,-13.750177,-26.975687,-21.636398
-251.3721,125.78711,-39.675304,65.469955,6.7826614,23.31814,-7.340538,-2.2594008,-21.710075,-41.490578,-7.0345354,11.482485,0.29825822,-8.41451,-9.214502,-9.736455,-11.954161,-14.164473,-33.435467,-24.931335
-264.64407,122.23817,-34.447006,64.5158,4.2959766,21.986465,-4.1520476,5.3073263,-15.743683,-30.92273,-5.7684956,10.440417,6.805355,-14.767824,-12.768429,-10.514472,-11.036114,-3.3758595,-29.562832,-20.368832
-268.2281,112.32765,-41.565407,62.75847,5.731037,26.411263,-14.968036,-5.9120345,-28.638912,-44.384262,-7.6205606,4.903319,4.805745,-14.157236,-10.248657,-7.764683,-5.5018735,-2.969367,-34.62466,-28.409803
-264.90463,111.360306,-34.43609,63.874596,-0.29004657,23.553957,-14.338867,-2.8984368,-14.5443945,-40.618843,-4.0523605,9.082418,-0.13084619,-6.310959,-13.589113,-12.959749,-9.846355,-4.166568,-33.575546,-22.545681
-268.8293,113.06978,-32.413258,67.43097,2.6118317,26.126984,-9.584675,-4.2823052,-20.965994,-36.73601,-4.0128784,6.627946,5.831358,-6.9229913,-13.0704775,-8.690617,-14.74481,-11.50477,-30.991087,-20.437191
-272.61255,107.65741,-32.49445,67.06706,1.7203732,28.1456,-13.310789,-7.060466,-22.784252,-39.07355,-1.0617481,6.228302,6.841239,-7.5346594,-12.781947,-2.6269476,-13.536172,-8.017916,-30.377361,-21.814762
-282.98962,104.31889,-30.077206,70.13371,5.576502,23.971848,-4.738533,-3.3512259,-20.665241,-40.941566,-1.2168701,9.037924,0.36556324,-4.067061,-12.901743,-1.8186238,-8.791838,0.976688,-32.61344,-30.173273
-282.40512,110.81175,-33.0642,70.52066,11.269259,19.653374,8.161815,14.5041,-9.04421,-31.0294,-9.718885,8.824856,8.861664,-3.3063104,-10.574762,-1.2628,-5.5508585,3.6194925,-21.208244,-25.770325
-271.79636,125.625946,-23.634228,67.06109,-4.0080786,10.309608,1.4210539,10.589657,-9.441635,-33.165478,-6.3172207,10.792709,1.6593262,-10.634655,-18.521152,-6.6164875,-9.028321,0.5216929,-17.116234,-28.083033
-206.59024,156.18958,-37.186676,52.80844,-8.428455,4.0258245,-26.493534,-0.13992399,-26.211758,-23.658625,-7.491043,3.453475,12.678486,-19.114979,-14.28307,-0.2328111,-2.6200805,2.1386054,-5.5183506,-16.212389
-181.13066,171.7377,-47.354794,37.127304,-12.399744,3.0044818,-23.68816,7.430071,-18.891327,-7.651359,-6.724079,-4.6299424,11.335093,-18.68607,-9.975521,-3.531591,-9.573783,6.038597,-13.838059,-22.900866
-191.17717,173.47041,-36.922554,39.94848,-4.104792,8.050416,-12.558596,14.726898,-17.782206,0.5932473,-10.556636,-7.599874,20.540081,-9.203382,-7.3017545,5.695442,-5.772064,10.223078,-5.2066555,-23.988949
-205.83871,180.54929,-26.683847,45.628857,-1.3504726,2.3602808,-5.7301702,21.528553,-6.504449,-1.1148391,-6.8857427,-0.62358594,17.111355,-3.254948,-6.0060616,5.810463,-10.640663,-0.1701929,-0.91573477,-15.932577
-228.69896,177.04015,-26.1124,48.78181,8.764055,-1.0574561,-2.406024,20.755568,-8.382404,-2.0865817,-7.4263306,1.8203708,16.275444,-4.107154,-3.1081882,7.814814,-9.27601,-3.6521099,-0.49151635,-15.261602
-249.72705,181.87509,-22.108295,51.89206,21.664858,0.11538041,-2.71813,10.611828,-6.4687395,0.47075427,-6.156323,-2.5922842,9.589688,-1.1123649,2.8979163,8.247307,-3.9608662,-2.4986503,-4.5171742,-14.28759
-266.83316,178.52106,-17.920282,46.959705,25.92443,13.83292,-1.0147027,-1.6501964,-8.164194,2.2487278,3.6858618,-5.539174,1.1136947,8.884244,4.568549,5.5505815,1.5137001,-0.8223622,-7.2063513,-12.110947
-270.09473,176.10336,-18.26041,40.397472,26.28173,18.630627,3.9698782,4.337223,-4.517636,-5.471121,-3.207662,-3.4281929,-2.4395497,5.51227,3.1986167,6.5377645,2.586091,3.3614483,-6.934084,-8.065148
-272.17703,172.56607,-12.090384,47.34994,23.538357,12.858316,7.7789335,7.308819,-8.28586,-7.261165,-4.01709,2.015345,-3.5834177,2.087561,-0.061836064,10.2537,8.112459,-1.4140443,-9.623749,-6.875309
-272.95227,176.31784,-14.372185,41.721725,19.587406,9.592283,4.9000645,10.797444,2.4421287,-2.8641787,-9.507265,-0.5322596,4.5389237,5.715555,-3.518523,3.04608,6.7370806,1.6868114,-5.964245,-9.972328
-284.20926,184.40085,-14.42073,32.219627,26.81151,10.749725,-5.0683293,6.822081,0.1905564,7.4324803,6.3778114,-3.2986722,11.1033535,6.8455467,-2.576857,-0.8182135,-5.772294,0.71297437,-4.0115786,-3.6570888
-286.90668,183.88762,-14.91118,27.457264,22.555271,4.7157125,-2.4520764,13.195347,1.2906587,11.416115,6.465813,-1.8983569,8.531795,2.1074572,0.03937626,-0.12904012,-8.374872,-2.8652496,-10.166199,-2.7053514
-287.47348,180.83582,-14.192133,34.9282,22.545444,-0.26963586,-2.6215117,10.859175,2.0479217,13.462718,5.3282194,1.4698055,8.727014,1.8471823,5.019518,6.7921596,-6.0574265,-8.0053835,-11.889511,-4.8269706
-289.5444,181.10583,-13.7458,31.726978,19.704567,1.5630351,-0.19317442,7.4191933,-1.2500613,7.225744,5.1944,9.01688,10.817168,0.5247065,0.5886023,5.4888797,-1.5553102,-5.884326,-12.199383,-8.238258
-288.6025,175.56491,-11.766056,30.745193,22.232124,9.190107,-3.7486775,2.6617608,1.2180921,7.4407244,9.007921,7.66202,0.7941252,2.9633737,0.16970587,5.302726,3.2651205,0.057719633,-8.372711,-6.445656
-294.81418,176.83104,-9.561352,27.171549,20.492184,10.740292,-4.2591352,-3.2686965,4.762147,5.168128,1.1122477,12.23963,9.914835,11.1314745,-0.20081937,4.0622187,0.05596447,1.4624462,-3.027203,-6.9683075
-301.13806,174.09628,-4.412367,38.122055,21.376919,2.9998412,-5.6637783,-3.7381015,1.5072553,5.1995807,-0.5984601,5.953529,7.4142847,18.179668,6.3066444,7.9099274,3.5629673,-4.5926228,-1.1980443,-5.6430063
-287.5412,177.55115,-8.918621,35.37744,14.840008,-0.5243044,-5.4910192,3.99731,4.947576,1.4959339,-5.1831694,3.676828,6.6092596,14.37216,8.07423,9.020568,1.7878778,-3.6678936,4.4728327,0.14485979
-293.95108,181.84702,-4.9156632,26.339493,14.945524,6.25202,2.4102015,5.831206,-0.9496393,-1.6858768,-2.2115135,1.0417311,3.9911559,16.343815,7.224115,10.663799,1.657681,-8.683586,-3.4945753,-0.42137447
-299.2402,177.58028,-7.228823,27.661907,21.865158,10.025764,-1.7401842,-0.177526,-4.250019,1.438868,0.0050001293,4.4939146,8.457428,14.879066,4.4700804,5.445392,1.972087,-5.052162,-3.922028,-1.5258193
-290.9291,168.42307,-5.353319,35.99551,17.198452,14.044209,-8.749408,1.3058705,-3.3149261,0.9301355,1.6962056,5.381431,5.4776692,8.851585,9.87718,4.671325,-1.0328077,-7.4194965,-0.96175605,-1.6160941
-267.15417,153.33224,-11.002523,48.52315,10.449913,10.749027,-3.9336596,6.526451,-4.606944,7.2784443,1.5931782,13.100735,2.2316415,2.2657802,8.842545,3.603538,4.6068287,0.42476022,-3.7348561,-5.863929
-264.7989,154.91638,-19.530151,55.08961,14.589047,14.095404,-2.4580994,2.092773,4.3257995,-2.8718555,-1.2001181,6.193413,-7.3091006,7.8396096,6.871716,-0.33326077,3.5700924,6.605698,-0.11635357,-5.7713914
-282.89093,148.60013,-15.966572,52.601322,18.695478,9.327061,-3.7680755,3.316205,1.839901,-3.0980787,1.0592082,9.827793,-5.0271244,12.858019,10.343927,6.4730697,2.7403958,-1.9607179,-3.372539,-5.3776836
-308.4441,155.88692,-7.617197,35.11242,22.101707,14.111948,-1.1530106,2.1058698,1.4456034,1.4293554,-4.556703,1.4018068,-1.7194481,17.619562,11.109098,6.699477,2.7052498,-3.438139,-5.009571,-3.5210965
-321.94443,159.38196,-6.3512115,27.997395,17.608807,7.8003006,1.8656492,3.1912837,-7.2738156,1.1267526,-2.1492128,3.590164,-0.7764328,7.7164717,9.95697,8.967006,7.2261415,-2.0743103,-1.6146642,-3.8336377
-332.68347,158.88135,-8.080883,8.190948,0.3399371,3.094379,-4.688196,-6.787285,-6.8446674,2.4006145,-2.4462247,1.7911692,2.1478577,9.6613655,3.034995,7.035536,3.1779883,-3.4341297,3.1325834,1.2519621
-330.00385,154.48672,-7.748486,16.879234,3.4022095,-4.479968,-7.2332473,-1.4194348,-7.905463,1.4946561,3.5640302,3.3232322,-7.234523,4.6118584,3.796975,4.1182704,-0.39462543,-6.4554605,-2.4786816,-5.317629
-333.9463,145.5062,-17.694038,13.71634,6.483431,-4.69679,-11.205095,1.7981153,-1.2925954,4.384154,-1.4791768,-4.661672,-11.783588,0.514225,3.8516698,5.0929403,0.848011,-0.83532083,-2.4021,-8.5663185
-332.82413,147.42041,-15.494709,16.82678,13.407236,5.329712,-5.253909,0.65413356,-2.2169101,6.116689,-3.2551968,-3.863667,-10.057743,-2.3743405,1.2096399,0.8609898,0.93372893,-0.6805341,-4.5838385,-3.1583138
-330.1468,140.50896,-20.609009,15.686558,6.574442,10.909724,-7.552533,2.6091158,2.612109,4.6699543,8.790843,-10.633948,-15.511863,-6.1353226,-6.002965,-1.9337926,-13.014985,-3.995986,-10.557743,-10.328458
-287.2008,157.13535,-16.312346,37.561413,12.582298,13.905548,-5.9515915,14.0730915,0.30015475,-12.250926,11.44258,-1.4865743,-13.097439,-6.199657,-9.884707,-8.385076,-18.083927,1.0038246,-5.930969,-15.723901
-266.02908,146.77429,-27.714283,57.574013,14.004873,17.060867,7.811964,22.25719,-16.949093,-18.277634,18.566319,2.6059623,-10.044942,-8.33667,1.1903759,-14.525127,-14.939003,24.388367,-2.670577,-19.919823
-258.21094,121.01463,-37.764114,66.69542,5.1847124,19.73201,6.5444613,31.67067,-23.02641,-22.580265,16.247961,-10.302134,-3.8338702,-15.597765,-2.6009836,-11.895139,-26.41707,19.644115,-6.962623,-24.484253
-230.93271,129.99153,-39.012783,70.222336,-4.4911737,6.756129,-1.0623164,33.909477,-18.603436,-19.46436,10.731619,-8.818215,-2.7829823,-16.998955,3.6972635,-1.9419605,-21.284622,14.266748,-4.166124,-22.976227
-153.44089,150.45529,-56.389557,57.083374,-17.621696,4.66516,-34.483055,10.31711,-26.935776,-28.36739,-0.29833484,3.4296765,11.01976,-10.321983,1.3582549,12.361024,-3.914395,13.160311,-11.034971,-32.109245
-152.12875,129.92142,-71.4153,55.743736,-7.4144397,13.425411,-32.146164,8.365635,-24.415596,-31.755293,-2.7513592,8.272566,2.1523082,-6.0734696,-4.91016,5.7170687,-10.841394,6.5239525,-26.511063,-38.018696
-173.22987,122.07267,-58.889935,56.597546,-15.424421,10.801653,-31.67181,8.177096,-23.144306,-29.485107,0.99222946,2.9362364,-4.2219725,-12.789972,-15.316425,-0.21200037,-12.532654,6.0039115,-21.23356,-29.794085
-214.0948,138.69919,-42.883163,57.79428,-18.427261,9.91687,-18.049194,13.775574,-15.19541,-30.906939,2.7120993,-12.516552,-3.3415766,-17.604403,-15.93013,-4.339448,-10.00643,17.631126,-15.774875,-27.988298
-223.67628,129.0936,-35.225063,61.85978,-17.14872,15.393988,-14.535303,12.155204,-24.782322,-22.137947,6.0843945,-8.799308,0.86576295,-15.058247,6.009568,-0.8264489,-15.861231,15.887071,-22.766273,-25.227661
-231.89005,126.8761,-41.045208,62.170578,-11.9354725,12.306884,-16.528868,4.5428762,-21.457817,-21.735474,0.46465015,-7.7518578,1.7842005,-14.126633,6.10289,-3.318059,-17.539818,21.099426,-21.961185,-26.033958
-222.66258,135.08972,-41.2431,63.51134,-17.335043,1.4315369,-17.755482,4.8051367,-18.56343,-19.11043,-3.773367,-11.337959,0.3414377,-16.810852,3.1420245,-3.6458964,-11.18965,22.110931,-25.895851,-26.574638
-195.53564,150.50143,-51.15197,55.332672,-16.327381,7.5646186,-15.201977,3.5026517,-12.5029545,-7.166953,9.979636,-1.8988905,8.09049,-9.695494,0.7556452,-3.9221578,-13.478104,22.849522,-18.418152,-20.08976
-191.58644,150.47145,-41.61211,65.92927,-11.825832,15.119896,-8.635609,17.561134,-10.817041,-11.927848,13.079643,-1.5391953,12.802288,-3.1704307,1.6980293,-5.4467773,-12.542559,33.521294,-12.518002,-24.520681
-192.2491,155.91388,-38.62787,66.461586,-16.60635,1.6923702,-15.846239,19.20884,-11.825159,-16.408236,16.334385,-1.8280065,11.560589,-5.324198,-3.7802212,-0.7855672,-10.113649,26.031788,-9.971786,-23.205458
-136.50604,146.71674,-61.645546,56.334442,-33.41697,7.3691034,-29.668547,12.662142,-10.390526,-11.477715,8.379641,11.538332,21.8037,0.81275237,1.1754277,-0.025817841,-12.513395,9.674389,-11.251375,-25.992455
-149.70201,147.78558,-65.187805,57.0011,-24.502129,5.5880146,-21.298925,12.63184,-3.1267126,-8.853359,6.0379086,8.502791,18.710903,-2.6120324,-5.636155,1.456579,-16.29569,10.257999,-4.5208592,-21.688925
-175.17906,156.43991,-62.66317,52.52217,-20.283463,-4.157921,-13.841462,9.705923,1.8577893,-11.48024,2.9070287,10.932337,9.561178,-4.6762605,-8.07298,1.594831,-13.204882,4.221873,-6.540967,-21.705988
-195.79335,159.03685,-62.73548,44.848022,-17.16374,-5.300372,-10.872255,6.9890013,1.63568,-11.223261,8.637278,17.49553,13.895472,0.2599209,-3.1760921,3.800559,-10.949802,3.1471434,-4.9237347,-14.896008
-208.59494,171.49536,-51.536777,44.341858,-14.017623,-4.5236053,0.590731,15.308195,3.6656117,-18.80259,-5.216152,6.820512,13.286701,-1.6035682,-6.299626,1.12131,-13.589418,0.43434894,-4.2129707,-10.367838
-233.95987,170.01555,-39.732437,43.763153,-4.8292217,1.426007,-1.2541044,12.472569,6.8631063,-16.324844,-1.7532036,-0.4257778,4.6738153,2.2710865,-6.685104,-5.794956,-15.946201,8.6069975,-1.202032,-13.622271
-250.54402,170.16028,-32.935345,47.283936,0.22828384,-1.6111149,4.4948893,13.138136,5.4838724,-9.513705,0.90954715,1.8564378,2.839635,-0.94241047,-6.6193132,-5.862645,-14.482064,6.213009,-3.1456223,-16.43565
-245.08107,169.12323,-37.918556,44.621162,0.99206877,0.20070559,2.6645494,10.936044,0.47227842,-5.9160585,8.847475,11.284943,8.984751,-8.254759,-3.9732537,0.048468113,-15.790868,11.236256,-3.6601896,-15.721561
-257.13535,171.67722,-29.750443,48.905033,8.889588,-0.21735863,-5.181701,6.2300887,0.76092213,-9.51859,9.031729,9.401642,9.5919075,-1.4868487,-3.2556303,0.049102545,-12.9156,4.95555,-11.04941,-15.796036
-266.84247,167.1502,-28.725283,38.173626,2.0092325,-1.1673065,-5.439639,5.9125366,9.033957,-4.8893757,-2.4777446,1.6650077,2.7519689,-1.6402447,-5.846737,-4.433455,-10.472179,8.093555,-6.3033757,-13.162807
-266.78482,163.85925,-33.182537,36.643867,1.4062715,-1.4357629,-0.23036814,15.563581,2.4695892,-6.196124,4.5277815,9.122983,11.670168,-2.907267,-3.5361748,-4.195174,-14.007159,3.710548,-8.837402,-18.61475
-265.6302,161.88925,-32.914246,32.791847,0.76178247,2.520701,2.7993526,9.394901,-0.6518665,-1.5092975,7.277746,11.121113,9.706263,3.5831308,-0.81882095,-1.783076,-12.373864,6.366906,-4.7632084,-14.886829
-274.8019,167.17502,-27.20496,39.9379,4.5534496,-1.6598415,1.0816373,9.982397,-2.6295624,-10.047906,7.3514357,6.734251,4.012763,-2.389956,3.1596928,4.441088,-10.80505,5.4995666,-4.659458,-11.335576
-280.54465,160.79546,-27.742937,38.73504,10.579198,3.8238358,5.270454,12.908932,2.6608276,-9.092119,-2.742084,6.674057,-1.2708428,1.1451514,5.714077,0.8944494,-7.5357275,8.228979,-7.535781,-16.823048
-285.0238,165.26758,-22.960917,31.572407,6.9241266,5.8068156,1.6029935,11.835653,12.481733,-4.316685,0.3227483,3.988371,-7.4663234,-2.2181993,4.462259,5.2592964,-4.1256437,11.184578,-3.7065165,-15.069286
-282.17932,165.59874,-22.487717,34.356064,5.82712,-0.7062198,0.027164996,15.203766,4.1182814,-9.173092,-2.4489439,3.9463341,5.0531135,4.702547,4.664995,4.991791,-7.627219,6.829798,-1.8151449,-22.277544
-284.82004,164.56796,-18.831758,37.828354,8.602333,0.41349444,0.05781895,12.820057,-6.4621444,-14.951199,2.9550095,7.0683107,0.17526922,1.2307277,1.6412323,1.5167357,-8.201623,5.5997877,2.168106,-13.841793
-287.5496,163.84671,-10.505571,42.34823,5.481175,-4.199069,-4.6258774,5.935763,-3.1796322,-15.750067,2.705737,7.907325,-3.4256988,-0.08566207,-3.2155972,9.075773,-8.733434,-1.8829359,-5.204896,-10.708069
-256.4135,175.15123,-12.546382,53.46615,8.767151,0.7657093,-3.4962733,7.020564,-12.438981,-19.207043,2.4695704,1.4120259,-6.493441,-2.3053823,-2.4917789,-6.7840457,-19.776623,0.012760878,-8.884941,-18.596382
-231.99039,173.51056,-24.172039,60.4758,4.83837,0.6630503,-3.1170652,16.295752,-17.8015,-18.668568,13.728258,-6.270664,-9.249523,-9.52596,1.3274047,-3.494662,-21.20996,10.531549,-5.918721,-19.893135
-225.50368,157.00153,-29.93462,68.51866,2.508538,5.5837584,-2.953496,23.291142,-22.771305,-23.081457,13.026668,-10.256855,-5.648886,-11.902283,2.772561,-10.493018,-24.971447,15.850798,-9.3877735,-22.93229
-206.03343,153.6534,-36.285446,76.92752,3.0113802,5.940216,-7.865373,22.43671,-22.161467,-28.195488,4.511999,-12.130932,-4.617728,-15.753746,-0.81411123,-9.029033,-26.282276,15.377183,-4.9524107,-18.889526
-139.69408,156.86761,-55.53013,64.63422,-14.881382,10.714707,-32.33145,12.660149,-26.503757,-33.99221,-1.6635495,-0.75589263,13.836731,-15.252098,-7.5038733,0.5774443,-9.113426,19.989674,-13.482227,-25.720322
-150.1852,151.68463,-67.27292,57.163635,-13.70811,2.849621,-25.642067,14.901538,-13.616728,-22.17625,-4.304588,-1.1159189,11.57197,-8.361089,-11.591064,-5.0993047,-20.97495,13.859397,-18.174965,-28.809338
-159.66461,146.7478,-65.89545,52.711006,-16.727789,3.266251,-31.425106,10.2470255,-18.890896,-25.564028,-0.63776624,4.761404,13.737207,-14.145031,-14.227354,-2.4545505,-16.504341,16.459843,-19.579123,-34.857666
-201.78058,138.43008,-55.250713,55.815727,-8.694681,6.496379,-26.534285,7.279976,-32.75895,-42.541367,-5.2010283,-5.7788467,8.064297,-18.782646,-14.530167,-3.4171684,-18.43334,14.48403,-22.170794,-32.37507
-224.20105,129.71884,-41.535255,72.59839,-5.091166,14.638523,-14.453369,5.2745256,-27.166008,-40.155365,-2.3342235,-12.48794,-8.984219,-15.194414,-14.149237,-12.397371,-8.512974,19.87685,-15.89943,-30.306385
-222.55292,129.25003,-39.342373,65.74068,-9.4520645,24.081036,-17.728357,3.4631186,-13.138258,-31.291187,7.0256596,-6.817189,-9.774726,-17.119991,-21.911516,-18.793623,-9.41632,22.541992,-11.668517,-19.738098
-229.30888,129.72371,-44.25309,69.336975,-5.4720316,22.594011,-7.2715883,7.17537,-12.109553,-33.36061,4.5081463,-11.459724,-17.4207,-15.666588,-7.5599213,-7.701521,-0.77245194,18.827282,-16.911282,-20.885014
-222.80672,134.91486,-45.00493,70.1902,-8.4114485,16.677002,-6.827437,9.322149,-15.279654,-30.894642,6.376525,-11.047483,-9.34679,-18.058613,-11.425335,-10.350071,-7.423921,23.758541,-17.912554,-21.64272
-220.83708,142.99759,-41.7693,69.37423,0.007210195,22.10883,3.008777,19.324463,-12.769924,-25.68144,7.1494083,-7.8736534,-3.395331,-16.655907,-4.625786,-6.9442544,-16.600258,27.007442,-7.952899,-16.73249
-154.0645,152.77625,-52.88874,65.59388,-12.608458,12.154348,-20.201067,15.18445,-26.099684,-23.354744,-1.1271577,-2.0556502,16.118652,-7.692743,-1.3283755,2.7964785,-4.811017,17.730778,-14.443045,-28.352634
-157.83217,139.02005,-72.90886,62.311745,-13.31541,10.881187,-17.495113,15.853039,-11.667973,-15.002487,8.938118,11.166118,15.772814,-13.722506,-10.18139,-4.718278,-18.210022,13.441548,-16.328022,-29.856386
-160.70343,134.76953,-70.43848,63.016006,-14.172144,15.188616,-20.290369,10.052938,-9.443367,-22.434952,6.1980777,13.968204,11.065723,-7.689039,-7.122963,-2.2825377,-14.023064,12.892829,-11.929635,-23.724213
-184.84177,140.18413,-56.090073,65.397064,-6.8118725,17.11893,-18.865093,6.745704,-17.718868,-30.651659,3.7832184,3.404706,7.3081226,-5.1954656,-0.50892144,3.3342907,-7.827738,12.195006,-18.693497,-27.699268
-227.0401,130.55774,-41.024384,76.18367,5.904782,24.895475,-1.203382,14.363428,-21.401031,-30.11401,3.7974806,0.06356263,4.740134,-9.733112,-3.2468283,-6.7852764,-9.16915,17.734146,-17.346529,-27.20818
-233.4902,137.46579,-35.692802,71.67059,1.4022298,24.771145,-2.9623332,1.2542422,-22.662785,-31.601097,10.315868,5.3661046,-3.7275236,-5.7812986,-3.9661636,-11.82146,-6.0839806,12.60572,-20.086918,-20.91021
-246.93663,136.26126,-33.658375,71.40117,5.1249495,20.594343,-6.0708504,3.186614,-7.6097894,-28.496395,9.103191,6.027211,-9.9803705,-11.027701,-11.2332735,-13.119476,-5.4359536,12.883444,-13.787434,-12.531948
-241.4759,142.09993,-29.462051,73.65936,-0.8845434,6.022069,-6.258703,10.686976,-5.7785816,-32.564735,2.3030026,8.056901,-5.081254,-6.526279,-11.0726595,-14.280638,-5.3668547,13.940271,-13.954557,-18.116343
-241.25475,135.38647,-37.813347,68.787994,-0.29258513,17.783066,-4.104737,14.038441,-11.456261,-29.12377,9.966997,1.2033471,-1.1763794,-10.726501,-7.336398,-8.3736925,-11.549314,10.17664,-18.305683,-22.844288
-228.02339,142.94368,-38.253258,62.286064,-5.295071,18.576523,-6.376662,15.035779,-12.324171,-25.103666,7.951192,-10.104137,-6.580125,-14.941626,-5.8333607,-8.586027,-16.116581,13.786942,-10.85564,-21.978714
-173.08116,161.67717,-36.735924,64.08562,-11.663414,12.230894,-19.755516,5.9385815,-13.014528,-19.927977,3.0513577,4.33613,6.1942677,-2.9922276,-3.4519486,4.463133,-1.6339633,11.084984,-3.302113,-18.642328
-147.69226,155.72214,-58.765434,53.719463,-25.471687,12.199793,-16.428846,14.331128,-4.139891,-20.305817,0.362786,16.6769,11.446719,-13.413119,-9.187951,1.5874057,-10.346859,4.1559753,-12.279718,-23.391897
-162.72914,157.65492,-57.49247,49.551727,-23.959301,5.545392,-10.755682,13.73807,-1.6555519,-9.662832,-5.1598988,10.960006,12.788532,-13.03117,-11.575309,-1.5796921,-16.354168,1.6315475,-9.740095,-24.040369
-182.72426,159.0877,-53.530525,50.158035,-18.727303,2.527422,-0.37529105,11.755813,-2.2057633,-11.23586,-6.6278977,10.058043,8.78913,-4.806246,-9.953799,-0.12912786,-16.069704,0.04309261,-9.561132,-24.617619
-204.2053,176.341,-47.56268,45.84256,-12.375172,-7.7105637,1.7579436,17.489687,-2.6500115,-11.439514,-8.042985,3.983408,17.866596,-6.670863,-10.200459,-0.40184137,-17.68278,-5.7486677,-10.565285,-16.399998
-229.95055,167.55882,-47.935143,50.91754,-2.014312,-11.762089,10.157559,21.044125,-3.0085866,-8.969734,-12.425408,5.447481,19.591333,-6.2479267,-2.3723311,-4.825327,-17.97187,-2.0328155,-19.068617,-14.478508
-249.39738,172.24286,-39.15329,47.24832,8.488342,-3.838842,9.130673,11.2668705,-9.937124,-5.0664206,-3.0367804,3.623403,14.389699,-8.985128,-1.0499556,1.6250088,-18.882923,-8.215047,-21.568794,-17.02164
-265.617,167.0783,-32.9691,49.042797,13.970947,3.1389606,5.6141796,3.1585908,-12.28017,-11.227169,-0.19999519,6.1534166,8.874302,-7.7585793,-7.810154,-6.568457,-19.384449,-9.616205,-18.443306,-12.564337
-267.73636,165.35095,-26.263817,48.912468,8.262006,0.6218538,5.9952297,7.5679717,-3.2086802,-12.570814,1.24528,12.848644,2.5343542,-2.913023,-6.089363,-8.496366,-14.511263,-1.9902384,-13.302648,-14.352446
-265.3516,163.93356,-32.656815,43.111862,5.2553883,-2.2079177,8.289116,20.057554,5.514861,-4.8653955,4.935521,11.249959,4.8550735,-6.460187,-10.618857,-9.888592,-13.302366,1.4337549,-8.27726,-14.590082
-270.82037,166.06038,-27.715412,40.259205,14.83999,10.476057,10.642176,9.007231,-2.3394604,-9.664161,-2.4705558,12.881653,4.2285705,-6.49255,-12.9801655,-10.804626,-11.636408,3.961691,-11.049988,-13.182972
-272.66922,164.16046,-30.714275,37.79087,6.9127693,-0.55416644,7.6130323,13.970247,-0.97874737,-4.9015164,4.019064,14.794747,4.4172306,-10.135622,-15.380043,-10.707331,-8.654361,0.40765512,-9.630595,-16.403042
-276.60925,168.03397,-22.879179,37.672897,10.521,2.3946862,5.563459,16.069061,0.024562836,-0.7144922,6.0384183,13.940716,10.35285,-10.992491,-11.8130665,-5.0190697,-12.968249,-5.159755,-14.630046,-13.407047
-279.6624,166.48306,-23.42576,39.31201,12.216908,3.2191396,8.850498,18.537445,-0.9995712,-4.246082,6.263384,9.597667,6.0017147,-4.4010906,-8.309129,-7.6925125,-8.187805,0.7156374,-12.734305,-12.54514
-286.3564,161.00937,-24.819351,39.196022,20.622608,7.1074276,8.385101,15.173277,-4.070859,-4.3567696,3.46822,10.08173,2.8851643,-4.652329,-4.707757,-4.091583,-10.62044,-4.091916,-11.795986,-2.5627322
-285.31836,164.68738,-22.409113,39.271797,15.9423065,2.3429751,6.0054493,12.986353,0.32365322,-1.7043405,6.5196857,12.897551,8.094642,2.7328794,-7.486655,-8.029829,-6.755975,2.0816903,-9.879079,-6.363348
-291.1832,157.50763,-22.195189,33.476875,14.140995,9.488001,10.36939,12.299929,3.1199677,-5.9223914,3.7272663,19.410625,2.9528437,-1.8441948,-11.334463,-11.3819065,-11.967594,1.2681811,-11.167289,-5.1307316
-295.05438,160.66757,-24.324966,27.620054,11.815037,13.674004,12.961594,12.178978,-0.4750231,-5.0521727,1.9984688,11.858978,9.835796,1.6119552,-13.855711,-16.154783,-9.698066,5.307114,-14.534912,-17.112955
-296.53622,158.04248,-24.68697,33.65828,18.17684,8.405249,13.816439,15.860735,-5.71924,-5.060931,2.790729,7.4092073,-0.6041712,-5.640423,-12.505087,-12.121771,-9.548182,-1.6670649,-9.675191,-8.675326
-301.6936,159.4896,-20.466846,34.13896,14.602022,2.9204605,7.1174374,14.503101,-0.07136583,-4.447322,-2.5531352,3.462927,-4.1648426,-9.653682,-12.743355,-10.601726,-6.6982512,0.12309778,-7.8258886,-4.44095
-302.1099,154.45718,-26.842773,32.4466,6.7032537,-0.54102093,10.039926,16.016476,5.9716177,-1.0754793,-2.3861046,6.1308384,2.9113572,-3.143589,-7.315281,-7.3207207,-2.5860188,1.0042939,-7.2190876,-3.2745466
-241.32425,154.63911,-41.6896,31.134224,-13.15781,-2.881257,-6.3596277,-12.961847,-16.692358,-14.65572,-8.88323,9.142108,0.13255763,6.271143,-9.859849,-8.207126,-4.3630514,0.7351565,-0.3914489,1.4081063
-242.60359,156.89124,-43.125435,34.12229,-4.9622045,-1.354643,-7.3900824,-5.498214,-14.500883,-14.13917,-5.7725787,3.822193,-3.947618,0.61313033,-7.618958,-11.798651,-7.709564,1.1429553,0.9699646,4.999962
-265.331,163.61017,-29.855946,37.596443,-5.2636085,-5.653588,-1.0580721,-10.295242,-20.724548,-18.320248,-7.054832,7.0518,-4.5331693,-0.90382373,-6.365781,-12.542107,-6.021265,-6.2486496,-11.043118,-6.288723
-281.78296,153.26126,-31.211853,32.96228,-2.098659,-17.371075,-11.510809,-4.917483,-25.526148,-21.26233,-13.316948,-3.9627166,-6.6539626,-4.942399,-14.758728,-20.180458,-13.379509,-4.4696116,4.487934,1.1954814
-294.84412,154.56865,-26.208202,31.336357,7.6923018,-11.277798,-20.730965,-11.684984,-16.754957,-18.28371,-13.6557865,-0.2376698,-0.04757607,-1.4776365,-11.8875265,-12.158457,-10.154186,-4.606272,-4.053787,0.8544681
-318.7267,148.78453,-24.896465,22.738596,6.647915,-10.442675,-11.281522,-5.9305477,-14.253752,-9.261511,-6.2034264,1.7144135,-1.0028851,2.3414748,-8.610921,-14.646326,-3.5203767,2.085898,-7.7386336,-6.174056
-324.12506,141.56122,-23.278292,24.379467,8.431232,-8.708353,-6.473419,4.482648,-6.641039,-9.101907,-11.397216,1.8594209,-0.8348118,0.40145195,-10.160083,-18.233713,-7.3773685,4.5701847,1.0161648,-1.6605078
-317.81863,146.26964,-28.552532,15.113726,4.156417,-5.1309786,-9.120016,-3.5759854,-12.349504,-6.829013,-4.5887685,2.4892583,2.291078,-0.91797036,-12.970743,-18.599915,-9.967054,1.3032439,-6.145774,-5.797783
-325.39908,142.99112,-23.673468,21.16345,8.698904,-0.105152786,-1.3466793,-3.1771145,-14.279595,-8.90012,-5.6463885,3.4902072,0.4813021,-2.94627,-14.396997,-11.495071,-8.586618,0.31260976,-3.720545,-3.807181
-320.0081,145.62605,-26.895979,18.188232,9.940891,-0.81414735,-5.1635075,1.9790862,-10.057737,-2.4029036,-7.1729536,1.8995192,6.032224,-0.60272944,-12.529562,-17.618965,-13.902994,-7.313416,-11.690802,-6.407536
-330.64764,135.70203,-30.225048,16.526608,5.4590855,-4.0461054,-2.3288245,2.693586,-9.022642,-3.4658704,-9.906706,-2.0423076,-1.3153872,-0.15369761,-11.914382,-22.709002,-14.193481,-3.8482985,-8.251183,-3.572642
-324.7759,138.49603,-35.04167,24.566128,11.091008,-7.012374,-2.6076202,1.7657332,-8.153639,2.9845395,-10.112631,-0.33748716,0.48838615,-9.110451,-5.0046396,-12.655897,-11.45317,-5.643591,-10.13666,-2.3445582
-266.0656,156.16516,-45.741394,28.819809,12.055056,9.488409,11.881638,13.355608,-2.514172,8.221018,-7.2883973,1.386287,-5.2211933,-16.97917,-4.7808285,-11.332123,-16.818577,-11.724833,-5.8592944,-2.7394223
-270.6155,162.64886,-23.167181,31.679657,2.49654,4.230178,9.8101225,10.378176,1.2354791,2.5271792,-11.0126,-1.2901256,-8.285738,-3.001113,-6.994665,-12.867762,-17.701672,-13.462685,-6.032201,-4.7571936
-284.05984,157.90976,-27.116516,27.449419,6.4820395,0.78772897,3.3243494,12.096201,-0.124843955,-0.7206931,-11.607628,-2.70308,-6.9124975,-7.640601,-10.0617695,-15.05916,-20.739391,-17.65726,-9.294631,-2.7324824
-296.5441,161.71954,-27.440762,26.430168,14.455161,-2.1731567,0.97916996,14.815273,-3.794286,0.032336593,-11.729544,-8.777706,-6.157855,-14.533665,-15.582858,-25.077374,-27.948034,-17.281288,-9.063707,-5.12623
-301.45367,159.68637,-23.915066,27.813465,14.29855,-1.1127036,-2.4939287,5.0366497,-6.420546,-4.6500816,-17.026243,-10.652805,-4.0814404,-10.611033,-15.444805,-19.678062,-22.23304,-17.933117,-19.613735,-14.727506
-307.47488,157.20462,-18.66267,29.686275,17.56274,1.3675404,0.11268869,-1.2809722,-4.3131227,-1.1389842,-12.994829,-2.667336,-15.140619,-4.5987706,-10.946188,-22.477125,-25.86544,-20.731874,-13.362034,-10.237894
-298.32837,149.25323,-28.04177,36.30744,14.080212,-1.1866729,4.14048,3.4996283,-7.0496693,-5.5028696,-14.309725,-0.24857846,-4.014058,-9.0415,-14.6154375,-16.802944,-25.560873,-17.086025,-9.039501,-11.912081
-304.04712,147.31943,-33.99014,32.704502,11.256944,-5.558312,3.0692391,9.686209,-6.9903092,-5.4695964,-16.58525,-5.838736,-0.48522657,-14.037617,-13.163355,-15.003207,-22.935358,-13.887096,-10.741505,-15.255206
-325.65454,151.26813,-14.794338,34.567932,24.089123,7.875711,2.648693,7.681128,-3.7838204,5.2891707,1.1488822,2.217443,-2.6789453,-7.77096,-6.472094,-15.669999,-21.657932,-13.079416,-8.484835,-13.351055
-317.27045,153.2625,-19.628248,22.349007,12.834926,4.479274,5.6683264,15.05674,1.169201,5.323201,2.634213,0.9355179,-4.6433935,-2.3777614,-8.388945,-14.941721,-16.109373,-13.248095,-11.540063,-12.111338
-300.60638,156.00055,-18.421772,27.695457,8.354708,2.6291287,2.8915951,7.392967,-0.22508907,-5.0654864,-13.980332,-9.663851,-15.660233,-1.4193733,-10.839804,-15.640495,-12.118071,-7.431523,-4.6055107,-0.6409752
-277.04218,140.6611,-30.576614,26.99356,8.680425,19.885979,4.481428,15.856119,-8.284306,2.783512,-17.13679,-14.446276,-11.059631,-10.99275,-2.8433228,-8.254381,-10.468397,-13.982122,-1.3304958,-0.47145188
-259.49197,137.7201,-30.338055,44.455963,1.091074,8.494377,-4.1529484,10.047739,-2.2586608,-3.7457483,-12.265499,-7.95446,-16.035803,-5.5075793,-9.093406,-16.5159,-10.795246,-17.273113,-19.222284,-4.9778953
-270.56985,142.82034,-35.303078,42.644836,6.188731,4.7058625,-7.7814255,5.0200386,9.084204,-10.98613,-8.135359,-4.449137,-18.806067,4.733773,-10.298362,-22.680262,-21.138557,-18.090233,-12.013311,-1.9731807
-280.26178,140.85118,-37.236988,37.13891,6.335777,4.629178,-0.4265226,7.273552,1.8769261,-8.230225,-9.959822,-7.234149,-17.559032,-0.47802263,-9.985648,-24.304134,-22.717674,-12.852923,-13.401291,-11.281212
-294.53384,142.79794,-32.9209,34.739647,6.533127,0.30128545,-0.781575,2.0986023,3.2934468,-1.196526,-5.9938345,-0.3981377,-10.039585,0.0016566515,-14.014044,-22.073956,-23.873554,-13.763622,-8.801076,-12.42148
-301.27505,138.34505,-35.825172,31.999676,9.169429,-1.002103,-5.7532034,-0.97211826,1.4317584,3.028492,0.7993709,3.329926,-13.256581,-4.5513525,-11.180691,-19.445286,-21.184616,-16.264849,-14.443577,-12.357861
-302.4184,139.94444,-33.61255,32.216007,13.573309,-1.2560507,0.76038486,7.5080886,-6.2047834,-2.2384167,-1.055676,5.023127,-9.138578,-2.9360073,-6.4278526,-13.027718,-15.817045,-16.145008,-12.768473,-7.461031
-309.02222,143.41853,-32.00772,27.110842,12.383471,1.2159896,-2.404937,3.6128182,-2.9646087,-2.170209,1.0071483,6.6444674,-7.953144,-8.764292,-10.299068,-15.931339,-17.558912,-10.315053,-10.114861,-4.4003725
-313.03027,139.29872,-30.957642,28.764446,10.511948,-2.44915,-0.01447022,10.4976425,-7.3757577,-5.534216,-5.0168447,-2.0307302,-8.546465,-6.488474,-6.318879,-12.567548,-13.917924,-8.950075,-7.36811,-7.7239714
-315.28137,136.225,-26.914196,29.80711,6.481075,-2.5127592,-1.424527,2.0139604,-8.017612,-5.5292993,-8.819408,-4.47211,-12.269785,-6.273024,-11.24312,-7.2242947,-6.93954,-8.883796,-12.742213,-9.633451
-318.862,138.5849,-25.475544,25.211746,13.273394,14.885281,7.6993556,2.2148275,-9.413454,-5.763072,-9.183025,-4.6154413,-11.305696,-2.4057646,-4.7632093,-5.2461224,-8.845478,-4.583951,-6.5809274,-12.910605
-331.25275,125.90948,-18.438143,37.432503,23.606646,18.803204,-3.3699403,-0.91661507,-10.875542,-2.0985408,-5.2343836,-2.3238666,-11.489551,-6.3330455,1.1016661,-8.375935,-10.736839,-5.5740395,-3.562245,-6.476599
-305.9122,131.04845,-22.48217,32.204597,1.7798938,19.760773,-5.829287,-2.724019,-13.834932,-1.4840543,-1.0302242,-7.7012477,-0.5235081,-10.91664,-13.973745,-9.542051,-4.7367363,-3.9880471,-6.766849,-5.7068825
-324.1135,145.24722,-20.392323,28.242016,18.24171,-2.0220485,-9.621421,6.2837577,-7.7376933,3.6296995,-12.235351,-6.298717,4.470274,-3.1812172,-5.2884407,-15.866839,-9.384321,-1.4560705,-4.576809,-9.938044
-327.2171,150.00616,-16.86995,25.251072,13.426444,-3.9127927,-4.2372184,3.6354957,-9.710736,10.020911,-4.629095,-7.010536,0.35383868,-2.6368923,-6.7461863,-18.980728,-19.274504,-8.471499,-2.5768657,-8.217672
-328.35852,149.95496,-17.44663,21.661438,13.653589,2.2057161,-0.21813083,2.1517336,-11.545229,4.8081303,-1.6628652,-0.67371714,-1.7086413,-4.8101354,-9.419563,-18.597641,-16.07117,-4.1256657,-3.7852025,-6.5933986
-335.2633,143.76746,-16.34774,31.93993,25.915821,13.990846,6.1817284,4.4511385,-15.722408,-4.6415243,-6.6277313,-7.699862,0.26447636,-0.39414537,-1.8403358,-8.243948,-8.054518,6.6411886,-6.340212,-11.712882
-304.9651,149.67653,-20.084723,44.16039,31.83586,9.2092705,3.1230135,14.850335,-21.911766,-5.4441514,0.5475291,-9.741198,-5.5584373,1.4473723,-3.5347972,-25.052147,-8.242809,8.384994,-18.123371,-11.029421
-301.03314,148.19983,-18.88403,53.39791,26.03305,4.5933304,4.0393934,16.476585,-17.523453,-7.8064876,3.1083188,-2.0005326,-3.3904285,-0.5026111,2.7188866,-31.208118,-19.505053,13.593865,-21.761635,-24.06001
-294.25345,139.59283,-20.435966,64.538605,19.88079,0.5252429,5.6638484,10.558062,-27.064816,-6.077091,6.4522333,-2.7686992,-3.0993419,-1.874384,-1.4189372,-28.195232,-15.6852255,5.9460697,-21.894188,-25.762373
-277.35645,139.33572,-24.529396,63.31206,12.604008,10.339581,15.6887,14.525377,-29.544785,-10.5085535,0.07243943,-8.177968,-1.4999485,-6.850587,-1.9275402,-19.527847,-13.81476,9.869872,-21.56834,-25.873531
-229.88402,140.4938,-43.944077,57.496223,10.724361,20.661636,8.814788,23.78611,-33.039894,-12.007795,5.495756,-12.317007,0.47525126,-15.339487,-5.1527987,-17.36257,-24.199009,5.953306,-9.224627,-7.236524
-209.67151,152.41223,-41.72891,65.62894,2.1723862,2.3747594,9.967837,29.00415,-33.381622,-20.509087,-0.5253811,-11.387062,-6.494835,-12.200712,-9.657907,-22.378803,-22.460434,1.183506,-16.170622,-26.13725
-146.62186,173.07193,-66.719986,49.12188,-3.366069,3.085969,-22.101387,5.276577,-35.157043,-26.270084,-2.4092045,3.0582864,8.78479,-11.976389,-8.214305,-10.202768,-10.381524,9.810529,-25.653149,-30.552114
-143.15363,158.72166,-78.25043,41.560265,-2.8312478,3.1377401,-21.821404,11.950357,-38.03116,-19.936384,0.9483132,9.776753,7.5504394,-13.1341305,-7.4271593,-5.441971,-12.985388,5.4479103,-24.225252,-28.698032
-152.27467,142.16364,-65.46143,50.532005,-10.767517,8.692295,-31.14304,8.293842,-37.516815,-24.272306,1.2146748,4.9278774,7.842909,-7.838399,-14.117542,-6.1804624,-8.83954,2.7775311,-16.399298,-24.385618
-192.1796,137.38535,-46.808304,64.64025,-4.1645937,17.277658,-23.223808,4.6748114,-31.972992,-36.445995,1.0489662,-9.156823,-2.5160422,-4.629204,-20.257717,-2.5968666,2.8603375,7.671021,-16.734867,-19.42884
-220.43954,133.72095,-37.294846,69.04434,-7.172797,13.855754,-16.798008,3.1265688,-30.404324,-37.414497,13.110067,-6.339658,-6.210642,-5.037242,-20.734068,-7.546541,-3.0447025,7.0341344,-16.260427,-18.88106
-236.44249,140.97137,-34.84809,65.61619,-0.7223127,16.79726,-8.951949,2.5470793,-28.56381,-32.750755,3.355853,-13.033259,-2.2965512,-8.81448,-16.411678,-8.235266,-6.858445,7.8745112,-18.545202,-17.618126
-234.3469,134.59344,-39.73784,62.22871,-6.983967,15.687363,-6.9529943,7.491841,-19.865856,-30.41682,3.0827887,-10.643264,-6.4287443,-9.267794,-21.54747,-13.312281,-10.8137865,8.00885,-12.452226,-19.802643
-234.41628,131.2998,-38.456062,66.515656,-3.0859554,21.215004,-4.747199,8.067915,-17.299702,-34.239258,4.887035,-6.156027,-15.439657,-13.73045,-18.570072,-9.531713,-5.6200294,9.082012,-10.167732,-16.387506
-234.04636,135.60986,-33.83072,65.608215,-7.4113836,22.219995,-6.734952,4.8624725,-8.730753,-26.430569,6.3809094,-10.486317,-17.285833,-7.959146,-14.4458885,-10.336859,-12.760196,-1.6078593,-12.857506,-11.899019
-248.86429,138.9671,-37.165627,63.136894,3.9238858,17.720154,-3.2754436,4.0005608,-16.922852,-28.022781,4.5159726,-3.815794,-11.473043,-17.688042,-20.678997,-16.115013,-9.687785,11.5756855,-17.969204,-19.41238
-258.46054,142.19766,-30.149534,63.664658,-5.568921,3.7999153,-3.9381642,6.373561,-14.679045,-32.609287,1.6757004,-5.2867513,-12.89089,-15.104811,-21.276978,-15.545957,-8.010391,6.0049925,-18.972937,-20.304634
-255.58923,133.73813,-29.014423,68.58958,-5.048231,14.227007,-4.8202877,-3.197299,-10.555494,-31.597084,2.9868202,0.899792,-13.169277,-9.270664,-21.391045,-19.691462,-11.299049,5.475506,-16.225895,-19.47635
-261.0606,129.42628,-29.420021,63.123672,-0.3161581,17.368544,-3.6192663,2.083423,-14.097757,-30.443043,2.0270276,0.18078429,-13.369894,-5.773675,-16.015089,-16.575077,-9.241264,4.731139,-19.693134,-21.471058
-272.02454,128.99176,-28.441507,61.98778,8.799866,28.205605,4.7785873,7.403396,-10.825644,-39.63556,-3.8264127,-7.3633657,-21.793194,-7.6824865,-12.780027,-14.067322,-9.994717,7.096283,-23.952272,-16.770935
-277.79388,126.73001,-29.081554,64.92588,7.247348,22.869038,-1.0506586,3.5747294,-10.83587,-37.669647,-1.7527865,-7.1286645,-22.642866,-15.152947,-12.062517,-7.703919,-3.2928143,14.727075,-21.138096,-22.429523
-279.9308,127.887955,-28.284561,65.66539,8.050234,20.654287,4.556836,12.882775,-18.477707,-30.121246,3.74887,-13.453879,-13.887404,-17.941404,-14.481089,-12.215381,-12.4184475,17.374714,-16.790758,-20.165714
-287.3845,125.13649,-30.296524,65.250755,15.152027,16.808208,-0.3212925,16.46173,-17.100555,-30.223286,-2.8811696,-15.999212,-9.847696,-21.932014,-10.582897,-10.210831,-12.168817,26.559574,-19.060555,-20.258698
-279.4766,128.75917,-25.118973,66.03717,8.132583,22.381216,4.870282,14.853354,-4.84561,-21.724464,-3.1824064,-8.370253,-5.2260857,-16.744156,-8.208944,0.26055518,-5.9507465,21.731981,-23.711327,-28.579952
-287.9181,129.40349,-20.745073,70.11419,3.3351974,5.661045,0.97840846,8.033796,-12.087631,-17.71009,6.5248175,0.15100598,-8.987219,-21.976696,-7.5791893,-0.11720592,-8.404228,18.832352,-18.532757,-21.397533
-251.48317,152.2809,-35.238102,57.327644,5.8378887,12.958141,7.957777,22.185305,3.979885,-9.682144,5.388432,-5.022178,3.4352555,-5.3112645,-4.4794784,-4.4814024,-15.462425,20.465897,-12.0161495,-21.39238
-212.70416,162.50671,-24.724571,61.502907,-0.08039433,15.710876,-2.5205119,18.19627,-14.256037,-19.497915,1.6569881,-2.6633468,3.0018826,-1.6712215,-7.279721,4.3220425,2.2930906,18.846687,-4.029917,-23.971062
-166.655,150.6275,-52.264904,52.760178,-13.523087,14.311001,-21.22033,10.581322,-4.433271,-15.380079,3.9419365,7.998225,7.724535,-1.9986393,-10.065315,4.768462,-1.9350007,13.326381,-10.493797,-24.72868
-167.03151,164.4354,-48.928413,49.119717,-8.31221,12.7300415,-10.0126095,7.9277873,-8.681121,-9.76025,-8.648022,5.037689,4.752061,-7.675097,-10.3115635,-1.2935767,-6.179145,12.481119,-0.4115892,-15.2545395
-196.64381,164.5516,-45.982994,49.733032,-4.7517595,6.266671,-0.6354001,14.03113,-12.906787,-14.556203,-16.586304,-1.3127799,12.189248,-3.5890002,-12.570849,-4.677802,-8.6065445,6.122234,0.78768945,-13.010723
-221.30557,175.42552,-36.400505,53.084618,1.1534696,-5.3234444,0.73786855,11.894146,-8.756284,-11.74535,-9.359893,-0.548628,8.871418,-1.3667132,-4.8783855,-0.7900479,-7.747527,4.8944454,-5.116677,-15.562092
-239.3899,171.85336,-24.954441,57.41252,8.094296,-5.6500025,-5.9104176,7.1644807,2.705237,-9.4629135,-10.706567,-1.59324,0.6593204,4.638316,-3.591053,-0.56796247,-8.247711,0.11323213,-2.4255822,-7.370673
-254.27603,173.04794,-28.41013,52.498817,20.227959,4.416584,-5.42692,-1.2710061,-1.9796693,-10.988611,-7.1189814,-0.8128291,-0.89399225,-0.6133672,-5.154343,0.13092637,-3.7495093,-0.35034454,-9.256973,-11.220863
-267.28125,174.10541,-25.401134,42.261177,19.824326,8.363123,-4.3524456,-1.1372333,-11.092581,-3.371913,0.06892526,-6.874549,-6.1908507,-11.725742,-3.0061004,4.853328,-0.30799422,4.780951,-10.559105,-18.09771
-277.29227,175.30025,-24.33219,37.654713,23.004723,10.174076,1.7690867,3.5482948,-10.124428,-4.320619,-5.7784376,-6.632406,-1.4182978,-9.796841,-0.10388303,1.0321498,-4.7976503,5.518837,-8.597705,-10.100885
-279.51904,170.8859,-24.155186,35.21602,18.952267,11.362902,3.6793842,11.583109,1.16522,-3.4617624,-1.3795741,-0.56678903,-3.399877,-8.349274,-6.4240313,-3.4815483,-6.613205,-0.81443346,-9.176375,-10.280082
-280.05023,169.08572,-24.703743,38.237736,17.35503,2.6150494,0.015651911,12.823116,4.154239,2.3049707,-0.8552129,1.9867529,3.6137166,-5.999874,-8.829483,-7.531084,-7.400441,4.205715,1.2249041,-11.206959
-280.80566,166.01714,-19.101196,35.187347,10.761513,-1.5442419,-5.6020474,15.6945305,10.876619,5.6905756,4.7331185,9.187413,0.41284248,-2.1540618,-6.1236587,-11.808109,-7.8983746,0.8530178,-7.8227077,-10.805418
-290.9294,160.21823,-17.504192,32.11676,7.20815,1.6074836,0.026788667,12.8980665,6.776968,5.3673577,3.582048,6.501621,-5.637227,-5.833561,-4.382244,-6.6113114,-9.497503,-5.8418627,-8.2324295,-6.3149705
-293.00775,161.01726,-20.2672,32.517063,17.046719,12.220171,8.934426,14.391764,2.840645,0.71009153,1.8925098,5.6064577,-6.8452196,-7.0376706,-5.328824,-2.1362667,-4.309825,-0.9437349,-7.178314,-13.7598
-295.21307,166.58627,-15.540365,33.15062,18.238243,7.622586,2.489335,6.4779334,0.96041816,3.9200861,1.345143,4.8403077,-2.181474,-2.3896234,-2.1196537,-0.6467949,-8.176976,-4.4463167,-9.726961,-7.6510305
-300.9858,167.59389,-6.3799386,34.838913,10.467957,5.737961,10.291914,5.032275,-3.7706113,2.567731,-0.15079415,7.427021,-3.6329155,-4.716235,-6.6059437,-0.04139924,0.83863544,-0.35037357,-4.799554,-9.492266
-306.40076,161.63562,-8.078407,42.252815,19.223982,0.50134563,1.336874,7.424039,1.2853842,-0.41941604,-8.499284,1.4526143,-1.4508808,-0.39263222,-1.4691103,3.2437096,-2.6027625,-4.8261204,-3.185811,-11.755661
-311.57574,162.34833,-7.3263736,37.716385,26.334648,7.7977667,-5.4596014,0.71332574,-4.781309,-5.60696,-5.4110756,4.6733103,6.622128,7.964571,7.002712,8.381451,-4.0708833,-4.941709,-9.93103,-10.076931
-306.63916,164.6341,-6.88545,33.421516,14.453579,2.2501957,2.5432987,5.934086,-4.618331,-3.0792637,-3.2484906,5.7087545,-1.7933546,6.2751026,7.4546347,10.420189,1.220467,-2.0060349,-5.3128076,-11.173766
-310.61703,166.46605,-2.6478095,31.498255,15.35335,7.181532,-1.1743469,-1.6901095,-9.713289,-2.8151572,1.3837161,3.7165494,-2.1328003,8.1595125,2.927569,8.00413,3.6265113,-1.7518916,-4.1582766,-9.611977
-315.88953,169.48795,3.610693,36.405674,18.90517,3.1871014,-5.3778744,-1.0545537,-3.682525,-1.221215,-1.2579685,6.461937,-1.0075643,4.617023,1.1489863,2.7145634,2.447843,-0.4876392,-7.328696,-11.883629
-313.77722,157.90866,-3.4017248,41.472225,19.394745,4.410112,-4.581023,4.7341576,-1.7816194,-3.579545,-5.761176,3.104482,0.36715436,0.6498787,0.29519367,2.1906457,3.3550615,1.7891717,1.1748985,-4.77721
-278.0999,143.90959,-10.626703,49.777992,10.108215,8.514032,-5.1527185,9.870829,-7.145956,-0.45052767,-17.240847,-0.9794271,4.534111,1.0608999,5.2853785,-2.6216772,2.5898654,-0.2260459,1.1002195,-2.7184849
-269.3257,152.97536,-20.431606,54.038673,4.377894,-0.14169359,6.054864,10.094576,-5.687744,-0.9426892,-11.390574,1.9684796,-3.0816207,-1.2672658,2.2146344,-9.488935,-2.4387784,-2.2480826,-6.907157,-7.989629
-277.74915,150.18338,-27.666138,47.04306,8.245247,6.475962,4.6089807,3.5905495,-3.8055406,-2.2787318,-10.35537,-2.379232,-4.385557,-0.37591255,-3.835213,-10.832729,-0.12253833,-0.36729354,-7.6789556,-7.8788
-286.7083,147.09576,-19.316961,43.15703,15.793646,8.805127,1.9127784,4.312594,-0.802181,-0.018247247,-6.140107,2.1966317,-17.8785,-2.9220543,2.153926,-2.9655116,2.1000056,6.3467326,0.08026332,-7.197853
-310.42273,163.82367,-5.25865,32.41943,13.332847,6.203213,0.27276838,4.772732,0.91968834,-2.3810775,-6.376753,-3.820874,-13.819388,-5.1422205,-4.5856266,-0.68243873,1.1072998,-3.1719768,-1.2175694,-2.995273
-339.32135,164.34091,1.9194975,32.461185,20.336512,-0.5485267,-4.338255,12.61331,3.385179,0.15489294,-1.6090913,-5.1900015,-3.2207465,-7.581692,-2.194565,-0.25861025,-5.134938,-1.8118329,-0.44595796,0.9232923
-331.7509,161.54814,-1.1034188,37.015404,28.534298,8.214296,8.517937,18.199322,-1.858987,-9.111331,-9.810682,-2.1228404,-7.9277034,-5.313591,1.3789229,0.53244835,-6.3825445,5.6506276,0.43039834,-9.012688
-292.06476,153.67514,-13.395541,54.775528,27.998484,21.448933,4.4689965,10.595955,-8.442671,-19.011261,1.6515756,1.6685146,-10.37048,-4.15007,7.220708,-3.019082,-14.656307,17.699348,1.8435858,-13.319011
-279.92288,148.5703,-22.05127,55.725666,23.296505,18.88751,0.5426787,14.945576,0.9729293,-19.495329,-0.5718559,1.1538726,-15.39503,-12.71683,3.1079302,-5.0331125,-18.85553,17.557678,1.9171708,-17.267149
-277.55243,140.68503,-31.27312,57.482685,15.3715515,11.76701,1.1756308,18.55046,-2.8734694,-17.548822,-3.5785763,-1.3855608,-9.711142,-27.47834,-1.8012812,-1.1500783,-20.193197,13.118608,-5.2920256,-27.146526
-274.85706,118.23834,-40.974533,58.15518,1.8507885,9.704767,-5.153007,16.969957,-8.907925,-25.74904,-8.4838085,-9.963067,-15.815258,-23.471474,-1.5223181,-8.321575,-20.685656,13.289394,-6.921133,-30.03532
-244.47865,126.81847,-43.66137,65.68765,8.935462,28.222342,11.404093,33.592033,3.0665145,-20.599651,8.290256,-6.787092,-8.8963585,-5.604439,2.7083285,1.4508475,-11.139158,15.560276,-7.744647,-20.720226
-234.91827,131.61028,-38.722794,69.8361,-0.621706,26.766056,10.895587,30.171322,-7.4445906,-34.76406,12.555433,-4.4916744,-13.392546,-5.8909426,-2.0897336,-3.3935008,-15.670791,17.250584,4.249357,-19.548641
-149.58577,158.74866,-63.32109,55.838963,-9.826672,15.918361,-25.625816,9.063917,-23.160355,-28.548653,7.492064,0.67259157,8.522291,-3.2295465,-2.33678,-2.404204,-4.85675,28.11467,-6.5467052,-28.340057
-151.94035,146.888,-68.27289,53.14115,-10.235193,15.963583,-31.085573,19.236553,-12.674936,-16.525505,19.895931,7.421721,6.6025267,-6.260006,1.267151,-5.2238836,-3.582948,21.813688,-21.09056,-30.214653
-166.43823,137.41757,-63.06076,55.504852,-4.901674,23.290045,-31.885233,17.815588,-15.273096,-28.7174,12.891172,3.65883,0.21008217,-4.7234783,1.9780687,-5.2678213,1.2232152,23.442867,-19.799337,-24.104668
-205.7071,129.44392,-55.746223,68.146706,0.93404883,16.257483,-13.572458,19.061111,-12.499359,-36.086876,14.904017,-6.254943,-12.671527,4.277424,-5.698749,-10.962688,-4.86369,31.967846,-12.672663,-20.417446
-223.95337,126.55894,-45.621418,79.070114,2.3777597,15.0874,-6.2867107,22.754347,-11.584761,-30.814014,17.187624,-11.460481,-23.37674,-12.787832,-9.514332,-15.313809,-8.412676,26.901276,-18.667702,-24.473122
-232.59695,127.07526,-47.53293,73.949455,6.614559,25.645668,2.0646174,21.530106,-7.9220862,-32.71608,20.396523,-0.15265203,-17.744947,-12.166878,-13.5202875,-15.5711155,-8.41592,27.895151,-13.322173,-15.892824
-240.41621,134.43933,-51.392426,72.143,10.769915,14.152164,3.3115327,17.04908,-18.043764,-28.976679,20.86357,0.6589453,-11.1449585,-6.8836517,1.4276034,-12.483978,-12.450501,24.88153,-17.859276,-22.3508
-229.3167,148.26566,-50.825657,69.34991,8.612041,2.429296,-3.5164385,16.085356,-21.023098,-27.363392,16.351486,-5.135517,-0.28943586,-5.2164235,-4.3629394,-14.682528,-15.7942,27.962488,-12.969065,-20.283115
-182.74783,169.69438,-54.87204,63.680996,5.327589,4.52977,-2.8773327,31.444757,-8.972464,-14.545736,12.355074,-11.942007,-0.6175886,-7.526988,-5.992674,-18.373207,-19.215794,26.042902,-1.7942998,-12.754314
-169.04118,172.14749,-57.4542,61.36136,3.6335752,3.69127,-8.169592,23.227688,-26.330187,-24.350662,12.328519,-3.848195,3.6414208,-7.0569096,-3.27704,-15.327252,-18.162518,20.613068,-9.019981,-19.281076
-143.05946,176.94923,-73.70796,54.149574,-2.236763,1.3558315,-19.133492,11.69131,-21.131847,-21.528488,9.911844,2.089898,13.581636,-7.101082,-6.5968823,-10.893204,-18.405125,19.705917,-20.089106,-26.283092
-159.87611,182.7566,-76.56149,47.567207,0.5088805,-10.748472,-7.5467443,20.580215,-19.089733,-20.793184,0.570308,-1.5733216,18.361326,-5.834741,-9.527771,-12.78644,-25.979874,15.310598,-17.817656,-24.726896
-168.3435,186.64111,-73.652084,38.0216,-2.7594137,-9.889536,-5.3209424,22.445675,-10.551825,-22.541782,-7.985053,-2.8339496,11.88555,-4.7340355,-6.373351,-17.762375,-27.80101,12.402985,-16.899965,-18.752972
-188.4735,196.78195,-63.276413,31.162607,-5.6636653,-13.923187,-2.9315405,20.27778,-4.551336,-22.888256,-7.9207764,-2.2419329,9.603158,-0.9727584,0.77973986,-10.825596,-26.106306,8.18053,-14.042785,-16.28899
-225.16742,192.96176,-40.73502,34.430138,2.1360354,-17.425602,-4.529257,18.14168,-7.1278424,-17.52879,-4.945815,1.4777887,3.053671,0.4282172,-1.1176355,-14.931809,-20.60434,6.2775755,-11.257048,-15.739517
-249.34918,185.5979,-36.115185,37.229034,11.47435,-10.978109,3.2946713,21.190855,-7.39777,-18.209587,-5.75968,-1.8483894,-1.077507,-0.13578832,-1.411802,-15.977333,-12.153117,14.164773,-6.929371,-12.780474
-253.51614,173.26108,-37.252243,41.481457,17.326603,-3.2481751,3.5463219,19.489433,-7.079095,-21.10361,-1.3394032,4.2024965,-2.220496,2.7596798,-10.760468,-28.031384,-16.52707,17.665485,-4.1125875,-7.2257853
-254.8949,173.64157,-42.834045,33.554996,15.241814,0.054846704,2.807909,24.637928,-0.049137823,-18.709019,-1.8054178,1.3609492,-3.366227,-2.6529007,-4.3505855,-20.20979,-15.935989,15.221069,-7.0519414,-13.916899
-251.90225,175.06348,-35.021355,33.121674,7.2017546,-1.907033,-2.6699615,13.957286,-6.2149854,-15.761626,7.424449,10.0282,0.5260742,-0.76571417,-1.9128407,-9.876591,-8.42557,12.0631695,-14.302707,-15.817647
-254.6388,169.35301,-37.189125,31.24501,6.325066,0.77570415,7.052936,21.717245,-5.2202516,-11.188104,7.285529,7.1239614,-3.4597828,-3.4075823,-8.575941,-15.063978,-11.298233,7.6925545,-10.18587,-13.483937
-256.20624,170.11186,-39.562096,33.75145,9.152897,-8.572094,1.4978981,22.199286,-1.3581468,-9.295579,9.067532,10.766188,-4.541092,0.38846242,-5.427067,-16.344778,-5.8305874,7.7255955,-18.170273,-7.9337444
-266.4733,164.73149,-38.80932,35.114174,8.99043,-9.432203,-0.2318182,14.323524,-3.051031,-7.898765,10.666117,9.341293,-4.469591,0.9877629,-9.363705,-22.690481,-12.397158,13.617638,-7.2323184,-3.4373114
-271.42834,164.96857,-28.852589,39.536057,7.4374094,-14.5698595,-1.8052175,12.642968,-3.5945914,-8.806866,8.640837,12.46003,-5.697935,3.1930158,-10.647211,-18.33986,-6.74648,14.141373,-3.7931595,-2.8387885
-276.59055,165.55875,-34.946136,31.29786,12.802488,-9.912289,-1.3974097,9.13059,-10.152351,-13.567213,6.023329,12.609494,-0.5568744,0.45533323,-15.606903,-16.348713,-2.3420172,18.178276,-0.88941115,-3.635565
-279.92392,170.38867,-34.501297,25.140915,12.790282,-0.99109304,9.502474,17.322496,-12.877105,-20.958347,5.512825,13.686936,-3.0744362,0.23130524,-5.2556167,-10.071804,-3.679271,12.26791,-3.3065133,-5.0902357
-284.67212,168.70178,-30.566021,26.967937,13.629416,-1.1784773,5.626934,14.70421,-12.625412,-20.996891,2.0032225,8.960981,-7.646784,2.619003,2.1578686,-5.233842,7.358281,13.0306635,-11.036465,-6.247843
-289.47473,169.18085,-28.743544,22.00133,18.319187,1.3016578,-1.0155337,16.567715,-10.820726,-21.09597,8.061811,6.8563776,-10.525685,4.0247803,3.4433527,-6.047983,1.8943574,20.093636,-6.9969954,-7.464763
-288.05414,162.52866,-31.232285,26.223999,15.646268,-0.47333837,2.3719785,19.241478,-2.2445054,-12.448913,5.0552797,7.7855635,-10.372963,-0.44636393,-7.196069,-10.4377365,0.6497224,14.440542,-1.9028132,-4.2674794
-273.25027,147.71411,-29.563784,38.68007,14.324136,1.012667,-3.0032716,16.753641,-11.748171,-8.163956,0.8569672,2.6515374,-7.883895,-0.55537426,-3.928619,-7.7076707,4.1962423,17.070679,2.4616237,-7.1315665
-246.5309,147.21902,-26.857555,62.19478,11.802111,-0.005705476,4.495093,29.310703,-8.8342285,-18.442745,-0.9022063,8.476517,-12.163834,-7.919836,-3.432946,-12.295273,-2.8373,3.4462981,-12.739601,-7.086776
-235.21478,154.6691,-42.35873,65.419235,13.870179,2.650529,5.199806,22.507832,-13.490984,-24.230667,4.8345046,2.7599702,-10.003756,-12.142611,-11.382889,-19.74083,-11.637547,12.59642,-12.38213,-13.79373
-205.6885,171.62045,-45.2491,58.718582,8.212525,1.4746068,-4.0022182,17.522024,-26.069365,-32.175053,1.0761907,-0.98046744,3.8253787,-5.8174953,-6.975355,-17.754131,-15.197595,13.824783,-13.443342,-19.210884
-150.79056,176.80394,-76.098755,43.50489,-1.8844945,2.0326912,-12.230818,17.254395,-23.221518,-30.227757,0.5764066,7.768883,10.660137,-2.522703,-6.2166753,-17.132061,-13.433147,13.758682,-21.070368,-26.11042
-156.39438,163.37962,-86.614975,44.06899,0.6114541,1.8268257,-13.96205,10.476789,-20.62492,-22.898788,6.0328264,12.357967,7.7498827,0.5602306,-3.4311526,-11.805758,-6.3315787,14.45414,-23.691536,-24.967392
-169.08923,143.74078,-67.23503,55.151405,-3.9438841,17.889633,-22.675838,11.548282,-18.5969,-30.347294,9.836288,10.373352,5.79315,-4.5635624,-6.722478,-5.8067427,0.5045482,21.173008,-13.493679,-19.0274
-207.75742,135.37828,-40.643997,66.938446,-2.1322355,22.674164,-13.930038,21.700087,-14.965532,-34.22927,9.494835,-8.08811,-5.0312004,-7.26177,-15.592949,-8.549695,-1.2191273,24.998566,-8.894215,-18.621351
-220.75784,129.58893,-33.825756,70.26254,-4.0510707,24.868757,-11.506382,20.691113,-12.170929,-27.98811,24.622986,-6.325325,-15.312196,-7.492305,-16.084925,-11.406303,-3.6566446,22.23519,-15.497011,-19.11518
-222.25012,134.06253,-35.810432,64.10896,-7.1075926,22.319237,-13.185817,16.441032,-15.701245,-31.383888,24.787241,-6.416628,-8.4512005,-4.8446245,-16.307632,-11.898441,-5.488572,18.555275,-19.284557,-11.597138
-231.43416,130.80902,-38.542465,61.105026,-7.314827,16.436298,-21.940561,8.717411,-9.520308,-26.60381,18.893503,-8.445391,-14.581361,-7.663131,-16.465374,-18.897022,-9.257722,19.263464,-25.377445,-23.452644
-230.15508,132.1788,-39.583954,61.99372,-9.774792,18.553547,-7.3913403,12.473807,-15.802005,-34.20369,13.548882,-3.1003501,-9.852118,-6.158148,-19.020119,-17.168436,-6.8999634,17.93117,-15.809975,-19.048431
-226.75958,135.93916,-42.482735,60.40197,-9.999902,11.606553,-10.672309,19.976547,-19.23862,-27.335476,16.020525,-10.997688,-3.0432615,-10.7033205,-19.054039,-20.19434,-10.287502,26.932207,-8.703514,-20.895987
-189.30388,153.12125,-42.732735,65.83104,-5.712522,15.032087,-9.797147,23.345257,-18.011505,-24.6838,14.531862,-0.836455,11.83403,3.8862743,-5.521701,-6.0440817,-3.4770365,25.00739,-5.8344383,-21.520409
-161.19778,142.60522,-61.451614,55.47287,-14.4989195,18.719177,-21.537836,17.419672,-11.592794,-24.933495,16.079624,16.442333,18.208797,10.272047,1.5178051,-0.44290844,-4.292284,18.879185,-12.497713,-22.381163
-168.79143,149.02332,-64.533165,52.43484,-10.373402,15.72785,-14.98962,16.28233,-6.585824,-24.52184,12.31254,19.847511,18.273052,11.889968,3.622196,0.4232778,-9.127077,19.027584,-13.82363,-21.396336
-176.3735,144.43573,-53.056286,56.95392,-8.460064,18.704212,-22.377079,16.93422,-10.752359,-26.928349,9.267623,14.842822,15.400253,6.4899263,0.11695027,-3.2660027,-4.810048,23.603474,-6.9524813,-17.832531
-200.61017,149.50333,-37.976902,55.544556,-5.0301585,23.979538,-20.84106,17.187475,-7.0086627,-28.511253,16.349054,8.463062,7.7885675,1.8050232,-4.1524277,-2.7829137,-0.06870651,31.007927,-3.0888214,-14.878512
-223.93312,137.42233,-29.684937,62.24684,-7.049803,25.827755,-8.150209,18.457727,-10.985214,-28.887413,21.050741,2.2744453,0.958359,8.749601,-6.364588,-7.0570045,-2.8789053,27.956047,-8.5163,-12.571535
-235.25914,137.02974,-27.30538,71.1658,-0.60366124,22.080719,-7.9505377,19.817402,-4.229991,-25.353579,23.928349,7.6499963,1.104017,-1.3211285,-9.768113,-5.819718,-3.2279723,23.037872,-15.201151,-11.267281
-241.16408,139.53561,-31.6972,61.86324,-0.4293837,23.894852,-7.2970657,16.718084,4.791606,-24.729652,18.943316,10.463779,-2.389252,-0.4830562,-7.194149,-11.136829,-7.0396895,21.105305,-15.181824,-10.551334
-236.10764,139.34073,-35.463963,56.76344,-0.8002949,25.310349,-4.9959536,18.827179,2.9738407,-18.7637,28.881767,16.02679,-4.9241796,-3.0864668,-9.5851555,-17.10491,-12.225027,17.924305,-12.623705,-9.055101
-225.77963,146.19781,-28.334068,62.774597,-0.3098638,26.848747,-1.4448305,23.956701,2.495323,-16.333103,24.58538,7.8715186,-3.3259027,2.7971287,-6.203104,-11.445478,-6.161749,18.422117,-7.545183,-7.647398
-189.79549,145.26572,-39.982254,65.34589,-3.642276,26.469883,-6.1197405,17.456657,-12.479979,-22.496359,2.836054,-4.99859,2.3099637,3.5642915,-5.338482,1.4675632,3.0672622,13.494156,-3.5887446,-6.7068286
-161.90065,156.89435,-43.928432,60.886543,-10.085251,20.32819,-14.419906,18.060574,-7.574239,-25.023708,1.5580926,9.379518,11.563918,3.2301579,-3.1063285,1.0568626,-2.994216,12.053623,-10.181145,-12.088968
-170.63249,169.23166,-45.442276,55.300663,-7.463025,10.98911,-15.684655,7.4735665,-8.887458,-17.074389,8.652333,10.118315,14.38026,5.7396064,-8.170103,-0.004716933,-12.013416,12.062475,-1.1964145,-10.249792
-191.97992,172.47174,-44.976677,49.161316,0.639392,5.231407,-6.9757085,19.48612,-9.187245,-15.199781,0.5166795,3.0812972,18.953373,7.411189,-8.822287,4.4478245,-10.476864,12.415891,0.031644344,-11.594589
-222.10567,176.96855,-39.77001,49.21797,15.589779,2.505486,-1.6582807,18.34018,-12.163397,-17.968706,-7.6017485,-1.6889219,13.316971,7.171977,6.7971106,6.1554284,-14.402589,11.061959,-1.6695249,-12.216951
-240.61037,180.63065,-31.746576,47.888153,18.657782,0.441607,-3.8794997,15.95628,-10.197177,-14.113493,-8.02546,-4.1164036,14.318475,3.398526,8.17388,3.694971,-12.142909,10.482456,-3.5000997,-6.8602066
-258.42892,176.9539,-24.645565,45.50176,18.193651,6.294941,-0.15949202,14.5699005,-7.428961,-7.7054577,2.2598424,-4.3457155,8.633038,2.0053113,2.9029608,0.06171301,-11.05789,12.036987,-0.46165895,-3.4253995
-270.17786,169.9537,-22.575113,43.090508,26.02758,16.179735,-2.2446826,10.586982,-3.9420362,-10.766733,7.8199205,0.6704435,0.56987953,4.561254,-5.1071496,-3.7149534,-7.233223,8.457775,-2.8466349,2.982619
-277.74112,170.25836,-22.348112,36.128532,20.359444,14.217709,2.9135294,14.603622,-3.192893,-18.750654,6.19324,7.201213,5.48829,13.983627,-3.6681085,-8.026974,-3.924714,17.050137,-2.5863686,-3.0856981
-286.27707,169.88751,-19.79041,34.31953,19.165596,6.6318192,2.8149438,22.26499,-2.6513124,-6.9845057,6.604886,9.141578,7.461025,-0.13792044,-0.071736425,-12.66239,-11.86455,19.265474,3.5684507,0.57167965
-281.07062,167.93945,-23.16558,31.178104,12.857653,8.89283,-0.33795884,14.56053,-0.54164505,2.3946457,11.27445,-0.8098451,0.28992474,5.252433,4.927508,-1.4455582,2.4728599,15.308655,-5.892965,-6.966788
-281.8531,163.45445,-20.956879,32.38771,12.936125,9.911612,7.41305,19.62545,0.48704875,-3.8041196,16.521793,13.62093,-4.3433113,1.2160605,0.84839916,-0.9547852,-5.2263994,5.3735304,-4.1510973,-0.5039599
-289.89984,165.90082,-15.334546,36.491398,16.61369,7.797202,-1.160618,5.1527057,-6.2125497,0.12695527,21.578415,17.901962,2.892419,4.4919763,0.047592282,-4.557955,-6.9691863,11.410122,3.1543002,-4.765661
-292.14313,165.22568,-11.294521,42.11003,20.54718,5.2154675,0.54108685,4.5396595,-4.9804997,5.8293743,14.486242,11.831906,1.3584753,7.305121,-2.804562,-5.6605673,-1.2563212,6.8233447,-3.8351476,-3.4023533
-296.73587,169.24173,-8.76679,37.700756,21.10862,7.7309494,0.27233338,4.6290073,-9.522164,-8.585216,9.712425,16.650352,7.5822577,11.877001,3.8628001,-5.0874014,-6.9292965,11.488224,0.20186228,-5.7159295
-301.2355,167.85199,-9.490423,35.006035,24.48384,11.122101,5.020225,7.603139,-11.645523,-7.3901696,7.7239456,17.93498,7.4079566,6.747788,3.8809195,-3.6632605,-6.959233,6.513027,-5.0014143,-3.6969879
-298.32422,166.61024,-8.92215,34.31071,18.856356,8.760855,6.0104775,13.419661,-12.460451,-8.622545,13.5783205,20.319277,7.5862036,1.9743668,-2.3640494,-4.984501,-3.4814434,8.332817,-4.468566,0.38896972
-312.195,166.70755,-3.2156308,31.547516,20.141552,10.759241,5.7761083,10.513007,-10.415171,-13.230892,2.8275535,15.846937,10.515882,15.420011,6.8037148,-3.7384627,-3.3744745,5.8418436,-6.2328987,3.2662063
-308.59366,164.13849,-8.469128,33.50248,24.732563,12.430511,4.983089,9.999989,-6.602022,-9.777189,1.0711894,8.589186,5.4915943,12.676045,5.757919,0.407532,0.6378602,11.286491,-3.447122,-3.4001362
-317.56223,165.78265,-1.9595017,30.798286,16.743011,3.723857,0.107367456,11.759958,-9.8288,-5.8594184,5.6438417,2.8859746,5.067322,16.976543,10.104218,0.9681599,5.571578,10.216812,-0.15617251,-2.4699326
-302.38815,166.62881,-12.019342,24.975336,13.997128,8.712419,-0.35443693,10.883501,-1.6918466,-5.8346577,2.3420258,6.7755356,2.4090095,9.220405,5.788055,-1.0789452,-1.4571356,13.623785,7.966698,1.470617
-296.45877,163.32831,-13.930935,36.75926,16.40254,7.0969524,7.046938,14.734755,-6.036193,4.00776,1.0703245,3.921792,4.3534293,-4.0819087,4.3327107,0.4715888,0.23368669,9.890175,-0.7979017,-2.3733606
-293.61737,163.74794,-10.827057,44.806602,22.54332,11.307613,6.5711956,7.9524174,-14.993028,-1.3863635,-3.3312218,-2.2936733,-1.0951302,-2.4262269,8.778654,2.6800969,4.974974,5.728118,-9.046985,-6.869357
-305.6341,165.37227,-2.0654244,40.348526,18.609306,6.034479,6.2965717,-2.2820156,-19.301395,-4.4556923,2.908262,5.8081875,-3.8145537,2.010697,-5.1226826,-1.8279305,3.2060614,3.4219575,-5.8003674,-6.7974653
-316.99957,161.19159,-6.0963764,37.48857,23.990011,6.7077007,0.9399817,0.23727947,-15.412746,-8.846685,-4.0572195,-0.9074407,-3.0104775,5.875489,1.4006381,-3.3314908,1.4129679,2.6919756,-10.404323,-5.2799892
-321.0139,168.81772,-6.670568,25.930841,19.352705,1.9586033,-2.2718704,5.9541655,-14.99687,-15.483673,-11.217523,-3.4349265,2.207058,0.0692312,-0.8645437,-0.85400414,-2.9663234,-0.12165874,-11.16109,-7.486041
-327.76837,155.1388,-14.049016,23.336302,16.786106,0.2900589,0.95631737,4.4541435,-22.037447,-13.46359,-11.380119,-7.9351616,-8.4563875,-4.005762,-1.537403,-5.978362,-2.5540483,4.092937,-7.6865644,-7.7840776
-335.39383,149.94167,-5.769229,25.543184,17.60525,4.2924633,-0.21866387,2.0800257,-16.598164,-15.448839,-3.802037,3.1255066,-4.1886344,5.3387847,-3.9950657,-4.9002533,-7.661314,-5.805364,-10.57095,-2.6017284
-337.59,148.28958,-4.3805428,26.86249,14.586237,-0.49279276,-6.2009993,1.0414047,-5.6467366,-3.338251,-10.372337,-4.007309,-4.5773287,2.3220754,-2.7573392,-4.211547,-7.487179,-4.3271484,-8.529066,-4.364266
-340.93457,146.8012,-3.7148442,24.836308,14.537944,3.4172516,-1.8280842,0.3698625,-14.587056,-10.472654,-8.870163,-5.2189302,-7.7194405,6.184166,-5.584473,-8.277615,-4.0992837,1.6275394,-5.7974586,-10.99212
-335.55075,147.58063,-3.9457486,25.41319,16.026588,2.4325774,-3.674635,5.589122,-9.2702875,-9.109421,-11.982366,-0.05753498,-7.6648455,-1.0982193,-7.043408,-5.5394793,0.32498527,-3.1388133,-8.524395,-2.622491
-335.52164,142.76007,-10.488226,28.086246,16.952736,4.52557,-3.2226498,4.4234676,-8.226987,-11.07699,-10.843342,-6.282124,-10.909836,-5.4324675,-8.938607,-8.564898,-7.460622,-2.5892196,-7.235123,1.9024518
-269.8751,152.86484,-31.528557,34.854565,19.536934,19.978079,6.963174,14.625387,-8.090032,-1.0609498,-8.27017,-7.0200233,-6.490632,-12.637551,-1.5384027,0.25867152,-12.343454,-5.485099,1.8607635,9.447793
-269.6616,165.19621,-34.578568,34.415688,12.804178,7.4140296,6.676649,5.925219,-12.457035,-6.905051,-13.849443,-10.378136,-15.468294,-18.120623,-2.3269796,-15.953654,-19.66851,-12.790123,-16.168873,-2.7395432
-287.51572,156.37672,-32.814186,29.160034,10.306932,5.0943947,4.375785,4.091554,-15.455001,-13.681632,-21.513546,-12.291326,-16.718811,-21.02813,-12.229332,-20.198895,-17.16249,-11.448782,-13.633039,-11.76239
-297.31027,158.18948,-17.223932,35.971207,12.413404,-1.2043734,-3.0166087,-2.7518504,-9.386675,-8.8111315,-19.532223,-7.087261,-17.072056,-7.825028,-10.335461,-20.283909,-11.333256,-6.8813405,-4.7751565,-13.382252
-310.76483,155.0111,-11.522131,35.996437,11.9049,-3.5510573,-4.0142517,-1.991545,-6.7596574,-12.7184925,-17.647236,-3.120963,-14.803282,-6.882497,-12.595498,-14.194843,-8.863556,-15.871984,-13.10516,-7.3559275
-315.73624,154.30945,-13.645858,29.988829,17.367329,7.7442093,-3.8989325,-4.5163,-9.980491,-9.2416725,-13.556246,-7.2227597,-14.65262,-7.96908,-15.526013,-18.321095,-12.3344965,-12.909136,-10.731081,-7.841282
-318.3974,151.8035,-14.695042,26.423141,19.077843,11.246598,-3.491191,-2.983407,-9.660484,-10.620652,-12.470951,-3.8131058,-12.899768,-9.206898,-16.346245,-17.608814,-18.289684,-13.959955,-5.215553,-5.0317764
-321.9376,151.63776,-8.414911,28.140476,13.314358,7.0332437,3.38831,2.8863974,-2.63691,-1.7724106,-7.2279677,-4.1573462,-17.540398,-8.894447,-14.344943,-13.359301,-16.555683,-13.489184,-3.6363485,-5.512165
-323.05786,156.20035,-9.062584,19.874466,7.059806,2.3866224,0.17938566,3.981173,-10.553692,-9.550674,-7.3154936,-1.9541878,-10.484681,-6.3641562,-14.825703,-21.249828,-19.41513,-13.064918,-10.811892,-12.338406
-313.15332,148.35217,-14.261565,27.128767,12.343223,3.0041552,-5.0826683,-1.2476981,-7.0863867,0.39733922,-6.2643337,-5.8228683,-14.604244,-4.6213627,-16.565952,-17.869732,-16.401028,-12.385435,-7.919506,-8.901834
-308.82733,141.72336,-18.250746,37.887566,17.604126,-0.021472573,-11.246619,-2.08177,-7.8788786,8.095767,-5.7658014,-5.074418,-13.82381,-19.147419,-13.110554,-12.942749,-13.595945,-6.5466566,-6.606048,-17.275812
-281.8736,148.3935,-22.69493,42.221115,6.6426806,-8.016838,-14.132692,5.953581,-11.353938,4.856698,-12.498886,-5.602751,-10.127835,-25.340952,-6.7731605,-19.40269,-11.971746,-6.8436174,-18.297056,-21.300844
-265.68036,164.75443,-29.986752,43.132492,6.428231,-2.9474077,-3.691069,2.401545,-6.367845,-6.6842985,-9.728451,-4.8829308,-8.87356,-14.489828,-11.859742,-19.34567,-16.696466,-9.209738,-13.540926,-10.22286
-277.46396,162.33025,-26.297012,40.95598,9.849869,-4.895757,-2.9532342,0.21251726,-14.474497,-2.5386076,-6.338376,-6.933957,-14.252812,-11.329355,-5.0063534,-16.479195,-17.100328,-9.731167,-9.448908,-12.390949
-290.36115,158.86755,-21.539282,38.6568,9.087475,-4.0094104,-8.575187,-4.9683867,-6.6582804,-3.3001997,-12.508502,-8.847303,-13.813224,-5.264284,-6.1056786,-17.145128,-18.662865,-13.748524,-10.464429,-11.625113
-292.04117,151.9819,-20.007986,42.20072,12.956997,-1.8257945,-11.371462,-11.712288,-11.905619,-6.0768065,-12.07942,-3.7173262,-12.495308,-0.7887881,-4.044115,-18.164581,-22.565868,-14.608021,-12.384821,-14.1630745
-297.5886,150.65767,-24.136684,38.333344,10.275915,-11.665155,-8.823553,-3.3136585,-11.333439,-1.1446805,-10.105323,-8.652065,-13.051401,-2.4786348,-10.379776,-22.605042,-20.863672,-15.984477,-12.475057,-9.896143
-297.6468,152.68643,-22.82658,32.497124,9.787542,-3.4273472,-2.3413994,-0.5590124,-6.953405,1.4407561,-6.8389597,-4.577134,-17.019737,-6.1255255,-10.242807,-20.82945,-17.80735,-10.852308,-12.966558,-12.105066
-296.51065,153.1535,-22.477745,37.169567,11.092762,-3.712592,-1.4604301,4.3442535,0.32730603,7.604704,-2.691969,-9.626676,-21.419514,-11.02529,-9.041491,-13.153821,-14.928686,-12.853315,-11.672881,-5.819417
-294.8724,155.35156,-29.283646,31.935415,13.041943,-5.6811967,-1.0732715,8.59679,-10.058228,4.4706125,-4.6388187,-8.801772,-14.534576,-13.617223,-6.1617556,-24.541388,-21.979774,-3.0458891,-4.4399834,-10.585788
-263.90918,163.89789,-47.282845,31.933666,25.435743,4.5519032,6.723854,14.139238,-15.591547,3.31278,-2.412069,2.2787056,-1.8725706,-16.11523,-1.9716179,-14.2970295,-18.038696,-3.9487202,4.755706,5.3469677
-266.57965,163.80215,-37.557533,27.719513,13.397831,4.508028,1.7194728,5.286505,-22.425602,-4.577054,-11.152355,-12.276812,-9.637385,-10.457902,-1.9046774,-8.981104,-11.671495,-5.739711,-0.9339749,3.6176805
-279.01135,163.79315,-34.59465,31.926727,14.976063,1.8092731,8.786245,11.268028,-14.352045,-3.6767077,-9.0294695,-12.928013,-12.043407,-13.007845,-6.0266705,-8.41677,-12.151781,-0.10076475,0.8066544,0.6111276
-289.6253,160.51799,-26.673626,38.240715,18.943474,-1.0264862,7.57957,12.260189,-14.231427,-0.6494361,-12.664843,-16.12213,-10.526094,-6.1869106,-6.352487,-18.479408,-13.899782,-0.293077,2.0192678,-4.129306
-301.19858,161.83728,-22.59597,37.759186,24.903643,-0.88666034,1.3367949,8.92915,-13.168925,0.4412596,-8.153067,-10.469246,-6.8578043,-15.782595,-12.835341,-13.7367525,-12.236891,0.15038764,6.458031,0.7261734
-319.5958,156.85101,-18.021004,27.002821,16.245388,-2.9351983,0.555748,6.81278,-13.453981,0.7444804,-14.950791,-15.205637,-2.043774,-8.354169,-13.329754,-23.301699,-14.212594,2.1985102,0.6228273,0.7669746
-317.87186,163.14334,-12.002282,23.614254,10.187298,-2.6535494,-0.6664051,1.6461122,-16.164982,-1.7425821,-8.679825,-10.668194,-5.611523,-8.266102,-15.531918,-24.057621,-20.10686,-7.3112483,-1.659896,-2.0431855
-311.2256,156.614,-12.708872,25.35482,6.136441,11.317848,-1.0459471,5.340238,-7.0882416,-11.851826,-3.2848196,-7.0890713,-1.8464043,-0.55613697,-13.754866,-19.928238,-21.470905,-6.454056,-3.966612,-5.3944373
-297.79126,156.01785,-11.826294,37.253136,12.048676,11.537722,-2.7056108,-0.40476817,-17.097666,-16.139515,-1.9969287,0.25316364,-2.7651289,-4.5303845,-17.338732,-20.362286,-18.197094,-5.3010902,-6.7407784,-4.1688294
-262.326,141.26802,-29.92522,54.676285,3.6281912,10.57713,1.7792256,14.51369,-15.582731,-17.862907,-9.60374,-5.618074,-2.8902097,-20.587309,-14.824818,-24.39975,-22.931156,12.606089,-1.61408,-17.874557
-243.42116,145.29431,-38.728676,58.691414,4.4455414,8.073972,5.8787117,13.070893,-23.618553,-17.852135,-7.1888633,-5.741621,-10.016661,-24.908833,-7.6284966,-21.851036,-22.675592,13.92917,-8.977291,-23.53006
-213.44432,134.42969,-43.50223,69.80415,-1.9602641,16.804724,0.8810275,15.440606,-27.350494,-20.470608,-9.998469,-18.754274,-13.445492,-27.379171,-6.280022,-18.10711,-27.978035,10.112305,-7.6328306,-20.796234
-187.3854,133.07883,-53.412582,74.50907,-10.830162,7.9191775,-19.265999,4.890669,-29.960224,-20.024548,3.7575312,-15.794878,-6.7226067,-26.474892,-20.970951,-29.865395,-39.07354,7.4290433,-8.094235,-19.955248
-173.1498,141.39392,-57.34269,71.4745,-13.668131,3.3840494,-24.26981,1.6898992,-37.217064,-28.928576,-0.15022099,-21.248928,-7.394274,-16.671688,-11.937161,-22.123299,-29.4048,7.459517,-9.100355,-15.7922
-115.39407,143.43793,-83.44333,46.730087,-35.63393,-5.1552258,-43.233223,-1.078817,-40.91047,-19.4453,1.9742813,-8.353718,-0.4458959,-22.313168,-20.667877,-20.355259,-27.365429,6.5962377,-3.1590512,-16.676918
-125.029526,137.0538,-100.71013,34.578606,-32.539215,-4.6886377,-32.26938,6.3523355,-35.414986,-9.582878,0.8625393,-9.329336,2.6434543,-26.020908,-25.875906,-32.02965,-41.71764,-0.9480157,-4.3621817,-11.728487
-133.30426,131.92928,-100.36072,31.621897,-29.689219,-1.0765964,-34.73558,6.6872883,-36.75367,-9.530176,3.4527209,-11.951151,4.4621315,-24.194912,-29.547523,-25.369415,-38.780434,-4.7160845,-4.7126904,-16.037167
-151.88936,133.47104,-83.98158,49.317406,-11.0251045,4.134184,-26.61412,9.652956,-33.70272,-8.978678,3.944785,-3.0900404,10.479593,-12.84704,-21.38458,-22.958553,-30.040974,-0.0042676926,-2.342995,-13.21603
-173.1798,141.23729,-74.2016,59.44857,-7.954572,3.1631188,-18.106285,8.641104,-18.672037,-11.649015,8.103143,-5.788965,6.672275,-8.988289,-31.246946,-20.988745,-19.576561,5.1344934,12.300257,-0.7507317
-188.53357,134.759,-61.693935,66.34896,-14.797809,0.37712377,-19.049114,5.890048,-15.475694,-24.542686,2.0325248,-9.237596,-6.349397,-8.279852,-25.993973,-17.718225,-12.237293,11.256319,14.6957035,-5.256385
-180.58986,141.35022,-50.42709,78.75246,-12.768288,9.137619,-13.328037,8.940296,-6.4090104,-15.747178,10.659029,-3.5799255,-2.1678305,-0.58593863,-16.393822,-10.4939575,-2.9877717,13.720091,6.492633,-8.925465
-185.21411,143.2264,-54.400867,73.06907,-10.4041195,9.249102,-7.9646554,7.3261976,-16.888626,-14.355774,8.243401,-2.2121878,-0.8904558,-10.176339,-13.784621,-12.981786,-8.913025,17.023506,4.6830506,-17.696384
-193.55132,137.28903,-49.25242,81.39697,-14.592773,2.6413314,-10.926222,4.5834208,-6.3690124,-9.071215,3.777172,1.1468526,5.472224,-7.2795796,-18.553207,-17.729397,-8.416448,10.088217,0.6611483,-19.494402
-182.21452,136.78925,-52.038033,74.80005,-20.912903,9.652394,-8.003173,4.6673875,-0.30436003,-7.4329576,9.618666,7.179717,0.62178564,-3.0791101,-13.752167,-16.358776,-14.860344,5.3214884,0.68861485,-20.873945
-179.59987,131.76505,-60.685875,73.86908,-17.57413,11.598553,-8.829007,5.069501,-3.1675856,-6.0460277,15.233376,7.811317,0.059601247,-1.0907866,-12.320965,-17.515541,-14.478645,-0.036001682,-6.305415,-19.208092
-188.31194,125.784966,-60.95805,70.09548,-18.053621,12.460105,-2.081411,8.049638,-3.364026,-2.3816876,14.866491,12.847359,2.3207736,-1.4541442,-12.787704,-17.365276,-17.473003,-3.4153469,-2.6261802,-13.892164
-195.23337,130.40756,-54.866905,76.06587,-10.441486,10.114099,-3.2610815,-0.51982427,-6.873124,2.7450473,20.431667,9.2257,-8.013349,-4.9500065,-16.751278,-22.636814,-15.04048,2.1265337,-1.7220018,-15.73744
-199.44731,130.48709,-59.684418,72.01903,-5.273472,15.579288,-2.4965453,-2.3386343,-7.047625,-5.437269,15.375319,7.575534,-6.855381,0.49460882,-10.142774,-15.971674,-17.689232,4.486103,4.151946,-8.522717
-205.93924,131.0701,-62.384644,74.40574,-4.077731,11.549475,2.19298,5.5999684,-5.8536983,-4.912782,18.222927,5.0127945,-1.0093071,5.4141703,-8.855243,-14.226715,-13.880214,3.4663024,10.445513,-6.139124
-221.29979,130.4193,-55.9292,79.49089,-1.569391,7.091738,4.7757654,-0.2590034,-9.783843,-9.212502,6.0476446,0.41375682,2.334573,10.307125,-9.846254,-18.097385,-11.756348,-0.29774708,5.2278495,-5.4156504
-217.83394,132.13696,-49.86995,82.413666,-6.8097057,2.341309,3.3475456,-4.271967,-12.757799,-14.231787,4.4009514,-1.1272454,-5.759434,6.145895,-11.133036,-10.803787,-7.643629,2.282461,4.0984216,-7.985816
-213.6898,121.6427,-61.8388,75.90086,-4.5676494,15.251888,6.3693047,-6.8061733,-17.684338,-10.5149355,3.5394514,-7.1372776,-5.4781733,0.717134,-16.521729,-3.5530956,-1.072891,10.229879,6.690996,-16.672306
-196.15303,136.78381,-60.81083,71.21732,-10.888426,8.715186,2.4433324,-7.6744766,-18.377079,-9.430708,2.4405975,-11.961655,-10.488092,2.8265743,-7.6322594,-5.3821607,-5.936166,8.279544,4.555427,-13.771605
-134.27867,169.63373,-73.292206,50.020092,-22.073303,-1.9457798,-12.984093,8.628169,-14.438784,4.7995834,7.513323,-5.5122514,3.2029886,-9.71566,-5.629245,6.135077,4.4747505,11.332142,8.156416,-15.275835
-109.54419,161.79924,-81.65667,50.339676,-19.452526,20.892029,-7.4948153,11.1507,-10.18653,2.3448765,3.746563,-2.0118616,-1.7006948,-7.4090796,-8.572324,-5.2261124,-3.125366,12.24252,13.756867,-7.149765
-125.81013,159.80038,-83.73003,42.366497,-21.411676,24.28724,2.5604608,7.0705376,-10.853212,-4.2931986,3.9430487,3.901627,-4.516222,-5.3048077,-4.632403,-9.295062,-7.3616004,9.951252,11.756458,2.7192338
-151.73662,163.07507,-77.91439,41.923073,-23.709095,19.81107,10.593576,5.1309958,-11.999105,-11.260872,5.381523,0.16736189,0.15571797,2.5050316,-2.8005173,-1.3902197,-2.5690045,8.261678,7.708265,0.49345088
-175.96324,157.9476,-72.03165,52.003174,-15.041834,13.789246,11.353778,6.0591598,-7.367944,-15.252007,6.0573597,5.2267923,0.9769195,4.3911653,-9.91922,-3.541732,-0.20561695,4.8955154,9.610489,-0.6678884
-198.35402,158.92572,-74.842606,45.04273,-13.362503,12.451338,19.465096,12.669954,4.298679,-12.014933,3.7545438,1.8832921,1.2643892,3.360757,-11.718826,-4.6679955,1.8304055,7.869838,10.267313,-0.20544584
-210.78043,168.06036,-59.866127,45.310307,-7.773014,11.510469,24.010815,9.419729,-2.8142123,-12.418185,1.1435316,-0.3957165,-6.238072,3.8267822,-8.174873,-6.3217697,-3.0661001,7.773266,14.2251,-4.9270816
-231.29262,167.71603,-54.36152,44.92265,-2.1330876,9.558641,17.774197,4.4961357,1.6955539,-7.126031,1.9833088,-0.48148203,-2.1333807,2.56261,-4.9112873,1.2780516,-1.4207891,2.299854,9.8315525,0.32435924
-233.35611,173.18694,-49.417076,41.23633,0.065647125,4.130987,14.496115,6.713825,2.2678666,-7.021288,5.1609654,5.872718,-4.3819933,6.564471,1.5964308,1.6523461,-1.5965598,3.449863,5.2287216,-0.56153584
-236.96872,173.4945,-50.129707,38.52679,9.125666,9.612091,19.432491,9.87949,-0.09570551,-4.4847813,1.6016207,3.22253,-2.2211328,4.6521363,-3.0960906,-0.3711922,-4.5760803,-2.1112804,1.8362718,-2.5795498
-240.17496,168.17162,-45.39538,42.983162,15.11059,10.41221,14.967215,9.75227,-4.927342,0.60280466,0.8480002,1.6537392,-0.9213717,5.9291344,1.0526009,-4.109812,-5.0609727,2.9947453,-0.1396898,-6.615608
-245.2423,168.90494,-35.990406,41.41488,9.016138,10.007656,17.970007,9.905825,-5.0224543,-0.627581,5.4214067,7.693328,-4.7510033,2.929153,-5.518923,-2.9549212,-1.3995707,4.3293166,0.49216056,-6.461792
-244.50577,165.59251,-40.972748,43.0334,15.518381,14.337392,16.466131,7.981447,-10.783163,-3.8588047,5.1072655,10.429468,5.0082855,5.3485384,-5.0951686,-5.20455,-6.2946615,2.5130262,7.6195207,1.7167771
-252.14085,168.27667,-36.807007,40.042614,9.747864,8.9541445,15.4949465,7.2264423,-3.9241273,-2.8141594,0.1867953,9.845929,5.8114824,7.4978185,-3.3985229,-3.5796814,-0.016442478,8.398524,4.5579214,0.5452516
-264.66147,165.0834,-36.705257,38.176857,16.87908,13.38742,15.434731,8.460239,-2.687707,6.7178664,11.5574665,10.577819,0.849177,-1.5301793,-7.2602797,-8.259215,-4.3098903,8.677878,8.330242,4.543967
-267.46494,170.71707,-32.56614,35.84247,10.541803,3.3529897,8.496777,6.982403,1.3893223,8.368261,9.757824,7.5729537,1.5916609,4.331746,-0.22017226,-2.0119157,1.2612894,6.581026,8.496868,2.8197422
-262.86017,172.15367,-33.186874,33.928986,11.095543,8.383299,13.765007,10.17832,-2.5116074,0.7551408,-0.42272478,2.719211,1.3811574,5.9884443,6.681489,4.6947126,4.1089597,7.1151013,6.6237564,1.5929674
-262.36392,167.49258,-32.15301,34.130016,7.9045835,9.891434,15.015293,7.5922136,-1.5621135,5.332466,2.553373,3.910863,-2.1045752,8.407539,6.7574253,3.9810667,-0.53410614,5.4281282,4.795084,-1.2191274
-274.2304,169.60648,-21.462421,39.651093,9.209325,0.83039945,9.475356,8.787867,0.20345835,6.024933,0.074789405,-0.93647224,3.6594272,14.761799,6.411194,3.127841,-0.056350887,6.4414434,4.8898644,-3.4295285
-276.47424,168.18478,-25.752789,34.657963,13.731417,4.637927,9.576218,9.889354,-6.3107305,1.3065673,3.347402,3.7756271,1.9943143,11.814758,11.527493,6.8344374,-0.4701389,6.7076325,10.804785,-0.32276404
-268.30264,156.0759,-30.089458,32.641502,14.59346,14.120653,9.8770485,12.975103,-7.1996784,2.7842846,-1.51951,2.5891287,-1.6647196,10.00063,12.315878,3.5544574,3.0237987,3.904859,4.6279454,3.3003154
-250.04417,155.72491,-27.541979,42.860176,13.277499,16.819979,6.709414,10.484624,-11.184702,-1.5210013,-3.1524856,5.3673077,-2.2574546,5.104531,8.372263,1.8982548,0.1877352,-2.687492,-1.3533665,-3.2478738
-251.71255,161.00623,-38.366463,37.034393,6.867352,9.604624,9.471647,8.38772,-2.5459929,-2.2565014,0.7725862,5.499147,-4.288684,11.888212,8.926784,2.668098,0.6792796,-4.9229555,-0.88794804,-1.3589181
-284.57437,155.81677,-38.28543,29.138088,16.383614,4.0135303,12.095615,6.353644,1.2699605,6.0069966,-0.36888757,3.7754164,-9.5092325,9.336985,3.6554737,0.44081938,-1.7799523,-3.7038274,-2.122454,-3.3929396
-300.0963,153.36502,-36.89087,19.292988,9.671641,-2.4724474,-1.0037167,5.869278,-4.3180614,4.8307056,2.2872036,-1.0737013,-0.3083588,7.261136,0.7824657,-2.7425494,-2.2900362,1.6154833,8.386164,3.6945386
-311.10254,150.50783,-32.275784,17.39769,8.471783,-4.1349845,0.22335759,8.65573,-0.56642383,8.834175,8.385301,1.4090134,-4.246438,5.9776063,2.7275395,0.900628,1.8746302,6.0531206,6.7024937,0.8008635
-317.0898,144.5524,-36.78047,10.537546,6.068132,0.15887803,4.5097227,8.387367,-2.0832446,8.9305935,12.592578,0.6656779,-9.03427,0.62829494,0.35923803,4.291891,-1.086631,3.411301,1.8181745,-6.347597
-313.2491,147.55423,-35.19197,11.57222,6.246063,-0.47004554,-0.68090737,4.888567,-5.4032526,2.9132328,9.55327,5.332512,-6.7180166,0.7452915,1.6074102,3.7122002,-0.73462623,3.8762605,0.6125512,-5.552395
-308.14914,143.19838,-30.300125,17.299946,1.7080963,-0.890083,2.216451,4.6218977,-11.867025,-3.2189972,5.3203855,2.2604666,-7.9862823,7.18652,2.305756,2.6689067,-2.5860798,2.5127716,-1.5053473,-5.8163176
-271.7599,145.63666,-36.63108,39.8973,2.7816532,3.9358213,3.4052236,11.993821,-18.712385,-28.262676,-0.05710125,-8.902247,-19.74573,-10.413887,-8.632082,-10.543066,-26.732332,-2.2964575,-6.5336657,-23.186043
-246.89424,130.30328,-42.390617,58.232956,-11.163821,2.5193973,1.9227834,20.457722,-14.963245,-33.03058,6.4450774,-0.5499829,-9.03271,3.179874,7.410247,-1.8138208,-23.414906,7.5968494,1.7810026,-28.792185
-230.67941,116.862,-43.45263,66.38405,-18.08712,6.0378046,-9.710009,19.261717,-18.077559,-33.54212,11.409902,-0.48527995,-10.077423,-0.68425846,6.4424024,-0.1165629,-21.892765,5.4568944,0.73136544,-31.36076
-198.49442,134.82144,-46.730637,76.86741,-4.555257,10.620228,-9.387016,25.020815,-19.104702,-23.434706,13.065705,-5.84196,0.54925764,-4.527712,0.030332029,-8.234298,-19.681763,19.398685,9.619233,-17.94583
-129.08057,154.58798,-63.743473,64.49284,-14.770275,6.2054133,-26.11537,13.678868,-25.318943,-13.38578,1.5102866,5.214983,21.382065,-2.846725,2.8037071,3.3082933,-3.8901129,17.243534,-8.725161,-27.695395
-119.05977,149.20084,-81.455315,51.521584,-23.42947,2.0175695,-17.24797,21.980425,-9.60318,3.7127223,6.029644,5.441428,9.691373,-2.379335,-6.6429977,-3.4337935,-8.315876,12.4831085,-9.183745,-29.888283
-133.23776,143.03616,-80.786514,50.959305,-22.755424,0.22173488,-20.60194,20.44424,-13.948442,-0.47994637,4.3197412,3.1561246,10.65836,-12.417739,-12.507782,0.6803637,-4.315962,18.263779,-2.0247111,-27.109035
-154.70096,148.35172,-73.12279,55.916756,-14.720751,-1.8065352,-11.726806,25.03909,-9.169434,-0.4065348,2.3489184,-11.940087,3.5780425,-9.84399,-14.932421,-0.032938372,-7.275747,21.841385,11.552416,-21.762608
-175.60063,136.26202,-67.4211,69.26808,-14.630796,2.619829,-4.7442894,26.90128,-3.8802018,-0.6747248,10.632969,-21.0646,-10.394936,-13.838108,-18.108747,-4.4427037,-2.3785067,30.928608,22.038189,-13.73069
-181.89955,132.10873,-55.355865,72.87515,-18.107225,10.096886,-7.9747486,18.74758,-4.3010116,-9.817562,6.6154943,-13.279976,-8.383753,-3.162785,-5.727863,-4.940873,-4.69504,15.542358,8.425,-11.96242
-184.65918,126.728836,-55.407166,74.61978,-15.40969,17.464083,-5.532005,13.479813,-13.128822,-13.673876,12.534083,-11.910645,-9.8443165,-4.5417347,-7.077215,-2.388893,2.4681141,22.108475,1.3343276,-17.904633
-187.91998,129.67253,-54.98828,74.29671,-13.684605,13.825149,-4.2750964,19.125729,-18.506329,-11.4885,12.800842,-16.990105,-6.790656,-9.241646,-6.3123426,0.67160344,-4.588624,17.101885,1.822634,-20.289852
-192.2178,136.06758,-62.107254,67.12953,-6.0328875,11.721076,-1.0335324,23.437576,-20.162315,-7.924429,12.876071,-24.034037,0.14345023,-5.463711,2.0232613,3.6217403,-13.521011,20.493294,-7.1069717,-24.341604
-169.38812,142.75073,-62.915848,57.893364,-18.140718,-2.2104864,-19.427223,14.381054,-28.488605,-10.477133,-1.8438498,-17.1861,9.153534,-3.9102063,-2.455855,-6.1757317,-9.787079,13.27166,-9.088505,-24.372501
-97.73534,160.72696,-78.21347,49.067963,-32.178955,4.3259726,-23.925457,22.36761,-15.84149,7.634067,9.296896,-6.969453,15.221361,-11.567673,-1.5689697,-1.8078002,-12.581462,17.221973,-6.759823,-23.71767
-119.57547,168.12778,-90.19341,36.92619,-25.454834,1.2689326,-12.6678295,20.225685,-11.791899,6.2771034,5.443321,-10.782686,19.682323,-8.449495,2.1015787,-1.3775368,-21.13875,18.072342,-8.599888,-20.708097
-137.97658,166.7347,-83.6775,42.660557,-26.786098,2.6167564,0.7676605,16.589085,-11.259064,-5.280032,0.2227582,-7.3975477,8.275531,-2.4398878,0.34811166,-6.0615144,-14.207651,8.25179,-4.700241,-14.551895
-153.67365,162.2767,-81.95949,39.791145,-27.266346,2.2195096,1.6756026,9.593258,-11.382311,-15.119526,3.751235,-0.6107575,0.56413126,4.210765,-2.5592375,-4.3824263,-13.636499,-0.7758353,-3.6715415,-8.220394
-167.43527,164.57979,-77.19852,34.19226,-28.127335,1.9858512,-0.4409163,3.755285,-5.626067,-8.171423,8.016795,0.9509501,0.7716323,3.1289017,-5.155341,-0.06774092,-13.209027,-3.683181,-5.5933247,-7.358042
-186.1266,168.97546,-66.528656,38.452873,-19.41769,3.1591868,-0.18998176,4.6367846,2.3595257,-9.776871,10.733916,4.622365,2.1779177,6.6725597,-4.0852003,3.7842731,-8.281293,-4.793642,-11.934941,-12.26804
-200.18843,172.66806,-59.508465,39.40952,-14.189899,2.2465425,-0.7924435,0.74552816,-0.795808,-10.529563,6.207261,4.8609176,10.1327505,9.838742,-8.749257,-6.492916,-12.391571,-0.35852766,-4.1381607,-9.32629
-215.48798,173.44884,-52.40864,32.94632,-13.51337,8.349592,13.3844185,6.182886,-2.9805737,-13.63862,0.13990512,-3.1477761,-6.966524,1.508843,-8.365931,-1.4186803,-5.22129,4.6657186,-3.2706964,-14.808697
-230.57199,161.67511,-54.53028,39.76676,-2.4706674,10.912758,15.725697,9.270734,0.88412124,-7.626088,2.2353525,0.044829488,-6.86071,-0.9171306,-7.9740143,-4.8077383,-10.072294,-0.1775583,-4.7003164,-10.309423
-231.983,159.14752,-60.27259,35.206657,-1.8701298,2.7356715,8.665579,14.674129,8.813347,6.0310416,1.9090825,-7.6890745,-4.36426,2.2191586,0.5420758,-5.7349563,-16.001028,2.4467664,-6.444665,-11.686222
-228.25407,169.94589,-57.069096,29.608158,-4.6127887,-0.95398974,6.7319193,12.891763,2.8544476,0.8395294,7.857912,3.7954037,2.7433338,3.2519252,-1.2505612,-4.600987,-15.300443,-0.83461624,-6.105776,-9.205322
-236.64429,163.69952,-44.225075,32.92077,-4.862972,2.200635,7.571416,14.4171915,-7.4612856,-8.874606,-0.48355553,2.8079228,2.6284735,3.668194,1.5498567,1.0067142,-9.569499,2.2587397,6.1252375,-4.8589363
-232.07056,168.31612,-47.045464,34.535385,0.71670663,2.818884,0.8514322,7.1463213,-2.557379,-3.9469929,4.1277924,4.4030256,2.7983599,5.24378,-2.9668603,-5.894493,-9.760542,1.4326812,-2.358007,-5.419783
-246.34236,168.35614,-47.986404,29.794144,5.1995797,-0.85455805,-2.1209798,0.024507344,-9.148094,4.6678658,8.440886,3.5836067,3.3567057,0.021534085,-6.152135,-6.4407167,-8.984003,8.61549,0.6675687,-8.794197
-256.2872,168.39853,-40.4322,35.564354,6.5286226,-4.2035346,1.1591918,2.8884315,-8.767823,3.096497,5.373801,3.7418427,-0.51937145,-4.279645,-0.70582193,3.202258,-3.2652485,4.031145,0.5928059,-7.3969097
-259.04636,163.05426,-40.530464,31.58199,-0.48181814,-8.020583,-1.2654269,5.4179707,-2.1908004,-0.53177875,1.7971679,2.553353,2.742385,9.606507,-1.3431149,-2.5221448,0.67998564,8.841217,-5.546798,-16.862371
-261.0814,162.12817,-40.995007,33.574574,1.8993676,-4.733256,0.2395097,-2.062179,-8.112598,0.14226867,6.4982524,5.581069,-2.3135884,7.311075,4.7486773,6.0256267,2.0997825,3.2741566,-6.7754064,-18.297594
-264.33023,160.47461,-41.672333,34.069088,10.783391,-0.005106926,-1.1219244,1.2221712,-10.654932,-7.1625166,5.6266823,7.3389444,4.8430486,12.242163,4.4971123,1.9635847,-3.6240191,2.0458405,-5.5616755,-8.337276
-266.7238,160.32135,-38.242638,32.173058,7.044891,-0.9093667,-2.1739044,-0.5260848,-10.973645,-8.191427,2.1705198,2.4727216,-3.8140793,7.22305,5.433967,4.998866,-0.010972321,5.687265,-5.139981,-13.194547
-238.91504,169.2359,-36.295544,48.62039,9.517282,3.5653853,2.6501052,9.821859,-12.153609,-18.147167,-1.0746417,-2.3447087,-7.598359,4.145532,3.9525146,-4.545328,-13.502077,4.9322925,-6.031519,-21.130304
-214.94302,156.2919,-39.5571,55.953346,2.0307832,0.9391936,-2.1299753,13.653528,-21.405777,-11.925711,-1.2212136,-10.288328,-21.38115,-7.877844,-3.8422828,-17.427292,-7.6245685,9.577194,1.4446694,-17.42456
-174.76974,160.43915,-52.90591,65.92381,-7.3447094,-2.1161878,-4.6375294,21.393517,-25.460526,-17.636593,1.0922604,-21.53461,-20.927456,-17.335693,-6.1035776,-17.36491,-19.916346,10.279375,1.8661599,-14.585699
-143.2064,162.7714,-68.79364,59.64322,-10.699696,-7.2966967,-21.34515,15.248921,-28.430311,-13.0958805,7.2251673,-14.572532,-5.8461504,-14.749307,-14.179468,-19.262453,-26.70262,10.577227,-0.4069953,-13.663876
-112.76062,161.65518,-82.31487,46.839508,-19.498344,-10.620113,-32.173264,9.127277,-29.664848,-8.006557,5.526073,5.0521727,3.026393,-14.115433,-12.97404,-12.832233,-14.9027405,7.8716416,-5.302994,-8.492558
-109.4663,145.81337,-90.493454,42.885998,-29.984146,2.544069,-28.760931,9.081672,-22.004894,-10.805338,4.8393097,2.980615,3.861803,-6.6337543,-15.990873,-10.321279,-10.724464,1.6340648,-11.184414,-12.222521
-124.03133,133.32346,-81.653,50.37672,-25.809437,2.1045442,-31.94875,9.859539,-19.001766,-18.930546,1.4998906,2.280165,0.60774213,-1.1961197,-21.892998,-6.303782,-9.60362,7.1915817,-10.544058,-22.783203
-160.51077,131.99681,-67.833786,61.796516,-16.036509,11.326263,-25.752712,4.636333,-21.956657,-27.661676,-3.5470052,-9.944287,5.900008,-1.2197096,-24.037052,-7.7810383,-9.548807,12.519602,-6.0434704,-20.332865
-203.88982,121.91443,-57.63678,71.118484,-17.797787,10.003594,-4.5626416,8.876161,-15.658287,-19.861526,-7.451704,-23.335798,-3.1336641,-9.291783,-28.536997,-16.411465,-12.932951,23.734154,0.33794892,-15.808606
-201.02325,130.6814,-57.583862,67.63691,-18.53841,5.527568,-6.966348,11.047223,-16.558388,-23.733515,-1.5133475,-20.67602,-5.907716,-10.078182,-22.714573,-12.810614,-14.903187,18.988188,-1.5310721,-12.274485
-195.27338,125.43813,-56.51799,71.317535,-22.243809,8.652676,-3.5240924,11.738094,-12.856755,-20.989016,4.317846,-15.297665,-9.368993,-2.943789,-16.132801,-12.246304,-11.363055,19.318813,-4.4448853,-17.537468
-197.37053,118.67088,-54.060745,75.00371,-21.829296,9.292152,-4.7387576,11.296039,-18.356766,-23.718166,3.1536644,-10.557829,-5.1501846,-4.7952547,-20.416073,-14.494842,-15.202885,13.827553,-5.1955895,-16.443264
-183.14581,132.73785,-55.686058,73.95199,-7.7178955,16.311321,-4.7954087,9.834854,-27.183348,-15.759373,11.557878,-2.121176,5.562956,-1.2596235,-11.441509,-9.520757,-14.823624,14.375129,-1.2793941,-16.980797
-130.2661,145.44028,-68.39924,63.28386,-20.896606,4.6339564,-26.86855,12.691646,-24.036673,-15.239226,5.817062,-0.038761914,9.597246,-2.6697867,-5.1146326,-0.7342526,-7.9401584,9.77412,-8.047983,-17.514263
-125.919,134.53897,-86.63301,63.889107,-23.87719,4.6620483,-18.621998,11.518017,-14.194738,-6.910223,11.09619,7.0024834,11.966755,0.39723074,-11.515051,-11.499831,-17.730536,1.0373666,-9.667013,-17.93894
-130.93242,134.17783,-85.22856,62.506252,-21.08292,7.6604176,-16.4683,9.921646,-14.759662,-9.115754,6.964407,4.636965,9.110204,0.7429984,-9.871986,-7.5214663,-16.14701,5.9178677,-10.591889,-18.778278
-145.98792,145.9834,-78.448616,57.69603,-19.296867,3.4463372,-21.780613,13.178885,-14.643315,-13.699604,12.985008,7.292672,15.044836,-6.0522327,-8.946549,-4.237275,-14.332783,9.153345,-7.8752956,-21.257141
-181.02611,124.45324,-70.36583,68.20803,-9.178686,15.266538,-12.637957,9.611767,-22.443228,-12.113663,9.119524,-1.6896037,16.863483,-3.774889,-9.221266,-0.27439457,-7.37576,7.8762207,-14.6847725,-27.643072
-184.46185,117.171715,-60.40706,76.98098,-15.775103,17.354977,-11.095139,7.6782856,-19.383545,-20.486809,7.7796807,-2.7126184,4.305808,-5.9626255,-15.892592,-5.2308617,-4.443351,15.694867,-8.286728,-19.264748
-191.01555,113.53279,-58.647278,80.63817,-20.779705,7.966714,-9.55717,8.463384,-19.982521,-19.586618,12.927289,-5.8553243,-3.6636581,-5.2336617,-18.56498,-11.643937,-8.413147,11.313452,-6.85602,-14.46192
-202.49179,113.888626,-66.33652,79.09326,-12.990495,11.826454,-1.704292,4.7053313,-19.151352,-15.718171,10.24662,-7.7830114,6.4592113,4.469476,-13.878859,-7.317596,-3.7956505,7.9756966,-13.393903,-19.898853
-204.05455,110.74478,-73.4018,69.16791,-21.728275,6.600235,-2.5510044,-0.63670206,-26.097807,-17.729946,8.728679,-18.02362,-5.011471,2.5752926,-13.169272,-2.512053,-9.570666,2.564097,-10.341003,-23.686947
-183.78287,124.16684,-78.92575,64.10469,-13.317657,9.16789,-8.894333,-0.48604038,-28.321974,-6.2075486,4.004726,-30.757788,-3.1419046,-2.1219282,-13.198826,-3.8344216,-10.046478,13.336202,3.756996,-17.328768
-123.828094,166.14832,-81.771545,43.121323,-19.311398,-4.857829,-28.507187,7.453966,-26.034126,8.091869,9.566623,-14.96019,10.224152,-9.952888,-2.1021185,6.461227,-11.146608,12.012637,11.300842,-10.355514
-120.86929,158.29485,-90.715256,40.26793,-10.891449,9.576987,-21.986322,8.796747,-30.393867,-0.56927437,2.499045,-4.6909866,21.956842,-7.2101536,-6.475097,-10.498236,-31.780216,2.5955167,-1.9657717,-11.704418
-145.35368,175.3753,-89.19127,28.732061,-16.21273,0.15280491,-4.8116484,5.2382574,-23.908577,0.4233222,1.9558456,-5.2434793,13.465151,-12.319101,-7.8581553,-12.416476,-33.96952,1.3277574,-3.6243305,-12.235092
-173.94727,164.00772,-85.910645,33.619522,-17.673412,-10.662543,-3.451419,4.6965423,-20.29513,-5.562168,1.3404253,2.3280792,11.807695,-13.427614,-13.098889,-17.255802,-35.09311,-2.289071,-14.214395,-16.453295
-193.01942,163.02261,-72.3068,44.272778,-16.880713,-5.788213,2.7446055,4.379892,-7.926592,-9.058813,2.1588047,-1.2054961,-0.1944949,-6.6751328,-9.431099,-11.892748,-27.716606,-9.384274,-11.975784,-13.394703
-209.86908,162.89905,-64.44645,40.03185,-14.859201,-4.328908,6.6327477,2.0139618,-8.58224,-17.514614,-4.8143797,2.8410697,3.540493,1.8519543,-14.317162,-12.46256,-21.065468,-10.615068,-6.9346104,-6.510799
-228.04512,167.38597,-58.081635,34.572952,-15.363245,-4.2863383,6.3805323,-8.182298,-13.524687,-17.960155,-5.9122725,-2.3067842,-2.0902028,1.9940507,-12.051794,-13.795418,-19.263592,-5.9470043,-6.755618,-14.977478
-244.85063,158.84184,-53.726353,40.234444,1.0976669,-1.6377294,2.9704432,-1.4252877,-7.4592466,-12.699653,-4.804676,-0.84051925,1.4201335,3.227313,-9.992174,-10.576495,-15.728502,0.3234992,-5.7671533,-13.567339
-248.32402,150.08327,-63.558617,35.343384,4.858178,0.94924223,11.574932,9.601197,-8.168099,-7.575371,-5.3560214,-3.6119099,1.8487245,-0.6301426,-9.210201,-11.88315,-13.100901,8.568975,-6.3213243,-14.374399
-252.43604,160.42752,-54.8255,31.389004,1.7973641,0.25733957,8.811664,0.36942816,-12.971914,-8.920212,-2.088872,-9.2895565,-7.9773946,-0.6497799,-7.36919,-9.837181,-11.741604,4.395825,-7.386063,-10.384092
-254.6204,157.12503,-57.8794,28.548283,-0.1052678,-4.6093626,7.9751725,8.291079,-2.2683923,0.2845925,3.5022016,-3.4509459,-5.7306576,-5.28181,-13.649475,-12.176449,-17.608892,-0.71822286,-8.942663,-11.586884
-252.31334,157.56763,-48.45781,35.92041,3.537761,2.3274913,7.09632,1.9961009,-9.260283,-0.8399299,4.674219,3.307683,-1.245146,-5.4357443,-13.349902,-12.433471,-18.109312,-4.1375628,-13.422094,-13.965382
-248.58618,160.62318,-43.794823,35.42705,-1.0387205,-0.78188235,2.4039595,-3.3536863,-13.8861065,1.2361058,6.9950876,-0.55558527,-4.534089,3.0696821,-7.769184,-14.936546,-19.302958,-3.6363883,-4.2403626,-9.719645
-262.27798,159.91855,-42.618317,35.37375,0.25482672,-9.003266,0.7079436,0.78471136,-8.474195,-1.8362135,8.020253,7.258467,-0.29268467,-2.8777683,-17.444078,-18.979576,-16.361248,-5.4622173,-8.2287655,-7.8045607
-265.91714,152.5242,-50.66198,33.355766,9.331682,4.020272,8.715189,1.9030062,-6.801365,2.6580322,3.9221482,0.015225649,-7.481848,-12.497471,-21.969559,-20.874002,-16.924187,5.680913,-6.145404,-12.875776
-271.981,155.51387,-40.462555,35.92476,10.287693,1.8237498,7.7557774,3.8991013,-2.173658,4.144441,2.249648,0.74262,-8.753642,-9.170265,-19.478092,-16.606731,-18.703686,-5.5559626,-7.167784,-9.1663265
-276.21597,162.05225,-35.739254,35.642586,8.918523,-5.198695,3.701015,-1.558815,-13.290721,-4.4092946,-4.126965,-1.6232665,-4.3796663,-3.0179014,-11.810908,-15.694494,-19.21407,-5.1704025,-4.110025,-6.8678703
-279.65002,168.12317,-32.958908,28.884293,12.827071,-2.4976687,3.0992517,5.7747226,-14.214586,-9.200318,4.248172,0.3878882,-4.2739387,-6.8321023,-14.122578,-12.929754,-18.185192,-5.5498266,-9.90528,-9.112829
-284.04932,163.44969,-33.825203,28.95919,8.788363,-5.849071,1.0378759,0.6719216,-13.630344,-4.953467,4.2225,-1.2485613,-6.9351597,-2.3005438,-12.096245,-15.54401,-18.674004,-8.727006,-9.796276,-8.616831
-287.23843,151.5326,-33.103767,39.84498,13.986577,-0.23651016,0.40170053,6.660145,-10.612473,-5.8864083,6.3710723,3.6438916,-3.0151641,1.2029357,-6.0445223,-23.087704,-27.982235,-13.507102,-7.4417086,-3.8335848
-259.41315,156.44193,-35.834,40.91102,3.6786556,0.35041344,-2.0299468,-10.57738,-13.407357,-1.333935,-1.2507203,4.234647,2.722792,11.372248,-6.1562996,-19.626595,-25.352913,-13.706987,-11.029235,-9.492712
-248.99911,158.13812,-37.726364,37.633965,5.6592236,2.4600508,-2.2578259,-3.804782,-10.362406,0.477965,-5.5993505,-1.088249,-2.4578724,3.5389018,-4.443668,-15.001343,-24.386719,-13.221777,-9.024044,-4.3163743
-266.59525,158.68588,-27.59526,45.429306,9.07345,-1.8536184,-0.6311487,-6.529545,-16.361029,-4.299095,-7.792838,-4.449622,-8.235492,1.4071411,-1.046077,-9.858566,-16.561531,-8.708605,-11.894885,-8.101942
-279.9072,165.15784,-25.050228,33.31141,7.1407275,-9.8320055,-2.4096096,-3.3422318,-20.315157,-10.739212,-0.95872,2.3720965,-10.006243,3.7315998,-6.9762197,-20.084236,-19.20116,-6.334307,-5.091667,-3.020938
-284.01303,172.85756,-26.05495,22.757835,6.61107,-8.421956,-5.0221705,-4.1900206,-17.692873,-11.137629,-3.407875,3.02351,3.8628771,1.8302681,-14.258432,-17.256372,-15.785506,-7.605898,-7.2728305,-1.8717085
-286.7204,167.69955,-27.604397,22.974434,11.191934,-4.9719195,-12.28225,-8.094767,-15.36249,-4.6763844,1.0662963,1.2896934,3.1750388,5.3918686,-11.610305,-18.29877,-18.169718,-6.712714,-5.234122,2.0634608
-297.09808,159.6471,-33.93569,14.770513,11.302088,-2.0903225,-7.4384336,-2.2752192,-17.974527,-11.005415,-5.0769596,-3.7788458,-3.6184492,2.2053833,-8.233182,-17.774189,-16.05695,-4.571374,-7.5444756,-1.3612407
-306.3742,154.86627,-30.78373,19.51794,14.118665,1.0727847,2.801237,6.613394,-12.830759,-2.656279,-1.8895335,-2.490769,-2.2381458,1.7585927,-4.5203104,-9.418953,-13.400494,-12.414172,-10.178303,2.1930518
-311.85272,153.63435,-25.990402,18.867073,10.583354,-2.316211,-1.9553132,1.8377987,-13.880926,-11.370549,-8.850259,-3.5846074,-1.6875217,6.488155,-6.195643,-10.037945,-10.51967,-6.969614,-11.692291,-3.6415982
-308.26126,150.46924,-29.631393,19.628126,13.810186,3.006011,-2.3370678,-4.139964,-8.923866,-2.2646046,-6.4585285,3.8298965,4.709054,7.6065063,-4.9588065,-10.333273,-13.592361,-1.6029708,-6.1119604,-3.526041
-311.2328,148.85034,-29.949215,20.79304,14.569502,0.7650875,-4.8313127,-1.6284761,-10.11669,-5.9589252,-2.0793002,9.001615,2.9236758,11.734516,-1.9077489,-15.974892,-7.720734,1.8220462,-3.6204314,3.7222266
-316.8912,147.53436,-30.5435,14.731488,6.209352,3.795961,0.7414706,-1.634526,-7.94622,0.7969743,-1.3076248,4.493917,9.564309,14.479771,2.7866223,-10.040287,-14.745352,-4.638029,-5.620592,-0.25332046
-304.25223,152.01773,-21.474579,32.6227,14.93317,9.73594,6.1413136,3.3677368,-3.663876,7.07827,3.3004296,10.168711,6.4950314,7.419586,5.1158915,2.5427096,6.595643,11.17923,8.949972,5.1423707
-283.69324,150.47572,-17.753098,36.7622,13.639032,16.345856,3.1706882,10.544443,-6.819744,8.493294,1.7643042,2.336044,1.9008248,0.91842437,4.0760846,-0.30112088,5.243372,9.56674,6.165186,1.6189762
-275.40042,162.63828,-14.230864,40.956486,14.941779,5.141058,5.7089925,6.987156,-5.0805693,1.2705141,-4.789798,6.8285317,1.018202,10.201342,0.42838645,-6.001304,-3.9403553,0.87146425,1.3692362,1.008903
-288.49405,169.30487,-10.560352,38.786003,19.99143,8.535234,3.5210779,6.625373,-3.9818792,-2.1829793,-2.011448,9.89131,4.0588007,1.7055504,-4.5353966,-6.1219845,-7.325844,-1.1927797,2.4297519,1.4081092
-301.3073,169.0217,-7.954217,36.75306,22.70184,9.43803,4.1911497,1.3025014,0.5014835,4.958255,-2.8937373,7.7620983,4.5309153,8.986016,2.004778,-7.2166743,-12.059021,-1.2427893,-2.871549,-4.577524
-311.90375,167.01077,-6.4944124,30.136719,20.510952,10.331913,6.3949666,4.435701,-0.019342303,10.7954445,2.2026072,9.346409,9.566497,9.5048,-1.2110628,-9.841133,-12.524603,-5.808976,-6.634079,-6.4973664
-319.03452,161.0944,-3.0400717,31.475521,22.078743,14.887311,10.499548,5.0574174,0.95620847,4.290207,0.36216664,13.057011,6.427066,13.196432,-2.0959578,-10.410778,-4.6764507,0.45720553,-10.472147,-6.151221
-321.6496,160.0586,-6.112033,31.18632,26.012863,18.177128,12.567244,3.128429,-8.157136,0.7175705,-3.8723958,12.508623,13.189207,13.360523,1.0656154,-3.6221159,0.8686631,-2.1617217,-5.5925665,-2.8009586
-315.9892,158.93948,-9.809971,28.449007,21.0211,9.767048,10.5602665,8.655407,-4.576574,5.8797355,4.2121506,10.424122,2.4369378,7.7416306,-0.24342906,-6.9511814,-4.221603,-0.08886181,1.4855525,-0.10185748
-320.954,154.4419,-15.132766,28.70391,15.920691,2.3108072,-2.3912795,5.8363757,6.0066476,14.177983,8.844664,9.645874,2.4293497,2.4804175,-1.6908333,-9.363486,-4.072235,0.5615077,3.8643036,-1.117537
-291.49768,149.87885,-8.455353,45.77369,4.2544103,17.191975,7.162638,11.222652,8.894694,4.781811,4.62634,2.145729,-6.7257476,4.3508496,1.8422401,-3.1594093,0.57710195,-2.592369,1.7227006,4.0429373
-283.7986,127.45134,-7.5034547,55.196316,-2.5357652,32.698048,-6.1951256,14.917969,6.8286924,0.31597108,9.804171,-4.983279,-1.6810611,1.9869719,3.5561483,-7.9187155,-5.53611,5.717223,2.742918,9.237425
-275.14822,150.64365,-17.675453,45.74388,14.740419,17.720882,10.434984,18.530142,-9.78499,4.241272,-5.9564853,3.9739158,7.017078,-6.188526,1.7523584,-3.2154813,-4.7379894,0.64865637,-6.8892393,-3.4703972
-277.92288,159.71426,-20.436935,45.877373,23.41389,17.57206,2.4870753,11.618147,-2.7037206,1.431484,-3.3424482,-2.3039286,0.07120043,-1.4084381,4.449707,-8.053389,-10.04733,0.72383076,-7.760228,-2.8249965
-288.90665,159.95358,-21.050323,45.037354,26.78422,18.785168,7.5289426,13.308018,1.0126345,2.749727,1.9544852,-3.25597,-6.1216917,-5.324624,-2.5032206,-13.133564,-12.880721,2.2623696,-0.733529,0.29636294
-295.2348,162.62997,-14.194232,46.852283,25.938757,13.557497,5.90847,6.313815,0.13876083,7.447279,4.1010265,1.9844922,-8.630615,-3.5337446,-1.1524146,-13.158585,-9.640879,1.5296136,0.041478276,1.820358
-295.41302,163.21045,-15.682601,42.122704,26.547253,18.497627,5.764868,2.4367714,-5.9968314,0.9185993,-0.8294838,4.7265306,-1.5005658,-0.9994092,3.5250158,-9.988565,-12.256947,0.07414472,-3.0222178,-2.3163822
-289.36798,164.36545,-16.588505,44.389957,15.639761,12.355347,9.164868,4.7886944,-2.6104336,5.264242,0.14653862,0.64045143,4.274981,-3.8206406,2.3609746,-1.6747601,-14.943205,0.22144136,0.45108187,-2.5392456
-282.25558,155.11588,-20.738056,52.008034,13.477983,8.084808,8.811556,3.7485569,0.6494223,15.344519,-2.4487448,-0.9683901,1.4304721,-2.5443273,4.939933,-5.958901,-17.755547,3.5907083,5.566173,-4.622225
-304.1024,151.30319,-10.418655,54.865017,24.060345,4.744171,-3.1174166,4.7515965,9.403959,9.773338,-0.30436647,-0.100314796,-7.2569675,3.5580053,0.118267015,-9.055518,-6.5405493,2.9472423,4.6048074,5.2595444
-300.22324,151.5055,-16.684595,51.369568,26.399635,9.155026,6.487117,1.5919812,-6.730734,0.63507336,-1.6644037,9.365496,-2.2824924,3.636656,4.135808,-3.4417162,-3.4593735,1.1146413,3.6889281,4.498701
-276.2683,164.15964,-20.288727,47.624084,19.529057,8.263367,6.9585137,9.351806,-3.666782,3.6182137,-9.654929,-3.431978,-3.3079133,-6.0359116,4.44254,-5.963342,-9.536114,9.011005,2.4897695,-5.7953005
-279.06113,160.66254,-25.372292,48.870102,24.340523,10.710526,5.183848,8.41666,-0.8997253,3.59768,-3.727868,-1.994463,-4.923052,-2.7585752,6.889654,-5.63936,-13.327198,0.28825784,4.0518465,-0.8523726
-287.90884,150.96443,-20.031727,51.774315,23.507868,12.304953,5.8803782,4.1095324,-5.990163,-3.6748648,1.3820944,7.735733,-3.9431272,4.1787934,-2.3099024,-8.8447075,-10.999633,-4.169232,4.255759,4.633829
-297.24078,155.05362,-17.025293,48.33441,27.24029,15.12755,3.4355402,7.7812243,1.2324649,-1.5044069,-0.47157043,-1.3519311,-6.8487616,2.9705482,0.3893547,-5.162711,-9.9684105,-4.653796,5.8155584,3.5086467
-312.39865,158.08096,-15.3336315,46.21486,36.03101,16.040087,8.88511,6.068161,-3.9249659,6.1529617,-7.123167,-7.320821,-7.932436,-3.3629742,7.8877306,-7.1117935,-8.397477,4.0414367,4.1964326,-0.37949407
-317.11273,156.97849,-11.838728,43.423374,34.66926,17.032526,5.9158225,5.6020384,-2.212984,8.731049,-7.6716914,-5.7007856,0.90204453,-1.4070623,5.9818683,-7.63287,-13.818815,-1.6318597,0.994549,-2.033129
-322.58194,150.806,-9.085579,45.50059,35.904472,16.74479,8.031404,7.2262287,-2.0709608,3.8938427,-2.7438378,-0.92800236,-5.474141,5.0230775,3.0558836,-8.542658,-14.365355,-5.969089,2.7771902,2.3904972
-319.588,154.79572,-7.661968,39.975487,34.133896,23.69812,12.394707,15.132444,-3.9498034,-2.811561,-7.470439,-9.136623,-2.0886767,8.398567,2.7049928,-8.472037,-4.0239177,0.9364152,-7.0700817,-1.9251256
-295.90945,152.4754,-8.812855,47.274673,20.615318,15.584904,13.079065,28.952084,-6.252831,10.873913,5.2676735,-6.613159,-5.1803293,-3.9200304,5.4267974,-20.388786,-12.31106,-1.4317406,-9.534302,-7.929362
-284.05908,153.43933,-12.455403,48.91014,17.415432,12.220846,10.47344,22.926788,-10.75387,14.715267,5.060706,-7.703804,-2.7303452,-6.2289515,-6.287937,-28.623867,-8.454974,4.4795485,-12.809741,-9.925306
-247.31253,160.67036,-27.134136,57.036594,14.195241,8.06486,14.098289,21.745615,-17.833143,14.16757,8.781317,-11.48213,-3.2474155,-10.028916,-8.734556,-21.508108,-10.420289,-0.902192,-8.650106,-4.8760586
-221.31628,150.6323,-26.608574,68.71358,5.3524833,7.041007,11.764294,27.563847,-29.357866,-0.17930186,-1.7122092,-16.919806,-8.615481,-10.166621,-4.9734488,-14.968323,-11.150499,-2.8659115,-6.22843,-10.582018
-210.994,160.7454,-39.101715,62.930916,8.3212385,6.985213,6.89106,22.197948,-26.488197,-6.2158523,-4.126646,-21.90694,-8.383733,-9.866211,-4.7801776,-21.114424,-14.408887,3.8536487,-6.383273,-16.109865
-173.27539,177.78293,-51.921562,55.68569,2.9991045,-2.399982,-17.075874,11.097744,-29.740517,-21.512411,-0.015783757,-11.494865,-2.6212664,-12.967382,-13.266489,-13.049639,-16.784134,1.9360766,-3.8662853,-13.637945
-132.68857,182.94453,-77.43353,46.558784,-3.8104484,-15.852305,-19.424664,7.38708,-34.696487,-3.750873,1.7924349,-0.76716596,9.401789,-14.559013,-15.777903,-8.387625,-13.031258,0.15572974,-7.494585,-24.3366
-129.56717,164.8949,-83.7827,48.989902,-14.197767,-2.6611824,-16.607018,10.558352,-31.788773,-16.093906,6.0871773,2.332048,9.360846,-5.895802,-7.8353243,-2.2618632,-8.23863,-4.9843845,-12.5493145,-24.01221
-134.19977,152.694,-77.75708,50.64669,-17.291683,2.192426,-18.822258,9.439503,-30.94852,-17.821568,8.51959,1.212604,7.9923368,6.317313,-12.731106,-10.220325,-12.541426,-9.835516,-5.7157154,-10.166498
-152.54453,151.50519,-68.12657,58.174477,-10.710782,4.13073,-17.747437,7.447621,-27.55614,-16.493076,2.682723,-1.5616076,12.690922,5.0884213,-11.449024,-6.1660824,-15.106718,-7.5942287,-6.938443,-17.453138
-175.9181,149.80157,-56.620018,69.87805,-3.6206489,0.76041245,-17.491566,10.134105,-27.6151,-7.724786,8.867981,-13.002281,13.066801,2.1910324,-12.874659,-10.138219,-22.29726,-7.902751,0.25038075,-14.380686
-192.54745,141.04628,-56.582886,69.96046,-4.433127,10.0756,-5.24333,12.909977,-19.203686,-12.23583,9.387631,-11.191776,1.1127799,-4.4690995,-15.187752,-7.757208,-11.512985,-2.2205765,-4.017219,-14.289215
-198.92514,131.02629,-50.43713,78.3412,-0.7348856,12.670701,-7.192093,10.033827,-26.183655,-21.80091,5.0533648,-12.757559,-6.2877398,-3.0260293,-11.83632,-9.028793,-12.942709,-7.037447,-5.172984,-6.5044494
-204.47896,127.95362,-49.24189,79.43768,-2.6728039,14.667145,-6.2076616,8.077693,-27.041193,-25.880526,6.278129,-6.9317207,-1.6421063,-8.517163,-21.059586,-15.827677,-16.860931,-2.9716332,0.9386997,-1.015866
-207.69174,125.87851,-54.414528,73.70453,3.4354506,16.833862,-10.185601,4.198481,-22.200787,-16.9345,13.862267,-4.4784946,-0.6540561,-1.0543187,-16.509357,-14.112984,-17.025295,-4.772955,-5.8118258,-9.551095
-205.86565,134.2322,-53.77449,70.888374,0.79871666,19.406572,-0.97402537,14.297572,-27.238264,-22.744678,8.370449,-12.4921055,-4.504012,-10.253462,-13.702784,-8.273825,-6.795113,-1.0395548,1.0062517,-7.191558
-202.17432,145.92126,-49.155632,67.314804,-0.86266077,8.767379,-4.389455,16.580286,-22.195768,-9.924259,8.161068,-16.145561,-12.717913,-19.702927,-5.534628,-2.5530396,-9.593987,4.4578567,2.622789,-6.934393
-207.0653,145.47937,-46.5232,70.02353,0.32129407,8.74946,-8.942199,8.071364,-23.405903,-12.937094,8.343183,-10.282496,-9.037397,-15.791766,-4.4094896,-5.593374,-8.075777,4.147041,-2.953161,-11.645071
-212.47415,135.13931,-39.556877,77.346405,-0.20415036,9.5652895,-11.997129,7.9971957,-21.886595,-13.027033,10.786102,-11.924025,-12.689617,-9.317833,-8.989191,-5.4820466,-0.7281647,1.2123613,-5.847019,-16.814709
-225.48064,125.939865,-45.561344,76.42976,3.28253,13.103624,-7.5220146,11.051657,-16.024046,-11.997162,7.672429,-11.704397,-9.457224,-9.46577,-13.776707,-9.9643345,0.9393878,3.934401,-3.4539557,-11.4270935
-221.84741,126.17969,-44.093506,75.20657,-1.4061161,11.274815,-5.504968,10.715893,-18.337486,-6.4546785,16.20386,-4.665302,-8.221813,-4.220754,-7.0112276,-11.257089,-5.1020155,0.13315105,-1.46838,-9.947139
-223.77771,128.0209,-42.66737,72.23923,-4.849335,12.648346,-2.2808497,13.407707,-12.332208,-4.0417795,23.195374,-3.7636948,-9.261423,0.83532226,-10.321257,-14.640958,-9.554461,-2.5859542,-2.1709106,-9.146051
-232.51953,121.5966,-45.631104,76.14402,1.9518483,10.286938,-2.4434648,13.82991,-14.72992,-11.987492,10.889885,-6.9071507,-6.2116604,2.3106728,-11.297488,-19.336332,-13.00678,-1.4540061,4.030432,-1.6768467
-228.74692,124.33688,-47.296917,74.46243,-2.8751519,9.057348,-0.8217565,8.935661,-20.561266,-11.086905,10.931534,-12.468228,-8.712726,-0.3872109,-11.60499,-17.90408,-8.518824,2.435222,-1.2065251,-5.3517137
-217.13644,125.7665,-59.86413,70.16965,-4.0498834,9.7791,5.923192,15.591175,-27.576073,-6.084921,13.847771,-23.980412,-7.067685,-7.882435,-12.759781,-10.655391,-15.074617,1.5373063,-1.6830351,-4.100501
-159.40103,154.03879,-65.15764,69.535324,-5.097106,8.543358,-6.20849,8.579533,-30.20647,-8.985828,6.4340377,-15.265577,7.4882574,-2.3083339,-5.2229652,0.98103505,-0.91358554,13.748184,8.130331,-6.640744
-114.10815,169.82709,-76.17576,56.90753,-20.276459,5.4174232,-12.667263,8.579068,-7.564826,1.9224505,10.561447,-4.6351986,2.525176,2.7728899,-10.91848,-7.1325426,-6.161359,6.3963213,4.55534,-5.894647
-136.03868,165.95403,-83.18901,47.260334,-9.951429,16.55745,-4.451108,8.273496,-8.499798,-9.777126,11.557139,-1.7394812,-4.5968075,4.136492,-12.268588,-8.749376,-14.179726,-0.81505966,3.4827385,-6.310136
-158.22086,166.92285,-80.12706,44.879128,-4.8946958,12.212616,7.742632,16.420248,-18.030308,-13.281439,9.605967,3.3375044,7.270872,7.7481747,-2.7687182,-4.951133,-13.964869,-6.767061,-9.777854,-10.795715
-173.66122,176.65671,-77.006775,38.304913,1.5522256,5.4489055,8.704287,13.699341,-22.567997,-11.358686,5.059204,0.031896167,6.1896076,-4.5468454,-2.9147067,-5.12519,-22.957552,-2.7648716,-10.817058,-5.033407
-199.86295,177.92102,-65.249275,38.868706,3.6927004,4.794273,8.553208,11.636414,-20.460222,-17.461609,4.1270185,0.15819484,8.047414,-2.4965518,-7.073475,-0.21859318,-10.805933,2.3601856,-8.883733,-11.203648
-217.03094,175.63347,-52.298122,44.941833,3.5317678,9.2691145,13.157746,7.2414656,-9.360151,-13.05864,1.2518935,0.51909965,1.133768,0.3147996,-10.2251625,0.6754006,-6.4583597,-6.681195,-4.225773,-10.407775
-239.31041,160.28621,-46.938423,49.908005,7.591852,3.336058,14.392401,14.711214,1.5372759,-4.9663296,3.7626958,-5.091475,-16.991802,-0.79800975,-7.627839,1.0744681,-6.699457,-12.114624,-2.889457,-2.8202097
-243.48935,166.54083,-42.67279,43.4731,4.3016653,0.9815763,9.381924,5.481814,-2.8228157,-6.411916,-0.93410313,0.10434938,-6.9700737,0.8848566,-7.065666,-1.9981544,-5.05009,-4.7232256,-7.332827,-10.080667
-251.34923,165.7421,-43.328186,42.98049,13.251083,-0.56395,8.82458,9.862417,-3.368682,5.0795803,9.498048,3.6897612,-3.162245,-2.26028,-15.7220955,-12.64795,-7.2090225,0.79547995,1.667357,-3.5203133
-255.61407,168.11649,-39.25964,41.163204,8.761624,-1.0776292,15.778543,13.337762,-3.3093443,0.39776778,5.114538,1.5697383,-7.1001034,-2.5438552,-9.88155,-3.9090037,-5.578356,-1.3525164,-0.41923988,-1.9970077
-258.36353,164.29938,-37.53033,37.544216,6.803545,-2.2456715,2.0112512,10.186197,-9.8543625,-4.357724,9.43862,4.0554385,-1.7449138,-0.31487468,-11.413755,-7.8399734,-0.49018604,-1.2071452,-1.4412742,0.075472474
-251.11449,158.63956,-41.783997,36.84314,8.635547,5.209323,1.6464498,3.5590596,-6.111388,-1.3321087,5.7693567,7.69309,-2.5090837,2.033748,-5.4663825,-2.4679265,-0.88717455,4.081891,-0.5564037,0.3972503
-263.47638,159.77864,-40.09492,37.60503,8.887492,-2.165928,8.290283,11.492592,-6.9739275,-3.26785,7.911767,7.664812,0.2305721,8.357744,-3.6923985,-1.2812667,3.0768127,4.0918922,-6.023592,-10.049267
-280.41537,158.72836,-35.066963,38.458412,14.057644,-1.1710756,5.5411777,3.7316995,-3.5321097,7.731289,11.024073,4.105613,-4.74395,9.630417,3.7869363,-0.9352249,1.0733849,2.9876487,2.276488,-2.4355474
-278.45367,160.40265,-33.198147,37.33106,16.751911,5.9595957,5.6041927,-0.15892059,-10.073838,1.9975952,16.535097,14.068407,1.9786034,5.4127665,1.5444332,6.2952824,3.0566258,7.1952534,-1.0899448,-10.147316
-285.37894,162.18326,-27.374126,40.764725,18.766348,1.910053,8.557444,5.708777,-8.25814,0.6069781,3.0282059,0.58486027,-4.084181,6.6422753,4.6476054,7.3750434,3.9644327,0.543395,-3.2544377,-8.491184
-291.65793,154.54956,-26.93918,41.360023,15.217142,-4.812857,3.516291,3.7468266,-8.185839,-0.49158743,2.4051607,-3.102556,-6.9073224,14.66929,9.533905,7.2084813,-1.6471963,-3.9434583,-7.34578,-5.49686
-290.75552,162.40721,-18.47453,44.06284,14.349182,-2.582155,6.184165,3.440964,-11.88958,-5.546895,5.408544,6.1888676,-0.4244042,15.021475,5.168872,3.3528268,-1.2472079,-3.3710787,-5.1896343,-7.4603744
-292.0831,158.55676,-22.928207,38.885323,20.365772,0.08956289,6.399678,10.01133,-6.5640087,-0.40699822,0.94214386,0.000785619,-6.035574,5.657282,2.0409863,8.5881405,7.659421,5.5148454,-1.3312287,-10.23926
-292.74695,161.04709,-23.01799,37.146965,21.440094,5.863056,0.907978,3.8749747,-7.581132,-6.419578,2.8472452,-0.06587863,0.07228112,11.595364,1.70342,8.978104,2.6202154,-3.131249,-9.308804,-14.983814
-272.2564,142.44025,-15.941895,43.203392,8.935909,5.92015,-3.197709,11.384064,-9.902815,4.3218417,-10.715105,-5.533397,-4.6702533,5.994082,7.4080553,2.0968232,2.539771,6.397415,0.32270038,-13.875261
-265.9811,137.63336,-27.480164,45.83159,0.26901108,2.9092631,0.051582634,9.62197,-3.749971,-4.465622,-11.887293,-1.0355173,-16.460217,-5.58528,-2.498387,-8.299274,2.200264,1.811075,-2.9316316,-3.7892413
-278.33728,138.36172,-37.423622,41.956326,5.623839,0.062246323,-0.8123397,1.7690412,-3.200966,-6.8696313,-7.0323763,1.7753359,-16.812622,-6.3056145,-9.940962,-7.5850863,2.5185168,4.2272496,0.77915645,1.0017972
-292.2406,141.38144,-36.210754,35.932354,10.167741,-6.444914,0.87422246,4.425689,-12.635593,-7.3369207,-8.811072,-10.179174,-20.38821,1.4502634,-5.3165884,-0.9717699,4.8074512,-4.505376,-0.54089516,-6.247386
-318.14102,143.26187,-29.994368,23.886538,14.282221,-0.6501553,2.5035179,6.6185355,-10.303898,-5.680447,-5.0341525,-6.0719585,-14.608287,-2.998503,-5.6443577,-1.6646054,-4.6669235,-7.198911,-7.5363255,-11.013883
-327.8596,136.05139,-31.693428,11.427019,1.8676121,-8.448519,4.2510996,9.632668,-15.388647,-6.081311,-1.8494465,-3.7926433,-11.724277,0.95646894,-7.677019,-0.6993027,-0.7724351,-4.6309977,-0.9140159,-3.5298471
-328.64944,132.97754,-30.01212,19.783525,8.321254,-4.6424303,0.6764454,12.555415,-6.6274776,-5.1545367,-8.623323,-0.1555045,1.2729031,5.0390663,-2.733859,-2.3236506,-3.6481752,-4.817127,-7.311155,-9.666433
-340.13623,133.95734,-22.683266,28.284176,17.588078,-6.0752544,-2.8783205,9.386919,-6.4168053,-0.21980554,-0.08418462,1.5805113,-3.7484083,-1.4623121,-7.181177,-4.965434,3.953907,1.480188,-7.431629,-5.5389776
-326.1012,126.64737,-18.512062,30.459105,12.400436,0.7333071,-1.5900328,19.92356,-20.100475,2.6997612,-9.734125,0.4323271,-5.4816723,-13.733562,10.038068,-10.044523,5.6294417,-6.90108,-11.0209255,-7.4996276
-292.07895,137.57005,-21.159676,59.03514,19.949127,2.0481334,2.8971982,25.288557,-25.663116,-18.70866,-1.5092608,-8.959096,-13.406382,-13.146387,3.285954,-9.771838,-8.454501,-2.0237842,-13.451603,-23.760319
-256.8433,137.1835,-34.18522,68.24269,7.918561,-0.22986099,0.83307993,16.875633,-27.182037,-21.809542,6.4808054,-13.839901,-22.480652,-13.478758,-7.265361,-16.21286,-13.496037,4.8564005,-7.816905,-20.644367
-224.28876,132.36009,-51.990036,65.10301,2.3979223,5.912885,7.4047976,23.174435,-18.049992,-12.169383,7.545345,-8.441353,-21.025421,-13.481649,-11.566416,-18.979588,-15.929232,2.3821914,-2.0812967,-6.832408
-189.68575,155.18906,-53.18007,67.96446,4.803114,8.666748,0.57300967,23.634779,-21.953596,-11.175075,12.860022,-10.557041,-1.3684511,-8.96399,-7.787822,-5.6786747,-11.172899,9.091846,1.9246563,-7.9698715
-134.74861,161.76474,-66.02934,58.00173,-13.30176,0.8945821,-30.513649,5.2248154,-21.984358,-6.394801,9.461853,1.2670858,5.4350414,-10.76011,-7.608869,-3.8631668,-3.0380292,6.439652,-11.7209015,-17.076828
-129.82841,140.19348,-83.65366,53.084747,-14.176082,10.034842,-22.482956,12.6495285,-14.75503,-3.689464,7.5060887,2.420483,-0.0699529,-5.4845114,-9.10064,-7.341581,-7.5159726,2.7400959,-12.829538,-20.12857
-139.29427,138.86197,-83.36132,53.77558,-14.052703,4.9248724,-22.172405,12.153038,-14.43387,-10.121267,3.6157498,-1.38974,1.3143535,3.0150807,-11.703651,-7.3557863,-5.9385495,4.6407657,-13.386076,-24.228916
-162.15295,148.39014,-62.76406,60.129234,-5.6015906,4.776695,-32.507854,7.736051,-23.367052,-19.057087,4.3951273,-4.828926,6.5235686,-3.700317,-6.6892996,-1.1292226,-10.646775,4.563987,-10.563963,-19.44874
-196.31139,133.97342,-59.92388,62.79225,-1.6702449,10.810942,-10.415174,24.186592,-23.811058,-16.054682,12.297075,-12.195967,0.4305769,-8.713299,-8.07205,-13.092642,-21.4249,10.74753,-12.499804,-17.468086
-217.47218,130.61893,-55.137085,74.24342,10.504819,10.871916,-8.316679,17.265388,-23.064228,-15.7773075,11.4081,-15.243595,-6.3829308,-10.58482,-6.573339,-17.184242,-21.2215,14.675051,-11.195983,-10.50804
-229.05624,138.82724,-54.012054,68.59151,6.06022,6.27967,2.0258074,14.210021,-19.704098,-17.81055,4.410156,-16.06644,-3.9997344,-1.2927122,-2.8224068,-13.303158,-14.153643,13.462524,-16.934673,-12.09075
-225.68007,140.02594,-61.75032,66.62813,12.357714,7.515772,1.6947377,15.456119,-20.557,-14.173128,15.056679,-12.632461,-4.395863,-5.8766327,-5.7611346,-9.606865,-14.927398,14.144899,-13.797748,-12.152109
-190.01044,150.37689,-49.016212,70.34733,-0.34084284,13.197153,10.201053,22.842169,-26.932232,-4.863489,15.785103,-14.216295,-1.5033462,-4.1120834,-5.9716587,-5.5129123,-11.427994,15.277299,0.6346614,-6.602335
-140.41971,173.33078,-70.512535,59.584633,-1.6184595,2.4352844,-17.44485,4.5874224,-28.018154,-6.9362483,11.813581,-8.433128,3.0316389,-4.5468726,-3.5677104,-6.258286,-10.885159,10.881528,-1.481199,-6.542841
-139.35632,183.79224,-82.18407,41.437473,-6.4727345,-1.4397085,-11.738026,10.263222,-20.76779,-10.85057,10.244203,-1.9210625,9.523664,-0.13629138,4.5492735,-6.9600477,-23.630762,6.2034245,-15.781851,-15.213228
-149.05385,190.84534,-76.54486,35.010933,-9.861237,-4.0062876,-5.155707,15.640826,-15.74628,-13.106455,2.431314,-5.864625,7.196891,-1.0339048,1.8323483,-7.8526278,-21.074734,7.303296,-14.127443,-15.310563
-166.58987,199.26988,-71.790115,28.467281,-6.23505,-0.43424964,-0.13076705,10.834015,-14.986092,-15.838329,4.7681117,-4.6814656,1.0110228,-6.3856544,-0.22087002,-0.8594201,-14.974443,4.038515,-8.152435,-13.007578
-205.54118,193.42752,-49.8535,36.6332,0.14704835,-3.1862574,-1.9068077,4.462659,-16.117025,-14.166464,6.676681,-3.4958534,-2.6189108,-4.2400928,-2.7685862,-5.960855,-15.305067,5.876418,-8.477988,-10.8592205
-233.05563,182.95398,-42.879288,43.13601,9.556445,-3.8298502,-3.514084,1.2181813,-17.778597,-12.3216305,8.166392,-0.44896108,-2.7666793,-9.684571,-5.7190504,-5.996163,-14.309837,4.382182,-8.755026,-3.3758152
-243.45029,180.37018,-45.522503,39.10653,15.870531,-3.185375,0.7498549,3.8465796,-22.328503,-14.705735,3.3916087,-3.372662,-5.0197973,-5.3017683,0.6595403,-5.0064898,-8.260103,8.607834,-6.9601784,-7.9303856
-251.54234,173.0467,-46.166065,40.287415,17.816704,-1.3354061,8.872822,11.705588,-20.564358,-18.470917,-5.4826174,1.7409227,3.3759322,-2.6781247,-2.4808438,-9.86204,-7.321244,8.471285,-3.5263348,-1.4764466
-257.28635,167.8171,-46.883354,36.00009,20.396013,4.8150797,10.317965,11.766512,-15.278353,-11.925226,-6.0819836,-5.9334598,-2.2116346,-2.0387797,-4.9313793,-10.269548,-6.243624,9.739258,1.2366683,4.2607794
-258.65314,167.79547,-47.72892,32.341248,14.471686,-0.38009363,7.414986,7.7829704,-9.0528965,-4.324994,2.9373362,-0.6847079,-6.7928705,-6.003748,-10.06269,-8.803456,-8.1706705,5.0327797,1.5146546,5.1435986
-255.1593,161.14542,-49.846928,28.724049,9.7091255,4.6359577,6.8277884,12.946789,-0.93993104,-1.3287157,10.502066,3.9936361,-10.983603,-2.7538407,-11.008558,-13.268782,-11.692472,0.6904659,0.314363,3.7970285
-259.0817,155.41843,-49.692917,29.04536,4.3683167,2.2606122,2.5577388,6.590244,-2.6664464,1.3220592,15.453953,7.128245,-13.793518,-1.5481522,-6.5499287,-7.39168,-1.7274863,5.9408107,-1.7736392,-5.6607466
-271.14325,165.39938,-35.885983,31.292404,12.991844,-1.1068636,-0.2017734,4.018694,-9.832813,0.023415476,17.319544,11.1631565,-8.1698265,-2.8085315,-7.248477,-3.9831753,-4.5129824,-0.26662397,-5.4316792,-6.143453
-266.91125,169.3923,-34.019657,28.239319,14.092528,0.14866742,-4.165266,2.9906878,-11.360065,-3.5098276,13.707223,12.419355,1.2519363,2.1032853,-10.427313,-8.592846,-8.105918,4.441212,-3.2652545,-5.4353886
-274.02496,173.96205,-28.243103,30.03508,9.365735,-3.0372753,-2.5964751,-1.5496576,-8.292854,1.3507997,12.415405,13.793015,1.7724646,1.1963836,-3.2643485,-5.8356133,-9.674547,-0.71608305,0.56003976,-0.35715365
-273.61142,173.32495,-31.531921,29.562593,12.056117,-3.131432,-1.9392326,4.16336,-16.827677,-9.153924,7.8873143,7.0402584,3.3268917,3.72161,-3.2481642,-12.631223,-6.725433,1.5763714,-8.544752,-3.93336
-283.05194,178.44545,-26.904976,26.461535,17.52951,-4.083824,-1.0584517,2.4492898,-24.522182,-5.2143826,10.659013,4.562657,2.8500443,0.44329095,-6.194771,-10.151965,-6.0043063,1.3194879,-8.482493,-7.112714
-283.16205,172.89156,-31.211441,27.983427,18.520351,-3.4338074,-3.822843,3.0310063,-14.0310545,-0.20464778,7.3695526,3.610238,1.8732786,3.973312,0.5956129,-6.9625483,-2.352874,7.8035536,-4.677364,-9.101694
-288.68558,158.37225,-26.08899,30.098087,18.769905,1.433489,-7.313406,4.6823006,-13.112753,-5.9691153,8.398193,9.530741,-2.1340609,0.9852953,-5.1932335,-7.781558,1.8590075,9.701684,-5.312047,-3.7619145
-281.10083,158.30408,-28.933018,26.492352,11.354301,3.1668153,-0.90149164,7.5120773,-10.855693,-4.374325,2.9263942,10.681909,1.4691299,3.1997213,-3.886385,-8.334246,6.8017044,11.81398,-1.3157823,1.7905155
-252.56648,156.38103,-28.56667,51.87711,17.304892,10.154758,1.901425,15.615999,-10.702063,-12.260569,-4.684266,3.1017506,-8.962853,-8.274885,-1.2908759,-11.026454,-5.214492,0.17479356,-5.1870375,-5.3216743
-228.5768,153.73485,-36.628307,70.37575,17.61327,6.8391004,-3.0492892,10.7708025,-17.150585,-24.058537,3.9066186,-1.3058435,-22.481995,-14.633632,-10.557617,-14.566997,-12.316225,3.4665322,-8.2364235,-10.150437
-211.16315,157.7778,-36.78772,69.0759,2.6028032,8.169525,-3.813173,19.591549,-23.313585,-31.486612,6.1072936,-9.458729,-14.1096,-13.190278,-8.08011,-16.41269,-17.696886,5.9282827,-9.082041,-16.697433
-147.54518,166.29742,-57.69902,50.485435,-8.878761,4.278055,-30.309235,8.176992,-27.51926,-22.057459,2.6903763,9.403301,4.235981,-10.910519,-1.654783,-10.898564,-10.331025,12.360786,-24.657837,-28.649204
-146.58138,153.10394,-74.03369,48.35667,-4.476072,5.117133,-27.080748,10.472444,-26.000088,-14.412057,2.5284672,5.0777655,1.8558196,-13.336214,-2.4120622,-6.2167764,-11.161562,18.61092,-19.4163,-28.598902
-160.88306,147.42993,-70.02169,54.596252,-6.5368824,6.7885504,-27.233204,4.1693516,-20.451065,-14.559159,3.4693832,2.1650949,0.7345154,-13.279602,-2.3678138,-2.9784398,-12.545048,16.27935,-22.360184,-30.578823
-171.79892,150.93237,-58.485947,54.89351,-11.37484,7.783615,-22.11244,4.0964875,-25.804354,-23.563286,2.1869411,8.076479,7.702931,-11.869686,1.8460715,0.48652655,-11.108114,16.565994,-24.278698,-26.06301
-211.24582,140.73376,-43.05152,66.29714,-10.737525,13.195738,-9.460351,6.905329,-13.996677,-20.990686,8.421551,0.6135256,-7.1710625,-11.613533,-4.0042057,-13.434093,-10.164321,20.949326,-17.95987,-24.806376
-232.32605,134.82773,-35.49771,70.68921,-6.432646,14.759039,3.8024945,5.6085854,-13.435976,-20.516151,9.295118,5.592722,-10.618096,-9.913058,-12.914742,-18.544739,-8.460101,20.620304,-10.935432,-20.881168
-227.69167,143.41698,-40.30274,62.18495,-0.3207693,21.837992,-0.6633725,6.7769294,-9.5455885,-18.862736,14.303476,3.1743326,-9.758641,-5.1027994,-3.247261,-13.815442,-8.263763,22.603569,-11.781654,-17.716763
-226.00308,144.30287,-44.13215,63.250137,-2.7284799,11.329309,-2.3635767,8.721623,-11.381878,-21.249653,13.19455,4.15137,-9.609085,-10.203952,-11.242279,-19.844471,-11.880789,15.076096,-18.940006,-15.423664
-232.31075,131.54404,-42.402283,66.89201,-5.4068294,10.374382,-8.647314,5.968533,-17.096478,-25.256395,11.612459,-2.7148051,-16.776728,-12.812681,-7.8225393,-16.248972,-9.147041,18.999023,-13.868397,-16.655132
-205.14896,138.70253,-54.588608,63.96143,-4.520895,6.780075,-20.288858,1.681552,-20.564976,-31.361738,7.2379303,0.03148885,-1.7296901,3.4232497,-4.483844,-16.180788,-7.360962,8.620132,-19.932022,-22.20811
-165.60399,140.76965,-79.51808,45.187378,-19.442883,2.843806,-28.186146,-2.0487435,-19.111435,-24.582052,5.330353,10.134626,8.817807,5.795146,-0.75081897,-9.548357,-5.730838,7.4037633,-23.150131,-24.138863
-170.07634,139.58743,-82.52489,46.400497,-13.75953,0.86155456,-24.579712,7.2990913,-17.42421,-32.20392,0.6980739,0.35352308,4.3164053,4.670604,-5.2782993,-13.517134,-11.037968,8.982552,-23.208763,-19.129248
-179.21945,140.5871,-79.927605,51.9823,-11.687672,-0.2496522,-22.448193,0.14769517,-19.723988,-31.795826,1.7924709,6.4398174,11.065382,8.040678,-3.8616543,-13.16012,-10.6313505,10.139292,-21.176506,-21.006899
-200.02527,138.37195,-62.673737,55.85681,-9.548,6.0237617,-19.68864,-1.9867469,-23.999887,-30.736912,-0.14582828,-4.88075,3.8901167,1.0570587,-7.2778335,-9.944433,-5.7676764,13.455072,-14.450687,-11.124383
-226.04875,130.20297,-56.691532,58.244904,-4.045601,11.984093,-9.655934,3.4782352,-21.50085,-23.801477,11.563782,-6.103177,-3.7232823,0.33808059,-8.242006,-19.311563,-12.726355,14.573953,-14.519743,-14.330473
-231.0577,140.77136,-41.798367,64.896484,2.1448264,14.253508,-1.9036226,7.260563,-21.576183,-19.956131,15.162491,-3.9651387,-9.512078,-0.81764317,-0.9550905,-19.643806,-17.83308,18.880028,-13.008946,-21.86102
-241.38292,143.05634,-33.697525,63.998466,2.2572017,15.847593,2.330478,5.9000154,-20.135303,-24.785545,11.719511,-6.1750584,-15.498796,-7.4205794,-14.322445,-19.676968,-14.671642,16.618721,-17.444956,-18.199413
-246.61488,145.12286,-35.67073,65.18968,11.226492,11.794676,-3.321773,2.4395542,-14.732594,-11.956907,17.212828,0.9041257,-10.489645,-10.478968,-20.174475,-16.458834,-5.039462,18.091297,-7.2936573,-10.176542
-221.5566,147.33386,-37.35559,66.01196,9.669649,9.438536,-6.4232025,4.3417187,-28.01113,-14.4123,5.106065,1.7719741,-4.2429566,1.4788135,-9.991261,-23.303823,-9.7086735,-3.0326223,-10.796268,-12.612841
-184.05385,171.49611,-37.038418,63.138218,1.0319653,5.6102276,-13.757662,0.79148126,-10.727879,-3.5033867,7.4724007,1.2641805,3.4694276,13.321833,-4.5484447,-2.9101994,4.9050894,2.2051709,-1.0286913,-5.7032957
-156.21481,172.9577,-61.389576,51.913128,-7.6629696,6.48772,-4.4965878,12.968975,-4.196102,1.2224865,10.882296,-3.4817958,2.8941755,7.8819513,-12.645136,-11.167763,-2.6348128,9.30116,-0.60422623,-14.897895
-161.91798,174.43896,-64.98503,44.784782,-8.146241,6.346942,-0.95706594,10.740298,1.5354772,0.8176353,14.300891,3.4582667,-4.4783525,8.688359,-12.313648,-12.777329,-7.798896,3.3536706,-2.53132,-8.683426
-186.99219,175.2573,-60.662003,42.453384,-10.039455,5.151473,9.456933,13.277425,-3.6449668,-6.8406467,14.649401,7.3835554,-1.6409582,13.512926,-5.702105,-9.5243225,-4.164584,-4.5127597,-4.599613,-8.022272
-202.60912,173.62154,-48.47036,44.165176,-5.614847,8.01688,14.697803,15.060551,-3.872067,-5.8357983,12.440271,8.737331,-8.009133,12.213183,-3.9510984,-7.8965197,-1.9104533,-4.878708,-9.714382,-12.018272
-232.77309,170.48201,-37.709503,47.04908,8.530046,16.510885,15.048259,12.368444,-1.0188702,-11.422691,8.928677,6.846793,-12.218067,8.146599,-4.9708185,-7.044806,1.1371896,1.7833207,-4.384493,-6.5862236
-256.20755,161.01448,-37.55465,41.25103,20.70665,17.343376,11.369865,13.852486,-1.4089541,-4.722082,8.463484,10.658705,-2.110887,10.955972,-0.3908925,-5.757843,0.81170535,3.239881,-11.176948,-6.915699
-274.42526,157.58453,-29.359707,47.35129,23.229767,12.004524,12.082764,9.273756,-0.41596565,-2.4385972,10.75013,13.903403,-3.7620275,9.838852,-3.1340601,-4.0781813,-0.74669194,3.3924725,-5.609923,-4.068453
-282.7776,157.30595,-29.151247,42.602516,19.316452,10.818102,18.176414,13.688047,-7.154607,-3.2413726,10.185299,14.295319,2.8554435,15.971576,0.72806,-14.867421,-3.3670173,0.89798236,-6.0247765,-4.153392
-284.2867,160.13434,-23.762482,41.40779,16.646278,7.531024,11.989091,13.276232,1.4578723,1.1612387,12.274697,11.826588,-5.6582656,12.362913,6.1278806,-6.812495,3.8141985,12.835926,-4.197175,-5.9368668
-253.89781,157.22107,-29.40615,50.49318,10.048361,8.035641,4.9737434,7.805464,-3.2589335,3.811372,2.6566768,5.473479,-2.22678,0.17964065,-0.017697275,-1.5554467,11.691042,19.771675,0.43078953,2.0577636
-244.38324,151.11795,-35.334526,52.985386,7.6030607,11.944867,5.055291,9.079444,-2.5819378,1.3688306,9.409685,2.7145343,-0.43131757,7.8476706,-2.5515099,-2.6249795,6.5703974,19.928503,12.526627,6.5893445
-266.49112,154.95863,-29.285416,46.071915,14.739339,15.287645,11.239891,3.094988,-12.139442,-4.975055,4.0655875,2.5930114,-3.953115,10.874487,0.085756615,2.830961,11.555521,17.734808,9.886417,8.614527
-275.10648,156.90814,-26.703344,51.121643,24.052776,11.065163,2.781402,0.34318924,-7.8969965,2.5312414,7.2098007,8.786388,0.06890768,2.6621573,-5.9951468,-2.3228817,14.299849,15.218941,8.279854,6.2376666
-286.92834,155.46771,-25.147,47.234283,29.528233,10.88368,7.8889666,12.209313,-8.130922,-6.526323,0.27936465,6.4204464,-3.2830992,0.2375083,-0.40631086,2.4299545,9.951235,16.218674,12.019124,8.107759
-291.17654,158.71315,-23.472467,43.45068,31.59541,11.675657,0.5495641,4.6873245,-6.7255983,-3.2223344,4.112753,6.0438833,-0.9960732,6.149576,0.8228328,0.21664718,7.23836,13.28594,8.375946,6.611872
-288.79892,163.92996,-21.441532,35.44229,26.682047,14.579725,7.7439938,8.207783,-11.682727,-8.810328,5.4462805,8.455957,-1.641828,8.357752,4.034045,-1.5486317,0.9148335,15.729538,7.619861,3.886178
-299.84012,165.55606,-19.57706,37.40418,31.797726,8.955479,5.520743,5.0454893,-21.681599,-10.534525,13.646725,19.467451,7.8246245,7.97573,1.0968485,-2.6033168,-1.5475216,9.082821,9.222334,5.8503
-305.95566,161.79391,-9.630009,34.91333,25.309338,10.933035,5.304885,6.790784,-8.69502,-1.8146449,8.0817175,12.771258,4.2947516,14.559216,2.212145,-8.185118,-1.3991635,9.292478,-1.0125222,-1.247189
-317.37177,154.37003,-10.477098,37.167324,29.184023,8.17602,1.8213099,8.384027,-7.398557,8.984492,17.382614,14.446122,0.7232934,7.6837873,2.8696942,-6.2854924,4.128277,13.54752,-3.7020614,-5.109476
-311.26797,140.29474,-22.74564,38.504864,22.168219,15.279876,6.212657,9.133266,1.0606245,13.072422,11.891226,15.213087,4.3599033,1.6880708,-0.18837428,-2.7111545,7.63532,5.431102,-1.2672744,-6.0905848
-253.40149,148.38277,-24.51764,40.648933,3.247917,10.1906185,-1.0749183,11.842874,-6.711561,8.884014,-9.664255,-2.1181936,-3.806726,-2.3530278,5.2813787,0.8843893,10.546333,9.436802,2.2056127,-13.188821
-272.84018,156.40736,-28.662905,27.210808,2.2550235,1.1958938,-9.113625,4.181361,-2.4194958,-1.6921982,-8.014369,-0.46018705,-4.815941,-5.045437,-2.828325,2.7802143,8.771861,12.259203,5.2629213,-6.493023
-292.98114,151.1973,-22.41037,25.148918,2.141646,-2.979004,-2.4560454,1.2391865,-6.5646157,-2.5458796,-8.689772,-2.040833,-11.006675,-4.2141414,-8.960038,1.3284456,6.9315147,10.532368,2.7999983,-9.13551
-298.13818,151.79059,-25.960495,21.654848,7.6877627,-10.0391245,-11.552465,2.5364194,-10.287966,-7.254492,-8.1527405,0.09631038,-7.7082872,0.66899824,-3.980818,0.31968492,6.0369697,6.4839015,-3.0289316,-6.7422266
-311.49457,154.72272,-23.39574,21.798683,18.218662,-4.9885645,-15.506629,-4.9918814,-12.162851,-6.538496,-6.8441095,-5.795644,-8.908136,7.646918,2.4352262,2.087038,8.043387,4.623436,-14.005852,-10.258072
-322.34085,146.05331,-25.194948,13.431164,8.705624,-2.0770507,-12.428852,-5.695072,-13.952375,-5.565065,-4.0863104,-7.2558265,-9.588556,10.431802,6.9713316,0.5566864,6.920947,8.509995,-11.878644,-11.539867
-332.27048,143.61124,-27.255798,9.534472,12.2646475,3.140291,-6.7217903,-4.968573,-16.321136,-7.714931,-3.3941216,-7.176612,-6.9105005,10.479416,5.913453,-1.7937572,-2.726084,2.8876367,-9.19362,-5.0293207
-339.22473,138.45224,-18.039337,14.6845875,10.3787155,-3.5961277,-10.363876,0.37691784,-8.720804,-3.0799468,-2.103118,1.3570713,-6.047383,8.866957,2.9354498,-2.4929495,-1.4374107,0.42419636,-14.455634,-14.343741
-350.25378,131.0228,-20.375687,19.24987,14.475381,-6.5402794,-13.436716,1.8039833,-6.479063,-1.9686329,-3.4004178,2.2403145,0.7274013,5.299968,-1.4245186,-6.065259,-10.827374,-12.20046,-18.646086,-12.346558
-338.56143,135.71661,-20.626623,17.565178,13.365439,1.3003173,-8.538807,3.5979843,-4.3322415,1.3414843,-1.2711766,6.2266073,4.0829988,9.146301,1.5729856,-5.7875233,-2.916591,-0.8286438,-14.159251,-11.289038
-298.96045,127.778824,-33.672916,35.501976,1.3315644,4.8355765,-5.2971206,2.2687771,-4.996195,-5.987597,-9.474563,-0.5228572,-1.6315281,-0.096802115,10.106171,10.7420635,3.4401903,-1.1409199,-13.479227,-21.968555
-250.83296,137.97519,-41.405617,37.073532,2.9680986,5.7592974,-4.4213715,5.5823298,-10.582803,-1.0516363,-13.685799,-5.4694157,-7.752206,-3.8887439,7.2734537,19.090115,9.701563,-1.5419226,-15.228532,-22.820248
-249.46022,162.19553,-44.932426,32.14966,4.5313964,3.6881824,5.652254,-0.87073004,-8.295954,-1.5860578,-9.643763,-5.8698406,-9.74192,-1.20984,7.208873,21.064648,4.847873,-5.989137,-3.421575,-9.460615
-276.6199,165.2129,-35.599716,25.261034,11.632549,2.8715901,-1.6776488,3.58424,-10.714231,1.0333911,-6.8547487,-3.2350755,0.261724,-5.105307,6.2531505,4.568907,-5.3328905,-10.704921,-9.400126,-11.57059
-294.62616,158.2919,-30.525753,26.88929,17.52975,-1.408355,-7.1429634,0.3978727,-13.067078,-0.0812006,-17.223337,-3.6046824,1.6900601,-10.484429,3.2337487,-1.9088631,-8.936672,-3.9234703,-9.525835,-15.171739
-303.93433,167.08943,-23.785763,18.84913,14.103458,3.2408905,-4.4269547,-1.0027254,-13.587554,-2.4876318,-6.679183,-5.674286,3.688776,-2.5934942,-0.47285494,-6.3964977,-11.114497,-5.6875486,-14.943777,-12.184825
-314.36713,165.76965,-16.856762,19.286325,16.324135,1.6954331,-3.0254364,4.9812675,-10.612814,-1.8374854,-4.482694,0.6150884,1.2519554,-6.257608,0.8126527,-5.85439,-10.186965,-4.8754654,-19.053516,-16.949947
-322.7023,153.45735,-15.220314,20.329792,18.505226,10.083508,-0.8809775,3.6311994,-5.962824,-4.0221,-7.0342197,2.0365436,1.5860339,1.4726508,-6.007291,-8.390512,-10.105593,-12.382954,-24.446884,-13.653614
-335.81036,147.72952,-8.915531,25.389042,22.186672,9.172689,-3.0461679,6.1937294,-1.2633016,-4.3889413,-6.8905554,-0.08818984,-6.5884714,6.2528524,3.2871947,-13.425147,-13.937366,-2.5780573,-15.966069,-15.059689
-336.16464,151.68608,-5.5645843,24.860641,15.516005,4.5076733,-1.4185421,-0.6293497,-8.132841,10.74408,-7.342348,-11.210812,-7.611987,-7.167701,0.8393733,-0.500359,-9.87215,-6.0524235,-17.478241,-16.916273
-282.7528,152.73697,-26.381107,34.019882,0.019752637,-3.1763163,-9.619768,-1.9124494,-9.39987,4.0709558,-10.0730295,-5.9887347,3.8116665,-2.825931,8.812999,-5.566697,-17.828968,-5.840163,-23.520224,-19.173027
-249.24486,151.66731,-39.249283,40.017708,8.113968,4.2742424,-3.59474,9.699765,-19.777199,3.415349,-10.935838,-3.2607784,8.751415,-3.0392704,11.734047,-10.869323,-21.713606,-11.766503,-14.240603,-16.733387
-259.36597,160.65384,-32.868687,44.83503,17.140308,13.426842,0.75483274,0.5501052,-19.017056,-4.314035,-4.8401403,1.8105022,7.101425,1.1114022,12.318779,-10.595658,-22.848969,-15.456935,-22.666801,-17.240896
-278.90637,158.75032,-38.6791,42.63358,19.637917,-1.2614026,-2.6906774,1.5055285,-8.596743,-1.8173707,0.6893428,4.2555113,-0.018888712,1.4976794,8.983812,-13.338978,-22.532352,-12.012595,-19.320938,-21.691547
-286.22488,155.5286,-27.615707,39.84626,21.015732,7.002532,-0.5293961,6.8532205,3.3540235,4.9528737,-2.6097858,3.8962994,-1.1681341,11.87789,12.0471115,-9.033181,-19.980434,-15.56399,-18.034176,-15.521242
-296.49612,143.0226,-27.757532,39.36231,22.424425,18.247406,9.212082,3.9198003,-2.4921675,1.0138712,-1.8176262,1.1642812,-4.8926044,15.622159,9.597714,-10.008982,-18.155054,-10.237308,-15.920727,-15.143082
-303.77637,143.7309,-28.549603,40.77105,24.242716,14.986191,10.949848,11.296312,0.57278144,0.74921966,-3.8350284,-3.4967937,-9.242874,8.533168,12.275141,-6.6125593,-10.530003,-2.7647915,-5.3793445,-7.692273
-307.93692,147.04593,-28.004042,35.743393,21.577045,4.765984,3.8373954,11.537743,-1.642432,3.9208536,-9.297407,-5.4821873,-3.3824804,3.1781845,11.6544,-2.3724296,-11.890371,-8.10396,-12.839321,-12.35999
-305.47507,146.75955,-27.17752,34.711967,17.164963,1.4874998,2.2801275,11.7193365,-4.602317,4.905426,-4.769869,-1.660473,0.86794263,5.210702,7.0041676,-5.9251947,-12.397223,-9.333828,-10.430481,-13.370359
-313.26102,133.12721,-28.749065,38.254528,14.714851,2.535098,1.0636566,12.899965,2.6076472,0.8756182,-1.0166523,4.920269,-5.2492094,-4.402527,-2.3907306,-8.367266,-16.2453,-13.09193,-14.002292,-10.105109
-304.3043,135.76436,-29.888382,33.367085,5.698456,1.6401137,-6.5174823,6.943693,6.2391305,-3.1771014,-3.2524166,8.547308,0.06744003,2.50458,-0.077697635,-9.753037,-16.85194,-11.8022785,-6.7900567,-1.8896582
-249.58128,149.08759,-40.73485,29.101929,-12.590611,0.949409,-7.619852,-1.5942099,-7.553895,-5.3415656,2.338168,15.741059,7.499387,14.560451,2.979386,-16.54823,-18.86307,-7.1949472,-2.2018354,-0.295423
-139.06802,133.34682,-39.83773,45.105255,-53.933006,29.877758,-14.741856,-9.344059,-10.81079,1.6005845,9.115007,7.3215995,-13.759288,1.6785431,1.5896693,6.700552,-17.134697,-8.300435,-5.2294636,-19.38749
-242.95146,161.53072,-38.69504,39.229946,-11.060902,3.1983976,-8.537844,-7.625577,-6.392418,-14.086412,-3.5280173,-4.898341,-12.555616,4.343438,-4.6505995,-17.78709,-16.43522,-20.013012,-11.76655,-14.8242855
-282.13382,165.62189,-32.126656,33.713234,17.996983,-5.151351,-6.6697173,10.694429,-4.7823906,-4.2426224,-10.705723,-6.0632935,1.7650284,-8.053509,-5.8288393,-16.060377,-21.167858,-6.3237343,-15.424576,-18.81149
-290.69055,160.16507,-26.796291,31.985085,16.952744,0.49056816,-9.151087,-4.9144435,-17.365147,-0.31276557,-4.4518776,-2.6599708,-5.7012367,-13.611571,-4.9621005,-16.016579,-25.84925,-10.801914,-9.634403,-14.5204
-298.50458,156.3272,-26.956264,30.58715,17.300516,6.2598925,-0.272448,-1.0261128,-11.163468,1.673727,-1.218359,1.4745607,-2.3213787,-0.5223781,2.0561295,-15.781572,-22.704826,-5.579918,-5.0328994,-14.429218
-309.2211,145.80838,-24.204983,27.572018,16.412056,14.177575,8.427992,11.449879,-3.0391479,0.5046242,3.8177674,5.40069,-5.94275,-2.959094,-1.6313779,-15.255222,-22.483608,-3.308995,-1.5238719,-8.60149
-320.94852,141.39804,-14.844624,29.492931,10.389292,9.331116,11.952739,15.390717,-0.59791744,-1.7893307,-4.389899,6.6592574,-1.7505428,-0.02612105,-7.226032,-10.830096,-11.227125,-2.710475,-6.9645042,-15.146655
-322.76172,140.40843,-20.269802,29.2943,12.88946,6.7534437,2.4534671,7.699458,0.48377538,2.0029726,-1.1408305,9.317747,2.409528,5.611973,1.0640417,-11.023098,-12.65542,-6.850354,-10.548824,-14.494374
-318.10522,145.61705,-18.829327,28.701534,19.689106,7.031159,-5.830184,6.51605,5.454493,8.109074,-4.0512033,-0.9467886,4.7047176,8.942542,-1.2617743,-7.346689,-13.156597,-13.369764,-14.501698,-8.567892
-232.55304,156.42651,-55.75838,38.076824,5.335717,5.3603745,11.156886,22.052485,14.688782,4.25939,2.4684424,13.341393,10.82712,11.364727,-10.775051,-12.50992,1.1539936,4.129228,-8.344203,-12.944217
-189.77098,158.97641,-34.036633,52.283363,-16.08778,14.399776,1.7798247,0.3398049,-10.587759,4.097187,-3.4838023,3.735317,2.3706656,-2.1305323,-5.3838534,-0.4569846,-0.35663134,1.3359733,1.2728882,-11.09263
-151.20522,188.7662,-33.488674,47.54116,-16.275425,-7.006054,-24.183163,12.4179945,-1.6135446,-7.7854085,-17.90966,-1.844443,-1.2035393,-4.043498,-5.3971915,-1.3293651,0.32167497,-9.010367,-13.872667,-17.817804
-164.50815,172.7457,-61.453247,49.380974,-4.1531243,-3.0320313,-11.152634,15.02934,4.6377387,-15.969929,-25.662012,5.5956044,5.5609765,4.3714104,0.5057156,-10.231446,-17.005222,-20.315382,-21.284966,-13.224578
-182.84303,167.41602,-60.263718,53.989277,-2.3277845,0.9619374,-10.886524,14.897602,5.897003,-18.590607,-15.8771515,3.230048,9.751549,2.0191085,1.3980961,-4.640784,-23.483742,-13.3257475,-18.785862,-15.1959305
-205.0657,174.1084,-51.236145,48.620255,-6.327777,-9.266535,-10.28423,17.918396,13.344372,-12.718805,-12.9401,-3.0855184,12.015642,1.8024802,-5.4898157,-3.3056846,-21.207956,-4.902323,-16.089542,-16.1105
-269.06833,165.18414,-32.771713,40.405556,15.767572,6.5588245,-2.2957559,18.400097,4.48279,-8.6946125,-1.790826,-3.5499237,12.33486,6.031974,-0.28911167,1.6519887,-14.8768215,-4.554477,-15.747475,-18.407726
-292.66446,169.9477,-24.952858,34.272316,18.201311,1.7071552,2.2777474,11.168064,6.505293,-4.6720223,-10.236551,4.023031,13.206427,14.091209,10.972971,0.7554921,-2.4828258,-6.5438223,-18.037064,-8.519435
-291.232,158.861,-37.80636,22.489388,14.553909,0.53127337,-3.7035732,14.99267,11.312579,-5.5044336,-5.940776,9.012536,6.1664495,2.6810427,2.8027842,6.0591235,-2.9529033,-6.5459557,-12.462921,-6.0458612
-285.5236,158.65988,-40.496323,20.681543,9.725859,0.45783672,-3.6724946,10.375288,12.026451,-1.3064361,-8.364732,2.6937857,3.9003346,8.928365,8.197987,7.2185354,-3.9852848,-6.773795,-10.536186,-1.9460301
-240.79062,161.86899,-47.015915,32.066364,0.80369484,8.366665,5.6208186,13.717161,17.480993,13.524736,10.425033,17.669292,12.236256,9.174501,-0.9676223,4.0355024,5.064642,-0.69940746,2.1656833,-0.55663055
-205.17134,158.22174,-30.450228,72.8922,-9.79644,5.8840933,0.902284,0.06912482,7.812207,11.341227,-1.7265118,8.5186825,2.7987134,-6.451971,-7.3800306,-11.061689,-5.363265,-0.98606807,-4.296326,-4.993293
-240.75047,184.14844,-9.364715,59.08538,5.6019325,1.4170899,3.7116098,6.6492186,2.5443842,-0.50371754,-2.017224,7.857357,-1.4888198,-6.7647486,-12.335545,-14.293388,-4.512925,0.04345408,3.2887225,0.0940392
-267.21906,172.6637,-22.40804,47.916428,22.968773,-1.1376555,3.4608507,14.564179,15.157901,4.7022624,-2.694904,13.288371,3.6697664,-1.2972378,-9.4622345,-4.0995965,-0.4744026,2.4596648,-3.154192,3.7009501
-286.91635,165.30127,-28.516716,32.966904,21.288685,0.85856175,3.6348839,16.715036,13.462759,17.63063,8.501245,16.312288,15.995478,4.712696,-3.4805226,-2.3118725,-3.6492147,-0.5815728,-2.1205585,-1.7158484
-289.84616,163.71231,-26.28479,31.303806,17.121239,-1.6414522,0.9882335,15.831415,8.456729,12.4212475,10.978051,23.29689,21.00692,6.9006934,-4.7923737,-2.8083005,3.1336112,0.47896433,-10.358965,-5.259635
-301.84677,150.44926,-17.715443,32.49106,12.395508,15.270155,-6.3691616,17.335583,15.025578,4.9276304,20.032238,17.362513,16.255854,4.633501,-7.8473587,3.6938858,-5.350218,0.85546446,-6.1324043,-5.1157327
-295.28952,137.6182,-11.738752,35.246796,3.4210865,21.228237,-10.864967,22.147354,26.673807,1.4711301,12.848571,12.543698,8.640381,14.670433,4.208666,8.5978365,-3.259203,1.0730813,-8.69573,-1.9090099
-286.7108,119.937614,-2.242766,43.106155,-5.8124065,29.851818,-16.138084,23.742857,16.953365,-2.1706438,9.635313,10.648695,14.26939,17.079351,2.324954,3.515888,1.2481251,-1.9942436,-7.1108046,3.2720459
-286.16672,132.16519,-10.19836,46.37875,0.8722888,25.185665,0.5166048,18.966837,12.640557,-7.2200193,3.189975,12.153677,4.0867386,15.191984,1.7639267,0.78657526,6.0244884,2.3690896,-1.7185497,-0.5824997
-133.77623,129.74637,-18.817677,64.679855,-60.53869,6.7565947,-26.68956,17.09074,4.079413,12.216387,-21.36293,10.339604,0.32971144,1.2978289,15.783325,-3.0835721,12.828217,-6.6986694,-2.1992192,-5.151469
-99.54809,95.755905,-42.77384,71.392365,-57.894543,12.491625,-26.87796,31.266605,-0.85800874,16.890724,-26.251064,6.565773,3.3179884,9.626287,18.985058,-11.589778,-5.4808292,-13.595813,-7.486112,2.2616534
-92.92604,131.16995,-53.764107,61.10321,-50.24415,21.712353,-10.247897,26.44103,11.088866,23.643707,-7.989896,8.174465,-6.026829,0.6930469,26.834122,2.8200464,-3.428478,-13.258958,-7.561387,13.99954
-138.64896,132.76956,-47.258663,70.82755,-25.01429,26.0837,-11.620506,26.200388,9.30154,11.456946,-5.306737,8.55937,5.788615,-4.17636,16.927406,-4.6013346,-10.820882,-20.47026,-8.789484,12.6165
-149.03444,109.46338,-20.038788,71.72031,-21.239674,30.6976,-22.383284,37.68656,7.579294,10.951849,-7.228195,8.800192,-3.1103752,8.77358,10.022091,-0.07889187,-8.076243,-16.363138,-6.4387183,9.628619
-177.93845,135.87303,-25.466408,65.505936,-14.325584,20.27053,-12.857687,39.568607,18.62843,10.01536,-6.1570807,0.5553093,1.7497449,6.6960306,12.353911,-1.4682269,-9.746011,-12.168798,-0.707726,7.598362
-218.99179,153.90437,-26.654102,62.04589,-12.879168,15.244366,1.6292932,22.723719,19.41729,6.3301897,-1.0656826,-2.1621675,0.37410003,5.738646,21.80371,-0.9808836,-15.9160185,-14.877287,-6.270398,4.2023087
-234.6878,152.19104,-27.200195,64.010345,-6.6597776,15.978228,9.88233,21.808798,27.587086,7.4762044,-7.1736956,3.3691156,2.9116793,7.3524103,21.879951,0.47672427,-5.412985,-14.951506,-7.229783,9.555489
-233.72882,141.44194,-22.492916,64.71336,-10.836942,15.495181,2.962961,14.468353,19.531914,17.119053,-5.403825,9.697847,7.9052544,5.305188,20.177809,-1.4175118,0.5209393,-12.92858,-1.6200808,13.168275
-236.9797,136.87537,-17.122414,68.43229,-13.631212,16.591496,7.6825037,17.639648,22.849491,18.304493,-6.2766614,12.7201,2.4655147,2.2347128,21.046627,-8.647826,-6.4758396,-13.844465,-6.8111134,9.722578
-255.34895,153.01059,-17.756584,50.655495,-1.1143347,13.74996,2.9346797,18.96006,27.187107,16.073715,-3.0128078,13.894968,6.268074,3.7360525,16.94896,-4.6224303,-9.010049,-7.4682984,-6.7998977,-1.2049503
-263.46167,151.80682,-18.782574,56.27864,3.0643473,7.7015443,3.4201484,11.998912,20.434631,15.381489,-0.5043769,11.183336,2.5279207,12.407267,25.069298,5.240158,-7.7124963,-13.806213,-6.0564003,-5.8245444
-267.99393,152.95863,-18.015388,55.39321,8.572842,4.2073126,-2.2259855,13.429254,13.272335,14.41324,5.088251,7.235337,0.899557,12.570665,25.761269,8.949065,-8.466325,-16.960012,-9.318632,-5.342881
-260.8951,146.9119,-18.40871,50.347374,-1.6166334,15.463522,-3.402006,27.307095,15.101757,8.630362,11.871969,3.7073984,9.357428,9.769993,17.799894,10.732603,-6.0322223,-15.003534,-9.114157,-9.049185
-234.00586,104.51921,1.2123873,55.08599,-16.288319,38.402046,-18.570408,33.942818,20.620075,11.695718,2.1450527,5.2757597,-8.3520155,16.946342,17.177567,6.3043823,-2.634089,-10.202103,-2.947191,-2.8738537
-240.85841,124.82579,0.07895672,58.425423,-14.531119,32.476032,-12.05365,29.087774,14.5579815,-5.5214434,-2.8638616,-8.124959,-7.1157637,20.051785,16.233368,7.2620063,-1.6276417,-8.466624,-5.1370077,-1.730612
-261.80624,150.0375,-11.10523,54.677097,8.28549,23.556244,0.60635763,13.052431,7.8294992,-9.980769,-8.831825,0.48827183,1.5603178,17.824738,18.08932,11.2287035,-6.4358053,-7.734793,-4.9063945,5.021618
-267.55365,162.06532,-13.231234,50.848083,7.8507833,8.977295,-1.3774747,12.850825,8.786783,-1.982524,-5.6169167,-4.4692693,-0.3553272,14.287939,17.107042,9.922185,-4.302264,-6.1449695,1.8284886,1.5681679
-289.36185,165.71436,-9.287958,52.18905,24.305166,12.670523,3.9482267,11.840569,12.38455,-0.3791467,-14.458444,-14.376506,-12.684298,5.8744593,23.48394,20.41266,3.6699216,1.3907864,0.1280824,-2.96916
-291.58612,174.32484,-6.6691875,41.68851,17.59686,8.033767,3.50778,5.3799295,1.976875,-0.97246265,-5.629508,-0.792093,2.2473369,7.777046,11.751861,11.4327545,-4.0184813,-2.8135433,0.9258464,-1.1443325
-270.69247,165.06673,-17.096159,43.02496,3.4922564,4.033399,6.4385166,11.347219,6.2747254,5.4435425,-0.04357934,1.2680345,-5.46964,7.4719577,17.93616,13.249201,-1.6840992,-5.2380323,1.0709525,-0.38171613
-224.74796,99.83534,3.0811393,49.282745,-25.964104,50.456226,-21.147894,27.42248,2.4507308,10.9243,7.6568165,-0.07471147,-4.73806,12.115351,10.663137,-1.8217914,-5.200028,-1.0631213,3.865013,-1.5004913
-196.2716,88.473114,-0.7774382,42.705635,-40.969223,47.786045,-29.764853,32.296272,2.2249193,7.4796166,0.6235573,9.293064,3.8472972,12.181142,5.520661,5.641433,4.3401814,6.241031,3.7574606,7.1781445
-152.84842,147.30719,-42.943398,45.762222,-29.89653,14.042647,-9.207126,6.2561245,-26.181118,8.607416,1.9657987,2.145259,5.5881214,0.4401132,-2.4029133,1.309581,-2.2817068,5.893797,12.1676445,-4.926877
-215.71443,170.77155,-23.862057,41.290787,-12.456465,14.015011,-5.160596,6.9371023,-6.4508853,-8.218193,4.614977,5.7275853,3.0547895,5.1341586,3.1623335,6.379599,-1.3462964,-1.0096487,-2.5176597,-14.329613
-290.26727,155.56668,-31.226734,14.051574,7.9592795,15.222933,1.77817,8.587208,-0.26174462,-0.2262407,5.192008,9.469168,0.7691153,3.0233922,2.3060226,1.8048167,-8.734421,-5.453617,-3.8364587,1.8926058
-319.80072,140.43152,-28.025784,16.422306,12.681151,11.740825,5.2605295,14.712631,8.902197,8.780476,-3.6772923,-1.285747,1.6273621,11.360889,7.6846533,5.3133335,-9.618847,-8.588654,1.009438,-0.39618587
-334.9622,138.41422,-20.264683,17.842403,9.017002,3.854821,1.4640465,6.7413015,2.971824,11.188438,-2.173341,1.2719109,2.028926,12.466913,10.665432,4.3796015,-8.4379425,-13.763794,-6.367282,-3.1947122
-335.44672,138.47423,-21.96864,20.568598,11.276175,-5.026071,-6.9954834,10.229113,-0.7401444,5.5105867,-7.733196,1.7808647,8.792999,4.6720257,16.629608,13.283972,-7.352313,-9.942808,-10.61966,-4.1253996
-300.4855,103.14604,-29.236368,49.029953,-29.2598,6.1958766,2.173415,-0.9547329,10.5799885,13.939892,-0.13505125,4.9904766,8.571038,4.810543,16.84676,5.841298,-13.465107,-12.944363,-10.818106,-8.622853
-255.85596,57.688927,-34.71422,73.27991,-48.85788,25.483736,-1.4971201,-2.9829898,-2.709351,13.791938,-3.0579636,8.556164,16.405598,3.6698253,13.286899,4.4688187,-17.872028,-19.70363,-11.999744,-12.719786
-235.50395,39.451546,-35.433258,81.72913,-60.92398,24.52556,-3.7604299,4.440005,-9.30147,4.5134726,-10.323277,11.430688,16.086113,8.56625,15.378858,2.6027105,-14.162737,-16.456772,-11.856342,-15.100671
-212.07056,29.322863,-30.298988,88.263535,-61.8357,36.207375,-1.3728402,1.2871616,-11.5504,9.134737,-14.380228,9.112071,-0.28106335,5.701919,11.382067,6.0294533,-9.312592,-10.812763,-11.513575,-20.17556
-179.87308,65.81128,-28.011784,77.75728,-43.600445,48.267513,-2.966998,16.051432,-0.7722917,6.5746613,-18.077156,2.2278628,4.4890547,3.1576645,1.3743799,5.9629855,-2.922631,3.3937287,-0.014709361,-14.45138
-145.96405,156.22713,-45.00715,67.52825,-8.03659,30.099573,-13.882251,4.271355,-6.4066334,-19.52722,-7.476166,9.407072,6.227922,2.2965415,2.4152503,-0.012082219,-7.8129263,14.1701,2.052378,-21.209913
-147.77486,158.64633,-79.903595,61.382683,-10.622608,2.0316,-12.505833,18.686283,5.5302124,-23.181309,-3.5515857,11.556522,12.857044,2.488965,5.499172,-1.21591,-13.624832,6.429866,-7.654104,-21.896255
-168.44037,165.44012,-80.72575,52.47896,-10.6895895,-4.593863,-4.4629197,29.130707,20.390192,-13.188233,3.9101205,6.956807,10.760971,0.16636705,0.8838115,-4.9718423,-28.079632,5.741827,-8.013451,-18.046638
-172.79933,159.97931,-83.12709,52.010124,-9.879839,-2.7279701,-2.775219,24.546114,15.901718,-16.146023,1.2899691,11.003306,8.574636,-0.27476346,4.0958457,-2.7141547,-26.194315,7.970261,0.6056192,-21.541954
-179.15962,140.27068,-68.8346,63.666405,-13.699044,6.33656,-3.5522847,15.1477585,5.382599,-14.0362215,2.5134025,11.26307,3.8704038,0.5518434,-1.3509539,-7.7185326,-27.294079,4.9795504,-1.987196,-26.695158
-196.51244,148.03423,-52.87144,61.566444,-8.259543,16.088694,-5.0479445,4.732317,2.4455385,-10.880016,0.10136622,2.3574328,10.30724,14.305084,-6.9581013,-16.94479,-15.661712,7.866306,-7.9143763,-23.16127
-225.89522,141.4209,-42.24849,64.57213,-1.419097,25.086485,-8.414572,7.516586,25.750908,-10.920532,-9.585454,-7.022864,10.382204,14.295717,-5.381646,-7.5831795,-20.03402,4.3696938,-5.090659,-23.780025
-236.09879,140.49445,-38.709183,71.80725,9.184345,30.409637,-7.2545104,-2.4718235,22.076752,-16.298359,-8.8600445,-0.12717924,5.63667,11.757687,-3.850931,-5.2991652,-17.196877,7.8104453,-6.5951853,-25.055555
-155.24559,127.28247,-42.685593,54.584816,-24.473593,40.382584,-13.951457,20.715706,-2.608378,-5.076023,-9.757029,-4.280247,3.4957352,7.1722655,11.029103,-6.1258736,-13.571546,-4.270727,-3.7046173,-11.341316
-111.49045,111.64326,-54.124702,56.013912,-46.144638,37.593307,-14.716087,22.68402,-6.1067915,9.654725,-10.336228,3.8825884,5.8180313,-7.922222,8.119379,-1.6857753,-6.0943823,-7.1244726,-2.1443806,1.9427752
-98.09037,128.84222,-52.82435,67.06729,-39.486843,35.46627,-21.301462,3.6026676,-22.686323,6.992832,-11.83658,7.2546163,19.077759,-6.9217577,4.1414046,-18.71962,2.378457,7.327728,0.22045219,-4.8349886
-107.15307,132.52649,-61.79158,70.03088,-31.704924,16.917267,-19.416298,15.745339,-12.289024,1.9662486,-13.975592,10.073456,14.791536,1.1654476,15.264662,-18.855099,-7.408046,-1.3939174,-7.636183,-13.478411
-135.39934,144.9798,-60.447426,60.35263,-28.654428,7.9928813,-21.24041,20.960918,0.22047712,-1.7906948,-5.7159896,9.3747425,11.990625,2.655975,19.454334,-15.676239,-12.315072,-1.8495364,-8.7424135,-11.739277
-155.65886,145.06854,-60.180817,57.967316,-30.08316,-0.4759947,-19.205214,16.839994,4.7799077,-6.19846,-7.8527417,8.78595,15.229061,7.1881833,12.041365,-12.236887,-13.848294,2.979908,-7.7932625,-13.085852
-169.938,151.07918,-60.37844,53.76874,-27.443346,2.7804148,-7.836282,12.331707,5.6930437,-10.785133,-12.663946,7.5086875,15.07654,2.9227037,6.1659327,-6.312518,-15.088083,2.3227074,-11.933634,-18.536184
-174.92682,165.48923,-61.32173,47.201317,-22.75758,6.3940897,-5.2979856,9.871005,9.456495,-9.443937,-7.580904,1.3338661,11.896373,5.69071,9.850494,-0.07922292,-14.135883,1.519933,-8.766583,-19.506826
-190.57613,175.11,-55.161522,39.120193,-19.88007,-2.424483,-1.6981453,16.879904,13.317674,-10.216168,-6.2552247,6.8503656,11.758829,4.1654663,1.9634069,-2.310392,-15.43835,1.909696,-9.489854,-19.350512
-217.38713,180.17857,-47.390747,33.980484,-9.081589,-0.3855723,-3.0312352,11.989563,14.459288,-8.82787,-5.5112734,3.7071688,13.284351,9.66916,0.49550575,-6.4693346,-21.235844,-3.6042857,-9.170916,-14.501418
-230.7181,176.74838,-38.51824,42.5563,-7.22727,-1.8136083,2.8040023,8.877946,13.692448,-10.479364,-5.1000986,8.535476,2.1232226,7.662442,4.3250875,-6.2440777,-17.187233,3.0284493,-6.115013,-18.946114
-206.07164,154.03806,-38.518513,51.331497,-12.330677,17.439869,-6.67506,10.705614,14.969698,-10.77315,-7.9265966,4.9654474,-5.4078565,7.8251867,5.8010645,-10.267572,-9.991208,1.6156099,-5.9222994,-8.920277
-187.0004,141.02667,-31.156923,34.409386,-31.102512,37.67929,-10.2257,15.556258,13.056055,-3.2299452,3.6080167,1.3808243,-15.205412,-6.5972853,-11.791729,-8.285951,-6.651556,2.2399797,-7.7497334,-7.6767035
-232.67006,154.20233,-30.650604,39.60959,-8.892472,23.279575,3.9501922,13.288042,7.446892,-7.683133,-2.039033,5.5809274,-7.77645,-6.50573,-3.226378,-2.2201746,-4.161401,0.18440095,-7.0629797,-7.725504
-243.75357,168.3176,-38.713898,36.67154,5.583869,10.235213,1.5754551,13.149196,13.927879,-4.877534,-4.2898254,0.049450055,-7.3801136,-6.669943,-5.5474167,-4.649002,-8.740999,6.235215,-2.9787414,-6.5821123
-245.70897,172.29634,-36.013206,35.31694,4.8840756,8.781028,8.186137,10.2275305,6.575198,-9.7706585,-6.828622,-0.35848036,-5.865254,1.7209795,-3.511905,-7.2485332,-10.382801,9.081791,-0.63330865,-7.0730968
-263.25812,164.71104,-31.001818,45.776806,14.777544,-0.941595,3.9621835,10.187723,-5.8610363,-3.3361614,-1.9810487,3.5178618,-4.4351125,-5.3187146,-2.6365738,-9.974442,-12.727726,1.1165096,-1.7043376,-13.384125
-270.0142,169.49521,-26.350872,40.4433,15.228176,7.850254,3.5826006,6.109503,1.5175712,-2.958861,-2.4363744,6.205094,1.2410946,-2.095326,-6.79711,-13.610356,-12.916309,7.748512,-0.004027486,-13.4323015
-272.42538,169.10594,-31.942017,34.811462,13.330434,7.6495976,7.4686713,11.4957905,8.055707,-1.0818048,-6.6767273,1.1643682,4.9209146,2.935121,0.016407728,-7.8063416,-11.865856,2.41182,-4.207075,-6.584498
-267.65936,166.23125,-33.57013,33.25318,12.911691,3.7010384,4.6251493,14.023012,9.875157,-5.541096,-7.735304,3.700314,5.5716248,8.957308,-3.4005227,-9.254682,-12.8322735,0.5119739,-5.3548236,-3.7982452
-197.67368,89.75462,-16.769344,52.453278,-33.77342,45.197395,-20.565268,22.239834,-0.86208737,-0.16822442,-11.467942,4.3004136,-3.8306918,5.4662056,0.046996534,-16.496119,-2.5650847,-0.4160693,-12.985866,0.76773214
-154.28987,118.47354,-31.093586,71.741974,-24.926659,39.982376,-4.7905536,16.717297,-10.645769,5.142373,-0.7896267,-1.4975337,-3.546585,-2.8157206,-7.492623,-17.037666,-7.35281,3.2696671,-11.090883,-14.774279
-162.76057,171.57838,-30.660564,57.458485,-14.518718,19.995289,-3.1974435,11.215141,-9.709361,-6.9053683,1.1722091,-4.5436864,0.1913563,-1.804358,-18.237473,-16.571283,-24.228771,-6.953429,3.8503895,-5.6477995
-222.97522,186.56058,-25.182184,49.33302,9.934465,12.217718,-1.6144326,6.432238,-6.271407,-17.47251,-9.1667595,-8.137196,-4.9324245,-6.1971984,-14.621494,-15.862921,-14.761767,-3.2452688,-1.8007196,-4.7762413
-231.39763,181.71039,-18.021362,51.04339,12.48852,9.65864,-8.634928,6.3653836,-3.7563624,-13.015675,-10.513248,-10.391645,-1.5713441,2.3036883,-15.94342,-23.260738,-10.425731,7.4253206,-8.267741,-14.051808
-238.66736,175.944,-22.933897,55.436558,20.105278,6.1784296,-12.451508,7.740446,-0.5053122,-6.9801655,-13.72637,-14.201843,1.8753853,3.779705,-14.817633,-22.952278,-5.3031616,13.241679,-1.4071348,-16.176142
-237.76872,173.83023,-28.495665,56.284893,22.304815,4.8753495,-12.667053,8.015488,-4.6895027,-7.7175684,-5.6315703,-11.138099,3.8600445,7.98802,-7.712648,-23.24097,-10.294348,9.609432,-5.429964,-18.465008
-239.46121,173.69513,-36.021935,41.528297,14.730585,8.369526,-6.924554,11.07506,1.9577795,-7.2055006,-9.648497,-14.681519,-1.9862926,8.116133,1.5871985,-13.353767,-9.143816,11.302142,-3.5311182,-19.733643
-242.85414,171.93335,-33.745377,40.3273,16.41289,23.833145,-6.472907,2.5587168,8.014743,-12.8366165,-12.634367,-11.864244,-1.5731411,13.951528,2.2342727,-10.975413,-18.734798,-0.22534204,2.544544,-7.884885
-233.42702,172.1037,-43.37715,34.38481,18.698063,26.31165,-3.9067917,3.351781,1.4186535,-16.06706,-5.576173,1.0211732,1.2875963,3.9274049,-2.789403,-2.4684746,-16.729324,-10.101908,0.32256874,1.5107386
-233.42639,158.81653,-42.047478,46.404984,22.168842,26.606216,-10.030134,12.12614,5.4171696,-4.3481216,-2.7078824,-7.1402507,9.464581,-2.595087,-12.656654,-4.1446733,-10.036877,1.5222899,-7.4747987,-17.106733
-210.76018,162.54346,-52.28283,45.026276,8.914065,25.43356,-5.2894197,1.6603673,-3.4087932,-22.82369,-13.638468,-1.1280296,9.0179,5.5589037,-4.7250156,-9.749947,-13.18653,4.5965276,-2.832087,-14.689695
-126.98884,166.37976,-53.213367,53.97852,-11.499043,26.444107,-17.650723,17.123032,-1.7215914,-25.212059,-3.699465,7.8521075,-6.2055473,-10.554081,-10.629316,-10.53181,-17.3564,7.2139134,-1.1451304,-16.915318
-154.92496,175.94147,-63.90764,53.069435,3.7020764,9.72118,-10.659857,20.35205,-0.6477542,-29.504131,-5.336606,12.068334,-7.7162137,-10.879721,-4.0472307,-14.376181,-18.785194,10.930954,0.8781527,-15.180098
-170.87645,171.7167,-71.83656,45.364517,0.6178005,5.060525,-4.7741413,21.061127,-2.9482024,-29.783234,-2.5253444,11.396067,-2.813366,-5.8390226,-1.7048651,-13.616503,-24.54166,4.1701427,1.953727,-11.498608
-179.38004,171.96814,-68.19356,50.374527,-0.639797,2.6904778,-0.99465936,16.875843,-0.37357366,-26.413528,-1.9374391,8.748943,-3.9816523,-6.165183,-7.293832,-15.604063,-21.955349,8.512646,1.5995164,-13.853896
-191.01813,171.21811,-55.851765,54.758167,6.712037,9.766928,-6.7199917,12.544769,-5.3610706,-30.001347,-3.2232814,11.295159,1.0141742,-10.553731,-6.337634,-14.3159485,-23.65934,5.0884933,-1.7730314,-16.315195
-234.30505,164.07483,-46.600403,48.46414,18.249008,23.834148,5.5487547,0.94820416,-8.998337,-20.294022,-7.962226,-1.5732486,-2.1818848,-9.259628,-7.206161,-7.7340193,-19.047207,5.5654078,-4.4987545,-21.238289
-275.1931,156.23138,-41.457947,42.682976,23.177753,17.263767,6.8882704,20.663692,4.437301,-16.707588,-3.4190092,-7.424108,-6.887164,-5.1694584,5.599962,-1.7885375,-11.625123,6.7142386,-8.903328,-19.809668
-275.27133,152.28864,-42.77909,41.855507,17.836868,11.226174,8.184428,22.307648,8.153492,-13.866619,-5.1852865,-3.04934,-8.962747,-6.5979223,0.50268203,-3.3169725,-7.5182757,4.7510796,-6.814755,-15.979578
-242.40746,121.92854,-38.17467,52.62374,-6.774192,23.864643,-4.895924,16.735985,4.7337666,-5.075277,-1.1820711,10.252226,6.9346685,-1.6862475,6.232424,-12.105547,-12.047821,5.0087795,-11.08951,-13.170174
-187.51566,100.83165,-40.12674,65.77892,-42.02106,15.591019,-11.591831,5.1498117,-4.7996883,15.040287,0.71260595,13.481804,-1.8162533,-7.399274,0.22429681,-11.8171,-4.72653,-0.21664579,0.89619005,-5.9064455
-86.39083,89.493744,-46.682938,69.58404,-51.254723,36.803997,-7.1389995,18.948399,-20.024193,17.896729,-15.781031,17.520388,2.7872624,4.6344733,13.142473,0.6822545,-2.1576536,-15.02151,2.1928916,7.5831814
-105.77935,102.12377,-40.710426,79.83737,-30.903152,50.83347,-14.252765,17.42408,-11.396307,14.064385,-7.351637,17.02663,4.600361,-9.383133,6.171361,-5.901589,-0.27622795,2.8943667,6.8742366,1.2843566
-141.99255,117.80847,-50.51715,81.85225,-11.591707,47.066116,-11.0607605,3.7463396,-5.4849324,10.046743,-4.770621,8.9663105,7.348439,-9.809326,9.911116,-3.8137088,0.040302753,1.3154509,5.4889584,9.370808
-166.12428,127.12749,-53.43625,73.3589,-6.6189213,38.80311,-17.922014,10.36573,10.555138,1.6183345,3.6728435,7.192794,2.1582818,-12.084864,1.862439,-3.0392377,-2.3743496,-0.29313886,6.7644196,7.4804707
-184.87433,135.33752,-50.00034,71.35844,3.75997,31.295124,-17.101643,5.742224,9.149682,2.460665,5.1027975,8.086605,1.0516723,-3.7260747,6.6742153,5.746955,-0.5490693,0.18185642,9.97774,5.2370205
-212.25896,139.82925,-54.96996,67.420876,18.829529,33.268738,-12.405306,-1.6191528,8.110628,-0.80183744,6.9055967,3.4308963,2.5041099,6.4052033,6.8644915,1.7467966,0.8683553,4.1451464,6.787318,5.2296734
-236.17928,151.57242,-42.58439,56.392708,21.0653,28.720049,-3.6133046,-0.3788757,12.503624,-0.9003845,-2.2859626,3.0898304,1.2351434,7.5101433,-0.41971138,1.3665833,1.7621427,6.169161,-2.4322696,-10.147297
-257.09116,158.83926,-34.711327,51.347813,23.198238,26.863876,11.000998,13.122438,13.043337,-1.3333132,6.5648193,10.168383,-2.4386787,-1.5663235,-3.8419387,-1.1779252,3.5633793,6.9085717,0.44885874,-10.024851
-264.74347,159.25322,-33.518417,48.21627,22.152477,18.494606,5.7630343,9.793327,8.983004,1.8652711,5.2926507,11.522743,0.5862033,-0.08254385,4.054274,1.9876984,-8.455536,3.0211914,4.2248735,-8.270255
-268.6935,163.37625,-28.039948,43.7305,12.73793,6.730043,1.5384098,12.04821,10.836487,2.8421764,11.948952,16.05388,4.2961726,10.411394,7.835616,2.0430543,-4.598232,2.3575997,1.0334579,-10.203848
-271.39856,157.01501,-26.1057,44.799957,12.897425,9.319492,3.0384278,17.141422,10.543386,3.8870459,15.790921,20.644777,2.9910755,0.6616643,-1.5112209,-0.22756836,-5.549546,2.8000011,7.352419,-4.0636635
-259.34436,153.44693,-20.321888,50.506924,11.653233,20.324854,-10.541634,9.647089,10.433468,1.1599748,14.2762985,12.010721,0.97112453,-0.7950134,-4.0190845,-2.618303,-4.1700163,3.869545,4.52317,-3.695366
-222.23047,117.52423,-2.832571,56.32476,-12.9375305,48.68048,-21.593815,14.453943,12.306444,3.2040048,12.682684,14.015167,-9.654872,2.0421128,-7.255944,-2.9697747,-7.5857944,-5.486544,0.6877295,-4.653663
-244.1259,139.20135,2.3749895,52.693295,-10.615757,37.76311,-15.9384,18.568478,12.621347,-2.872259,11.662886,4.9154997,-5.972292,0.6059568,-3.4291527,-1.4826658,-7.631911,-3.110094,2.3135686,-4.2390795
-266.75125,154.09079,-9.919695,52.746513,16.725723,23.762924,-6.957043,11.928526,11.542112,-3.8684304,7.3046484,10.6990385,-4.2649064,-1.1325276,-6.1263957,-8.882926,-11.654766,2.7661135,1.0139806,0.21738815
-278.43466,167.38737,-6.858844,50.055252,16.09356,12.457321,-5.7361665,8.1406555,10.156513,-3.5134292,5.9504194,11.06493,2.6195004,1.779413,-6.372746,-8.823196,-14.716352,1.6804289,8.492496,0.9389409
-282.1942,169.12354,-12.887209,40.208885,21.378975,14.273464,-3.274672,3.9402041,7.072525,5.3330927,10.563978,13.457365,2.6175165,0.5065993,-9.418919,-8.807057,-10.844669,2.8693528,4.9569035,2.3944051
-293.08676,172.32275,-10.996941,35.434074,20.465027,13.982784,7.515538,5.573866,6.442401,9.920533,8.282723,10.35572,-0.853158,-0.74877065,-3.7009602,-4.299445,-9.01388,1.0758731,1.7310601,-0.87017715
-301.71164,164.05237,-14.12842,36.37143,20.019108,8.96773,7.058934,16.2931,8.657505,3.073629,4.864927,10.209211,1.1321492,-6.0571194,-10.303433,-8.66765,-7.721384,9.114483,5.676798,-5.904765
-303.25494,156.12665,-20.264095,31.936203,21.73594,10.72916,2.1270254,12.546322,5.6593657,1.0287478,6.6805534,10.798455,-2.9984066,-5.385948,-11.336445,-12.743574,-7.0441513,10.947275,2.430482,-4.3328085
-142.31505,129.14679,-36.965107,41.199696,-41.362053,28.38433,-21.00963,7.6376877,-23.65083,4.2505655,4.2147546,11.621787,8.546691,-5.3738627,-2.0255089,1.4749374,-12.788966,6.0636225,9.248484,-2.9981132
-144.1596,117.444916,-16.321697,37.63132,-44.485336,48.294212,-35.349457,8.462964,-22.424732,-6.7379894,-0.097950816,8.038584,2.3896093,7.0321293,-4.977997,1.2728827,-4.362161,-4.5247536,-3.8699157,-6.2401276
-229.58372,131.00896,-27.8017,25.666008,-30.4184,18.396309,-36.525837,2.458227,-19.788364,-18.695911,1.9536531,1.3825846,15.951798,8.501857,-7.4758654,-16.916843,-7.181184,2.880628,-4.292637,-3.6501353
-265.44534,143.1165,-26.710066,35.930016,-2.061366,8.068393,-20.467928,-4.77015,-8.155148,-12.099474,0.010540187,13.269455,13.352888,8.948482,-8.897968,-13.837085,-12.149523,1.2941283,0.03983715,4.0834823
-286.4102,147.2948,-29.28216,28.082493,3.5891318,-2.931631,-17.745378,-2.8912277,-11.369965,-13.509135,-4.369582,4.5398397,8.168639,10.987155,-11.427908,-14.826197,-15.81245,-4.5520034,6.78982,9.52034
-301.98322,147.13403,-30.974361,24.003502,8.580063,-7.2095094,-19.966808,-3.1410346,-1.3218853,-4.4934893,-6.8847833,9.07791,14.053661,9.714055,-14.826637,-16.388493,-7.8773956,4.4033403,11.867472,6.3552265
-320.12445,154.82678,-30.6291,13.1154,15.012999,-1.4640427,-21.079205,-6.805361,-3.7917275,-4.201794,-5.4842005,0.94824636,8.500606,-0.78052485,-9.39637,-12.500227,-3.152117,19.041828,12.599686,2.5684388
-327.31366,150.24017,-30.576046,10.501047,8.72365,-6.098243,-14.138319,-6.68903,-12.14542,-8.006306,-7.53166,4.476624,5.9856143,-4.28531,-8.695663,-10.212044,-7.0629463,8.810063,8.0972,-0.21747088
-329.35275,139.45409,-20.324268,24.679035,8.38887,-8.486126,-15.157106,5.472781,-0.7514074,-8.516094,-2.7723494,14.438516,7.567421,1.3501637,-7.9858193,-10.918812,-9.689275,-0.7953217,0.35041785,1.7845776
-343.85156,135.82544,-19.094921,18.85394,13.193077,2.5850217,-12.217909,0.8126429,1.6580489,-1.4894209,-2.7569056,10.138218,3.0963042,-3.8626637,-11.455465,-16.171427,-11.18137,1.4641858,2.0738168,-1.1487861
-304.32556,135.67801,-24.673805,22.11715,4.8847523,8.381175,-16.73399,-1.241366,-5.8369517,-0.86443245,0.99737704,7.812782,0.6472135,-5.1972065,-11.795803,-10.43924,-9.550576,-0.89910233,1.7862716,-6.07653
-250.04816,144.62378,-27.59333,49.93244,-2.3407073,15.2283325,-4.471538,4.8315973,1.0920932,-1.0091449,0.47916266,4.2145443,-5.318696,-6.094647,-8.766628,-9.054603,0.6546783,-1.6242554,-0.07924807,-9.504141
-207.38702,127.38933,-11.413428,62.199066,-20.85394,45.539318,-9.685259,17.231627,5.4886017,-4.408512,3.1578157,4.8618484,-9.19512,-5.770053,-2.3459575,-9.393852,-4.881127,-2.2863183,-2.3641016,-5.8500814
-253.10439,144.90088,-9.002857,60.181763,4.2660074,20.716206,-7.73306,23.353336,-0.28265214,-5.954085,-0.74933743,-2.5508988,-5.467748,-6.560179,-1.8535645,-6.7719803,-6.56723,-11.528938,-5.027686,-14.106616
-264.23056,165.09488,-5.89101,42.475395,5.7741175,15.876287,-5.0027337,11.070503,2.3291237,-9.365072,-4.275999,-6.70782,-9.843801,2.1880195,-8.140837,-5.1043186,-2.7501826,-5.3096027,-5.3759875,-8.018863
-287.75345,169.67319,-4.302422,41.333397,8.075097,2.2347903,-0.744981,4.811988,3.2653368,0.8055001,-4.715026,-1.139694,-10.100898,-4.1497507,-12.658029,-10.67632,-7.8592105,-9.326779,-4.0005736,-3.1546292
-276.38437,180.13777,-6.432332,29.231266,0.21675228,0.030704498,5.9373546,6.876437,-3.3228526,1.3484504,-0.10678105,4.0145855,-14.769395,-6.348945,-7.0197,-4.6597614,-3.231143,-11.005915,-0.7937412,0.76252127
-295.35962,175.94994,-3.0049589,33.078854,11.597604,7.1944485,0.8464384,-1.3238273,4.223391,4.8255367,-4.324987,6.4926157,-3.1945014,-2.2185326,-7.97447,-10.89806,-7.7050967,-6.786411,-2.9945254,-0.09946847
-303.7397,177.27719,-1.4359012,29.170738,19.599424,8.232481,-1.3971772,3.1810584,-4.200185,7.391168,-1.78861,2.2216556,-5.6962457,-8.794357,-1.8189626,-8.418935,-7.6088667,-0.39893675,-3.326795,-3.0074363
-234.45213,153.17717,-30.123713,37.993217,-9.349364,19.802452,4.4936743,17.699345,-10.30486,-5.826068,4.26564,-4.462165,-6.462015,-3.6168416,3.3059158,9.2113285,-6.8387966,-12.717157,1.4213436,-15.5980835
-154.32088,135.57378,-57.284584,37.745316,-33.031223,17.141018,-5.146406,29.948456,-3.015582,0.49923265,2.8928347,3.9628654,-10.3456955,-6.2965746,1.9868283,6.534979,-6.1929393,-17.27887,-3.4066858,0.3925752
-134.73666,84.761,-14.328781,65.957794,-50.715256,49.024742,-7.0938683,24.487984,-11.649057,24.285126,-7.388463,4.507988,-1.002099,3.9877052,-6.48034,4.9664707,-0.11819063,-2.1243687,5.7123528,-3.7999723
-154.72426,76.15814,-27.509785,87.70144,-51.62393,31.579102,8.050542,21.766306,-13.893047,25.219906,-16.981918,4.4300632,0.8831884,-9.680134,-3.0053434,-14.07567,6.4216003,-9.805922,-8.0903,-3.0680237
-179.87758,87.68222,-21.976974,88.404335,-42.537476,32.178368,9.855086,10.556217,-8.25279,33.46662,-9.664864,0.59892684,-7.2355223,-14.358993,3.5545673,-7.2545805,4.90672,-13.757097,-2.8284805,4.733898
-227.71454,105.560715,-20.524374,82.502,-19.698877,29.598713,13.994175,15.335693,-1.5537353,33.75222,-15.365916,-8.641876,-5.2201405,-28.34179,10.880344,-9.563291,1.2012179,-6.4876018,-1.7680328,0.79110754
-251.67438,119.36879,-25.999914,69.94557,-6.5019913,27.603546,10.973366,20.016994,4.58745,16.883808,-14.323799,-12.972498,-2.2673676,-21.32441,11.9785185,-8.730641,1.9494946,-1.6462202,-1.819603,1.2982024
-271.96753,123.12755,-17.786394,65.53886,2.416594,20.328575,1.464256,11.528429,10.399382,12.292432,-4.340543,-3.5739076,-13.2367325,-2.3889844,14.582214,-11.27368,-1.8276324,-5.34643,-8.410528,2.2431545
-282.32,136.10323,-22.27219,53.62008,3.4197986,18.716328,5.9044685,1.635972,5.2057323,5.5567064,-1.1630538,3.1904914,-6.59101,-0.09642014,6.051001,-10.593893,-4.9844985,-4.6818113,-6.990781,-5.3067007
-283.60004,139.08469,-18.239307,56.022316,4.8149776,7.6870584,5.9312916,-2.1966915,6.936434,13.618509,-3.5452127,6.667527,-13.954342,0.9697646,9.630611,-3.9988954,-1.9976063,-5.0074334,-8.212922,-7.712633
-292.70963,144.755,-18.899326,47.142395,7.717482,7.457762,7.1301484,1.348439,0.39461374,2.8984208,-1.199497,0.7380288,-15.153519,4.63734,6.9406304,-3.2900767,-0.48308688,-5.676258,-5.6521597,-2.8456607
-273.0345,154.49954,-35.075165,35.916824,9.94655,9.367813,6.806945,3.272144,-9.828239,-0.55399203,3.1113439,0.20517027,-8.816139,2.205317,6.142827,0.6544912,3.569588,3.7600749,-3.2372634,-2.578898
-194.45515,152.70743,-37.01274,40.492516,-32.537685,12.596975,-9.335997,-4.338161,-15.971125,-6.4538293,11.933743,4.9262543,-1.3819177,8.930031,-6.8344955,-5.191517,1.5616635,3.9359603,11.33975,1.9849031
-156.85272,144.42242,-23.905663,42.386944,-36.46746,30.926125,-16.387852,-1.0079539,-28.55231,-11.334808,7.519396,3.242783,-7.89575,4.894268,-14.628047,-6.371595,-1.7733257,-1.3057628,5.751767,-3.994927
-238.61116,155.11682,-19.684727,37.27588,-5.163941,21.899645,-14.076711,3.593608,-9.616078,-11.355468,9.937246,10.710857,3.8734682,4.0848327,-10.611624,-6.9314647,0.114972055,-3.4687424,-3.1716683,2.5971029
-282.4268,150.42325,-7.729452,45.63922,10.548579,13.245323,-10.70573,1.9945403,-7.8867083,-8.064938,7.475517,13.361742,0.36189112,-1.4595284,-12.427524,-9.948292,-3.7095175,8.432589,8.422262,3.9057217
-305.86157,152.85095,-2.6219466,47.060375,20.609364,11.878162,-8.325331,-2.9752834,-6.281145,-3.2496572,4.186509,10.955364,-3.0805,0.5911312,-7.4356594,-13.702796,-6.360188,7.518148,9.396137,0.049332142
-310.0739,157.31563,-6.4780045,39.60746,21.770977,8.257121,2.5769055,5.0030107,-8.00713,-2.091847,-0.793514,5.12928,-0.07165253,7.1677103,-1.5823891,-10.558142,-10.737279,2.1242623,4.531333,-1.1938913
-319.62067,152.99232,-10.372325,35.464603,25.153221,11.374969,8.757454,7.271204,-5.6975007,-4.4248695,-7.1542478,8.2217245,-0.40642893,1.5475113,-8.325782,-15.602049,-13.177422,-2.304179,2.059221,-0.09573555
-323.35226,153.18839,-4.492646,36.374023,28.196508,17.076485,2.4281816,7.892003,0.39074755,2.7550197,-1.0924584,-2.0151703,-3.1174057,2.6134639,-10.43874,-10.04797,-3.8761806,6.3157587,5.0878954,1.0900807
-320.85962,146.68945,-10.135048,30.871105,20.236069,15.369858,2.0488367,10.355204,-2.6063406,-4.609889,-7.397439,-1.1527398,3.1819363,8.622979,-2.2006893,-6.9882755,-6.427866,2.355698,2.0912225,3.8491824
-247.93898,120.64259,-14.525566,30.713863,-4.681088,33.49754,-26.430717,39.12832,1.0775037,11.623672,11.867796,-3.6481209,14.682024,0.5947838,-4.801411,-1.1475127,-7.1980004,-4.950916,2.1456065,1.1140136
-168.09167,106.700516,12.060022,68.72513,-22.276691,54.91372,-17.760405,26.24546,-0.54868853,4.491539,-3.5324361,-1.123661,-18.977568,4.342244,-9.072036,-6.6413913,-11.845526,1.6004902,-3.9598165,-4.9739876
-157.0151,142.93298,-10.255188,75.65992,-24.505537,27.543661,-14.943491,11.166412,-9.117544,8.245242,0.10814811,-9.168942,-4.4944777,1.0754595,-2.6201308,-11.601511,-19.970589,-6.203686,2.3897183,-1.9174917
-222.05626,167.70444,-25.058338,51.759785,1.6707115,13.896525,-6.258971,11.657719,-0.02988875,-3.611323,-2.398605,-0.05135271,6.433407,5.3532233,-6.7653236,-15.099187,-9.325808,-7.2396784,1.6248012,-1.1658632
-200.30254,174.2948,-40.65217,42.707287,-5.6122293,-5.0120115,13.119867,23.233242,-21.649668,7.697931,9.266198,19.19189,11.540167,-1.5971318,-14.757257,-28.262508,-16.271427,-15.04851,2.147622,-9.406598
-213.16951,164.92107,-48.719803,44.667145,4.0495596,-13.027602,17.80091,24.445293,-19.280905,16.902225,1.8100938,15.961111,3.1005793,3.9989984,-3.844593,-23.569374,-7.464962,-21.701706,-2.8383403,-10.046822
-222.37036,159.06856,-49.009567,44.216385,7.4072084,-10.330963,20.264736,26.29236,-22.936876,11.465432,-0.44223613,15.831737,1.7397773,0.5707706,-3.1765888,-21.752691,0.28169978,-13.418833,1.0840399,-7.586312
-242.8271,164.31355,-34.944984,45.25576,6.051505,-11.566382,20.35151,18.2146,-27.35551,8.809008,-0.4922936,23.645594,10.113938,1.9696245,-1.2810493,-22.445925,-6.4531317,-21.535725,1.1533725,-3.7535524
-295.45255,170.1167,-9.19588,40.805374,14.110636,-5.4002876,13.524786,18.52367,-9.439569,6.638961,5.296055,14.543671,9.708473,0.9823363,-10.391981,-16.384548,-9.628294,-18.725811,4.114483,6.137188
-321.76535,154.51086,-14.278229,33.93367,24.717299,12.799023,24.547312,16.599445,1.5667999,16.220741,8.557876,7.8756127,0.11853422,4.0328665,-12.440044,-17.445133,-4.9102197,-2.106997,3.9171753,6.4488
-308.92526,151.64511,-20.713474,32.707054,17.466019,8.424965,17.3536,14.666439,-0.47086418,13.959478,10.877086,5.624509,-4.617077,6.073875,-1.983636,-12.538658,-10.691522,-5.4915905,3.0460064,3.0927715
-237.0806,153.8707,-20.506252,57.053883,-16.489834,12.598955,8.488777,-3.6733518,-12.920725,-4.300311,0.84337884,-2.705788,-11.98048,-8.492868,-13.681536,-21.736336,-7.781012,-1.1455338,-1.3292611,-6.3194127
-212.61337,142.34021,7.180991,72.35135,-17.566715,37.103592,2.077627,7.4129148,-11.301406,0.32921267,-2.571424,-5.996332,-17.034824,4.6840134,-3.1696894,-17.852678,-6.9168034,-7.0164523,10.210243,-3.6565251
-260.06714,140.72,16.71521,58.60099,-6.3762884,42.321285,-6.551903,11.881311,-1.471541,-4.79688,10.225936,0.18264198,-8.870852,1.4631126,-11.199459,-12.060226,-7.4133425,-11.28937,-1.4877254,-2.4589655
-306.66022,149.01562,9.876417,51.23719,14.664417,22.89933,2.9880223,13.130577,-0.6223057,-4.321742,7.4460716,2.954065,-6.675412,-1.588674,-10.6092,-6.591565,-4.984328,-15.475113,-17.609177,-5.0149446
-325.02237,159.97702,6.7569647,41.08407,16.532429,8.491916,11.269009,10.220479,-0.9449649,4.464532,11.7814245,9.241276,-8.578287,-2.7287784,-15.549042,-13.222201,-5.139635,-9.115764,-8.213701,-10.482792
-345.38574,151.9524,12.4811535,44.19597,17.143103,-3.440681,8.245269,12.217648,-1.4654087,12.007102,14.187979,7.1779084,-7.4274545,0.023966193,-16.014032,-12.032238,-5.787575,-16.550526,-11.490547,-13.694985
-342.56726,154.18556,7.8810797,40.732502,19.667313,-2.018037,9.53931,13.780466,-1.8157876,11.600502,12.192026,11.569244,-0.85737044,3.446969,-14.485344,-12.653097,-0.22817594,-9.770391,-9.864059,-16.025978
-344.49402,152.08334,8.640625,42.680542,20.439945,-1.7627538,6.217261,12.277417,-0.9266773,10.411232,12.274381,9.967191,-0.67540616,3.2888756,-9.795295,-7.1507473,-3.8298814,-11.778685,-4.609334,-9.02421
-340.46988,154.49286,2.7777374,40.302948,21.135185,4.1487455,11.044508,14.284396,2.4573298,14.849812,14.583899,13.881205,4.1701546,-0.69428533,-7.0233335,-6.9566665,-4.0669036,-9.824035,-1.9992195,-0.8602103
-309.45242,154.69699,-14.326465,33.236565,9.574114,6.5196137,5.902565,3.1225123,-1.9584907,10.462468,3.531569,0.48225427,-0.12769353,-1.959067,-10.131481,-2.9909446,7.213915,0.98620844,-4.0609508,4.741107
-233.56805,141.79274,-40.623573,38.066036,-24.323832,-1.1462218,-7.1143827,-6.023651,-2.302201,-0.35606724,-3.7284832,-0.422067,-10.53001,-7.467944,-8.56539,5.5521617,9.074008,4.317274,-3.1660986,3.0079083
-72.05689,125.72925,-51.614258,48.30455,-52.386154,32.85214,-12.819046,22.84514,-21.160162,10.133201,7.236865,14.259077,-3.8444622,-6.399929,-10.619976,5.8800554,-0.010646105,0.6028656,14.116303,10.809382
-96.745735,96.46716,-49.022903,66.525185,-57.53234,42.168816,13.325886,24.08741,-30.561333,10.215816,-3.2377043,6.4806585,-12.041778,-12.050969,-3.1328135,-6.4304113,2.792602,-9.869858,-0.13355112,2.9521196
-140.03477,102.572876,-47.218147,74.03655,-44.839622,28.547749,13.13313,25.290573,-29.92287,7.332727,-1.3664887,11.51874,2.3945582,-4.576907,2.5025563,-22.082954,0.33095503,-14.45572,-9.613684,4.4677763
-167.37672,124.93227,-48.195946,67.11932,-29.822197,19.63026,14.604727,24.381855,-20.56862,4.575875,0.22213697,10.984884,-3.9199128,-11.799515,4.760491,-21.330359,-0.122071624,-7.81232,-7.188157,7.81908
-189.46056,144.1078,-48.8209,55.66741,-16.871264,18.156872,17.151934,23.62774,-23.007025,0.75146514,-2.6069317,0.86844105,-3.1846104,-13.2975,7.9137964,-19.778393,-1.4764597,-4.210124,-5.546281,2.8941028
-216.84544,158.29263,-37.418488,47.912483,-13.767867,14.513113,15.612381,13.709062,-13.326495,1.9039252,1.1609087,5.4735203,-5.5565157,-9.801386,8.045706,-15.282976,-2.2132647,-9.956094,-9.107659,5.319047
-236.09306,151.9975,-26.427206,52.75946,-10.600662,15.70339,19.41742,6.453762,-11.052709,-1.5215762,-1.2306497,13.24469,-5.0398397,-9.433941,-2.5353754,-8.133472,-1.2673981,-10.8184395,0.48148528,8.412132
-250.2764,149.27133,-26.057503,55.445984,-1.3787947,13.664413,13.709477,1.3840687,-9.308088,-2.1858394,0.37214836,17.797453,-3.4878051,-5.212465,-6.8678923,-19.50362,-1.1865324,-3.8843827,-4.5705643,-1.7534047
-269.65442,154.4805,-32.342846,42.38548,7.2300215,10.56949,15.974422,12.931599,-3.1945179,-3.3049536,5.5728073,15.428568,-1.8973475,-0.6069279,-8.645386,-20.168743,-0.22353709,-5.2413282,-14.71541,-4.7392693
-277.47766,164.84506,-25.928967,38.144997,7.150981,8.41215,21.272253,14.832996,1.3016455,5.1629353,9.055389,7.099489,-10.881517,-1.0871046,-6.5218506,-14.550616,-3.4198208,-7.0529594,-4.8005214,-2.5079784
-265.43237,142.98376,-17.730013,46.717827,3.4883175,23.12876,0.371526,20.21988,-0.4149341,-2.2726884,8.696235,-1.429471,-9.893177,4.7159104,-0.68625945,-1.8450319,-2.799238,-13.333354,-6.289322,-10.493114
-237.64383,108.600235,4.79096,51.9026,-20.574844,36.669807,-9.653111,14.958334,-0.024092197,4.480668,9.656382,12.599487,-13.946512,6.57472,-6.378319,1.6356227,4.649724,-7.3293324,-13.756189,-7.6815767
-246.21243,118.84836,6.858906,47.579597,-21.284967,34.702934,-14.018896,20.719898,-4.9759474,-6.571107,11.127296,8.684604,-12.55536,-2.2695534,-3.9218302,8.357452,7.001727,-7.7317514,-14.876848,-11.976372
-281.32547,152.8917,-0.67520785,45.681763,-3.7203026,9.558278,1.7799052,13.474543,0.8140075,-4.109555,6.1777015,10.146257,-8.793526,-1.5316603,-5.607011,2.2931457,5.9501324,-6.7326746,-9.508705,-6.749462
-286.268,161.8714,-10.622295,36.617027,8.670843,3.8518238,3.0630713,14.847434,-3.4518995,-0.23937935,8.324873,1.8293297,-13.294688,-2.9628077,-3.6337883,5.1687756,7.3420324,-5.288557,-17.08221,-11.766476
-301.51767,164.73293,-4.4531536,35.30838,9.892678,0.54547346,11.99635,16.213299,-9.207815,-5.618639,5.4664974,3.9642944,-8.6424465,7.848368,-3.8343322,-1.3140858,6.4207497,-4.872562,-12.434951,-3.6444545
-305.11395,162.70798,-5.62627,38.451683,16.835968,0.846406,15.541735,15.026706,-12.099396,-1.1575263,4.2150006,1.9276394,-8.056751,11.442619,0.55834335,-6.229665,-0.48499474,-1.9703202,-4.84813,-4.0449395
-306.10605,170.55048,-7.889525,31.98919,15.370827,-5.6011887,4.7746096,9.524799,-13.689847,0.69152963,8.777435,0.9427346,-9.2273445,4.8208303,-1.963437,-4.259166,2.1147785,-8.500685,-6.274372,1.4350891
-310.48697,162.60904,-10.921736,34.59123,15.849751,-1.1737661,4.5957074,6.2783065,-12.28628,-2.8411145,9.529406,11.630209,-6.042243,0.8099898,1.3318431,2.2445927,5.423771,-0.025513828,-3.4297042,-2.5874033
-319.26236,156.46524,-9.530853,35.160385,20.893639,3.6962476,7.0409155,7.1778173,-10.383554,-2.3137028,6.9630427,11.72724,-1.1651167,4.5222373,-0.72677946,4.4506493,6.3226852,-0.57377714,-2.4869313,0.87893367
-226.58432,154.17929,-26.921124,31.81525,-18.957787,1.0322102,-30.65039,10.297152,-4.132806,8.106423,11.256387,-1.9926176,-0.2623629,-1.3503993,-2.2336094,-1.1326401,1.9348998,-4.488289,2.7641768,2.6803715
-133.623,103.716064,-29.593891,38.461372,-54.014477,35.417503,-28.273373,7.1193705,-23.291351,5.6298857,-3.1425712,3.9855318,-10.874687,0.64268726,-10.221847,4.388505,-9.047136,-9.639723,1.9795954,-9.6759815
-196.28467,139.63046,-30.78125,41.3568,-34.348267,22.185253,-23.617676,-1.349391,-20.483322,-10.338854,6.3365626,-3.7532556,-1.5903453,-4.0926714,-2.7508652,0.8985218,-7.7324624,-8.345887,-7.3454576,-9.683404
-271.53757,140.31659,-32.53056,27.987411,-9.536121,9.634493,-11.501688,9.980198,-6.0218067,-3.82875,2.8410814,-3.5778837,-4.324183,-14.392672,-5.816342,-4.6740756,-15.831041,-10.21821,-11.21339,-6.761135
-315.94104,127.436676,-25.891224,17.563068,-8.835416,-0.18438376,-10.9601555,2.3041964,-10.169384,-2.078312,5.9828286,-6.32097,-13.6909895,-4.222759,-9.737984,-3.3725548,-7.1653357,-10.409147,-15.408191,-10.019737
-347.85983,123.57355,-17.186514,21.182999,4.4481463,3.500079,-3.9147704,0.007152796,-12.42915,-1.955236,9.438927,-2.4014373,-18.785553,0.2679867,-0.93698704,1.1165545,-6.278691,-12.900532,-9.105694,-5.2310076
-358.22394,123.69333,-17.887255,9.547905,2.3031278,10.410499,10.614916,4.1263523,-11.195774,1.7957182,7.617885,7.3206964,-8.77601,-2.3698416,-2.6039848,-1.132257,-8.195187,-6.7478266,-6.843878,-7.2540107
-359.78473,123.69861,-15.072161,12.604609,0.18217206,1.2509181,9.25423,8.131838,-9.231775,5.472377,2.2139966,-1.7999436,-13.450134,1.646158,-1.4044514,-4.1137705,-7.032547,-10.61549,-6.6536503,-3.6881297
-346.06955,122.813644,-26.795385,19.493677,2.1483564,-10.055219,-2.7388513,6.686674,-8.108299,2.6115358,3.1970253,0.24997151,-8.951725,-2.7870417,-8.463307,-5.029629,-4.4241934,-6.050814,0.3215624,-2.5783982
-318.13495,141.03737,-16.227917,30.878155,5.4567404,-9.603912,-5.060869,1.6054199,-13.978153,-9.036961,-4.599307,4.9172287,-10.784641,-9.56138,-16.316545,-12.607605,-11.257177,-12.937844,-7.988597,2.3079956
-286.82648,164.0776,-16.187864,33.589924,4.815933,-5.0374,2.0529795,6.336224,-7.9500866,-8.623352,-13.366249,-7.712619,-14.697555,-2.560111,-9.756045,-10.758307,-6.7282486,-7.9860487,-5.121388,-6.005127
-266.11578,155.97433,-12.792719,49.706413,-1.9246993,18.520016,1.3213236,8.250959,-2.0798092,-14.940088,-5.60229,-13.32719,-12.336135,-4.013692,-14.9345455,-9.523096,8.538012,-14.663595,-13.93678,-0.9532761
-195.95975,143.94301,-19.873627,49.190277,-16.206749,33.522194,-14.723039,18.816185,-10.068428,-4.566333,-4.939414,-2.286793,-3.0292778,-9.543446,-5.8877497,-12.304756,4.368283,6.4444847,-8.227293,-5.1867886
-204.54143,161.61589,-47.445015,41.213066,-6.749364,17.388556,14.035664,30.012308,-11.021982,-6.499699,8.985258,-6.1731873,-9.894048,-0.68606526,-2.4708633,-12.508931,-4.136653,-1.6219099,-12.594766,-13.239786
-214.44757,149.80386,-61.192657,47.042305,0.562244,13.860307,18.524288,14.431299,-7.9097652,-1.4350333,14.017284,2.6545954,-30.697792,-5.163784,1.8004581,-16.809517,-7.926235,-1.2534661,-11.324431,-15.451741
-221.92325,147.89723,-72.73294,47.03221,6.717326,11.578272,21.389042,8.711473,1.8156592,3.5094123,5.426795,1.2100116,-30.78967,-3.7268791,9.198261,-14.882742,-13.358173,-10.8604355,-8.911015,-6.853832
-205.4188,162.84464,-59.68461,43.231346,-8.660704,-5.782854,8.60523,4.8813553,7.385993,10.832485,3.0080462,7.69224,-25.490768,0.6397853,-1.6020424,-25.261227,-5.7175317,-5.8259172,-5.369216,6.7278633
-242.59653,154.94693,-49.735558,51.272095,3.081841,-4.3850875,7.5208864,3.9958203,2.8264058,1.9510128,2.2456381,7.6616535,-21.546902,-1.8400687,-2.1005254,-25.375134,-4.293825,-12.2742405,-7.8252077,12.022959
-295.65445,158.70047,-29.90932,34.446747,14.457285,11.802566,18.322357,17.87939,4.88068,-4.4303827,-2.8391807,-2.8152328,-14.620836,-10.678093,-7.31236,-11.204791,-4.6406,-8.994459,-12.930052,-8.308641
-269.65195,127.869675,-37.57094,61.25847,4.393321,19.41707,25.907448,6.844241,-7.9118023,5.415154,2.2859974,-4.6292243,-10.976906,-1.4214903,-2.6231325,-10.659305,-9.038107,-11.139902,-5.8283978,5.852477
-160.20534,129.86719,-57.0001,65.7112,-44.551918,9.250883,7.145859,-3.0700986,-5.3055544,11.208004,2.150478,7.963348,-8.955275,0.67069155,4.4712324,2.487539,6.734562,-11.596653,-6.4104795,-0.34739786
-113.3578,129.81966,-65.872665,51.548447,-46.162598,16.144524,-11.178289,6.8126554,-20.565763,5.8509464,0.12559414,3.2516122,-7.0569534,3.0764284,6.4153423,1.0613958,-0.7560322,-16.250952,-6.0539403,0.11819029
-90.778305,100.71999,-43.044937,77.51459,-38.97756,36.657482,-22.425327,11.583259,-13.669064,18.339596,-7.5153723,11.368982,-0.7669519,-8.457668,-3.9803133,-2.2233734,-0.84579617,-2.1099153,6.460599,0.37090516
-123.14829,104.50928,-41.018177,90.89841,-30.27911,21.157455,-27.251925,1.4203631,-12.7389965,26.134863,-7.904935,4.4233327,-5.4441404,-13.122547,1.8215101,-21.150787,-3.9138181,-11.231455,-4.06643,1.3509071
-153.80766,123.684784,-50.666462,76.71809,-20.65012,19.4849,-20.78024,-1.1043901,-15.323247,19.866526,-4.703233,-2.1190352,-7.037039,-19.080425,10.773745,-17.773155,-4.604134,-16.921144,-16.265686,-9.426298
-167.7054,141.3634,-58.224964,64.73479,-11.056682,14.433542,-6.6135263,3.454334,-23.414543,7.571387,1.2147017,0.066793114,-10.956582,-13.06652,17.189552,-14.39486,-6.3312726,-15.716414,-19.52285,-5.505492
-179.16702,154.33034,-63.337677,56.30092,-5.2359457,10.5988655,8.1553135,5.4262667,-21.662207,-9.091748,-0.7535584,5.731574,-10.333691,0.54449487,19.306614,-6.4948792,-9.03956,-20.995548,-19.704338,-2.6091027
-188.05493,165.0734,-65.53082,49.816536,-5.0644836,2.1912844,15.611464,10.717258,-15.280159,-12.0815115,-1.0533473,11.0435915,-12.144065,-0.2762047,12.947996,-9.25189,-2.6671073,-16.38856,-21.693611,-4.1970353
-200.5702,173.56259,-60.72837,39.333702,-6.057992,-0.5471321,15.831413,8.82811,-12.766516,3.4539027,-1.6051917,4.534988,-11.675934,-2.7845714,17.308983,-5.4376884,-5.708635,-11.35002,-12.922718,-12.749461
-226.0382,176.10019,-51.21617,34.680996,-5.6398444,-2.6763284,13.163584,2.4944484,-5.332617,9.097254,0.44244385,-1.5827069,-23.180923,-11.720812,8.910418,-2.8408377,2.0200853,-9.75112,-16.86883,-16.825766
-238.9514,169.79468,-47.422543,34.697998,-5.8879147,2.102158,20.118866,3.4262497,2.4594982,7.650896,3.96508,8.700371,-18.064198,-3.6243913,-2.6404595,-8.691299,-0.09958142,-7.9704647,-2.5950215,-6.203541
-184.18542,154.56308,-43.82135,49.459015,-31.983654,20.88506,4.971541,1.1099839,-6.076641,-2.7747693,11.619603,1.1889275,-12.648135,-9.270494,-9.50223,-2.5884411,-0.25043923,-1.1190777,2.0181594,-3.3062952
-178.70552,155.85796,-38.627068,52.39627,-30.438953,31.527136,6.7401476,-3.2170212,-16.238201,-15.747535,3.725896,-4.2074103,-10.952506,-4.033156,-6.736723,2.9449406,3.5111275,0.068639874,1.4146342,-6.4039907
-201.61063,123.601685,-14.742193,46.54142,-25.597061,39.877323,-28.414024,11.028643,-6.5015154,-5.4918003,17.662495,0.69453835,-16.476482,-2.5622625,-9.757714,-1.1378012,0.83826333,-8.490513,-7.8553963,-4.680049
-227.78165,130.67487,-15.2234535,47.036972,-17.820541,32.615738,-20.974705,16.997185,-5.9923773,-11.498483,16.852825,-0.07287431,-7.8701506,2.276893,-7.335415,-6.433792,-8.034607,-11.249968,-8.178143,-9.70535
-249.8392,153.86249,-21.665009,41.783226,-1.0286404,13.203812,-9.59462,9.242342,-9.860866,-11.562112,5.0688686,-1.7658145,-4.7797704,7.258763,-1.5541098,-3.2729247,-8.463179,-10.314769,-13.783627,-14.810176
-268.61127,166.73373,-24.564638,35.480713,9.0361595,7.866208,0.89755464,-4.0765696,-16.760567,-8.170744,10.145734,5.864005,-10.592937,4.387127,-1.5042655,-2.3229423,-5.6734653,-9.614841,-9.866253,-13.887463
-276.8472,167.65741,-20.80238,36.601486,9.937071,3.024286,2.3007965,-9.702048,-15.708891,0.54042435,10.03271,11.769867,-9.189118,2.3258424,-1.5353131,-3.8171353,-5.37604,-10.0396185,-7.9943023,-9.699483
-291.9664,165.7279,-21.551435,33.01402,14.632542,0.13613442,8.870707,4.424664,-13.723419,0.44715965,10.272371,14.203892,-7.145795,2.7950616,3.7167764,-7.35782,-1.4324152,-7.6951065,-13.265705,-12.123524
-292.92044,161.85022,-24.831825,29.198532,15.813978,4.8400235,6.3339014,-0.9440075,-8.521564,8.6789055,9.113902,9.142795,-5.6937532,7.150894,4.935647,-2.4425359,-4.1569066,-4.665253,-10.7341,-12.226359
-280.20163,174.92523,-16.72037,35.503128,9.387085,1.7077541,6.407851,1.5632367,-9.67972,-2.4862652,3.533519,1.3575943,-10.968381,-0.15212241,-0.64703256,-2.3912072,-3.8249903,-5.5295534,-10.829137,-9.639557
-252.33524,183.69955,-17.905796,48.080517,12.295034,3.9307084,3.9568985,-5.6600523,-18.085913,-5.1784024,-7.7200766,-6.62099,-9.600527,-5.827437,-11.54367,-13.631151,1.3507326,-2.7856162,0.26662898,-3.3066585
-158.28381,146.66719,-17.508675,64.149895,-19.68407,30.318924,-14.73064,6.985114,-22.756943,-3.852134,-5.970962,-0.101698965,-11.15143,-11.154903,-6.0371227,-13.624285,-12.937847,-15.716759,-7.8931017,-7.108774
-161.3757,135.6543,-14.434187,49.789925,-34.456573,30.937492,-25.302488,19.284822,-17.341549,-17.289005,-8.68248,-3.9733787,-7.1460934,3.2106972,-11.749277,-17.504002,-11.972694,-19.013493,-5.7779984,-6.0868936
-218.48213,159.0688,-21.591835,40.084343,-15.85643,16.554443,-3.5006025,18.500725,-17.416895,-21.216885,-10.102523,-12.779056,-4.833237,6.320202,-8.015099,-18.654316,-15.03875,-17.080614,-6.166568,-6.6247106
-244.2577,169.08066,-28.899536,32.625134,-3.2461786,-6.8838596,-1.2354085,6.9587655,-24.008251,-18.535957,-10.637854,1.6601013,-4.2158966,3.7485511,-15.12908,-14.49349,-6.884104,-20.840836,-3.4778926,-3.5663137
-271.48053,168.48447,-32.470623,21.167934,4.1981044,-10.188914,-8.341736,1.032189,-20.459322,-13.63636,-6.3959627,-3.0902455,-8.359682,-2.873925,-25.274853,-17.645815,-0.088432014,-13.844631,-5.528926,3.7070785
-292.1574,165.15903,-25.178778,29.512985,10.643381,-7.6474733,1.1249111,0.3691432,-15.770472,-6.246151,-8.960142,-14.566175,-18.486195,-6.291368,-27.355762,-21.280193,3.278329,-2.550465,1.1889579,8.607587
-305.4576,159.31406,-24.377346,25.732388,13.400434,-11.155608,-0.75462,1.3015788,-17.082325,-2.6194832,-9.645639,-13.701912,-19.732185,-6.124815,-11.272068,-8.1414,8.142767,-3.3168092,-7.142359,2.0824633
-311.5168,158.69571,-23.06389,23.23051,7.9661646,-15.970637,-5.6094694,-6.456505,-25.263062,-10.832909,-12.049444,-10.317261,-18.427849,-6.2927494,-10.6431675,-16.027699,-0.8500863,-4.910199,-4.7260633,2.3144832
-315.41766,166.09055,-18.075909,29.042171,11.392611,-14.272631,0.36771312,0.35856235,-21.380892,-14.267429,1.216247,-2.2982457,-14.9151945,-5.047188,-19.981733,-21.39288,-5.1072702,-13.131765,-6.8894835,-0.71737146
-270.2793,158.66493,-38.38446,37.33319,2.1304574,0.41225567,10.458258,4.0755725,-12.487245,-8.682638,0.28018028,-0.24836779,-9.120563,-6.8586264,-7.3548346,-7.9929852,-9.910112,-8.661085,0.20264697,-0.14151531
-196.21982,162.68813,-27.851921,59.79985,-9.999029,23.206152,2.1150584,5.9303045,-16.710407,-11.993849,1.8989356,-5.0629196,-11.320683,-12.455975,-15.889835,-14.545698,-12.140795,-12.091789,1.132545,2.0681362
-219.42264,148.31073,-29.708984,63.206863,-3.4719777,16.978065,-9.022078,17.738934,-13.273528,-16.254087,7.3107567,-5.2006464,-11.868956,-21.46201,-15.769496,-17.081108,-17.511005,-22.630154,3.3127737,5.4648314
-235.68338,117.96127,-18.6459,71.36366,-10.124582,19.062355,-12.238326,9.333626,-12.714613,-24.152882,-7.0315056,5.134722,-19.58639,-19.235329,-13.685875,-11.716068,-12.854799,-16.434887,6.4429245,1.1263567
-261.94647,128.27823,-23.754932,60.80226,-1.8062696,2.8208659,-18.611544,8.327091,-13.574434,-17.778095,-5.956545,-2.2174451,-12.617902,-26.155628,-18.286875,-4.1269116,-11.423424,-22.515469,-1.954319,-3.3030653
-286.76538,129.19211,-15.291872,45.507133,3.9925876,11.547489,-14.221466,9.919449,-8.53903,-8.62883,-3.4337482,6.353967,-10.012205,-18.791649,-18.687695,-13.838178,1.1527386,-14.545393,-4.7268353,1.0055351
-313.97098,140.70111,-12.043436,31.379002,14.867252,15.353041,5.773464,16.24531,-8.985733,-4.8241606,-0.16058564,1.3317736,-10.765446,-12.867439,-23.43147,-12.436385,-0.8168051,-9.215462,-4.2858906,-5.777651
-330.21194,148.2963,-17.989416,26.017979,21.142078,6.450753,4.5324106,12.699037,1.4483244,6.3557754,4.050515,6.216291,-6.748685,-15.990845,-21.224136,-11.626921,-6.993519,-7.1820397,-4.5318503,-4.4980197
-326.3086,149.13892,-20.344227,20.540825,19.204924,7.127207,2.5262485,9.06452,-0.63764536,5.081019,9.568285,8.326373,-15.103821,-19.318108,-17.106487,-7.315727,-6.3953013,-6.6824527,-6.373021,-2.990248
-301.6823,133.16158,-24.83648,31.744259,-1.3718358,9.3855505,-2.8586326,8.850642,-1.5654721,-0.382488,6.648407,4.6821594,-8.125213,-16.964602,-12.9553,-6.6172676,-2.6192617,-12.642704,-13.313314,1.826109
-211.47589,78.592514,-20.248543,59.319237,-40.522415,49.712097,-20.712029,15.092769,-11.771624,1.8912696,13.653494,0.0709424,-2.07863,-4.699938,-6.6484976,-13.751575,-11.65061,-14.26745,-8.94783,-4.968337
-145.27039,103.60783,-35.620514,62.046535,-45.717022,42.70468,-22.83605,10.6709385,-4.999214,6.8645167,11.259312,10.231911,-0.123319924,-9.859835,-9.774359,-3.2291298,-2.9201837,-11.514519,1.419524,4.1587276
-89.860756,92.21225,-39.700424,66.511246,-47.09708,48.341988,-4.2721663,18.315208,-24.651638,14.758498,-12.344881,5.2323494,-6.058859,3.9390247,12.509752,0.9013641,-16.085705,-15.902391,-4.0337706,8.229208
-129.20929,89.60813,-41.328102,91.70442,-27.680304,38.008614,-1.6912575,22.57364,-14.559796,11.885269,-15.949684,11.645676,6.3578997,-10.89542,-0.63623923,-17.57884,-14.776758,-20.61395,-9.419231,6.675402
-158.73328,105.18347,-49.940437,86.28011,-18.002409,30.32108,3.8656116,23.545998,-8.30208,7.178298,-7.093052,9.029602,-2.473126,-14.143721,-4.208681,-27.647034,-15.131893,-22.577269,-6.0240355,12.954523
-191.69455,123.26616,-45.79919,83.31433,-3.7487664,16.271286,-0.43095002,23.108864,-3.848219,0.9046962,-1.7993339,5.727274,-6.1200457,-10.763124,-0.07354957,-25.546936,-18.61108,-25.807537,-8.768456,3.5739594
-204.69809,130.45688,-49.92261,81.79281,-0.9480762,3.2273023,-0.076551974,20.80322,4.7384667,-7.3694115,-9.271027,16.889996,-8.447489,-16.07408,-0.043084502,-28.137653,-21.009912,-18.676485,-3.0337124,3.0673027
-225.70308,139.94519,-40.10208,86.179016,11.084413,2.5014882,1.2680055,8.04915,-6.377303,1.0581617,-0.78638804,15.885632,1.6509517,-12.772775,-10.651054,-26.027029,-9.460985,-21.354923,-9.558578,-0.9813567
-245.05904,148.36972,-27.482548,82.01999,11.380049,5.0976686,8.161479,4.6841636,-2.9728723,-2.8701186,-3.2015855,15.639596,-9.992569,-12.838945,1.7723114,-15.778986,-7.431938,-11.403343,-0.21520254,-3.4858427
-261.6689,147.71896,-19.107452,69.839355,12.5752945,6.461447,5.496019,5.8334827,0.8782366,-8.183451,-9.486935,8.615526,-8.936966,-3.500817,-2.6449966,-7.2194633,-11.6276045,-12.463726,-4.6866274,-9.307962
-274.3015,153.01273,-15.555685,65.67021,15.201513,10.148878,3.8912287,2.0006156,-4.79204,-8.408312,-3.7179263,3.3866115,-2.0516531,-1.0388303,-7.0965853,-7.825152,-9.656442,-13.926848,-3.4211276,-3.7002559
-286.4978,155.48735,-14.020073,52.400665,14.163474,5.3383965,2.5127969,1.2794883,-5.503766,-3.0906072,6.011725,2.2049007,-13.77113,-3.842186,-18.202187,-13.784528,-5.2374725,-11.750221,-5.742935,-4.032028
-283.1901,154.81241,-13.156868,53.049255,14.910406,4.2082677,-3.6568198,-3.3616521,-5.4945574,0.5914074,13.034497,9.051627,-8.909283,-1.9271836,-17.779713,-13.536664,-8.946334,-11.0461235,-6.424392,-5.739342
-249.82703,102.55855,6.3245344,59.163437,-17.286476,40.89022,-30.260155,8.266416,-3.4963102,-7.6611967,22.904518,15.388599,-14.59449,-1.0236071,-19.197514,-12.592672,-13.076115,-17.659332,-5.49224,-8.101719
-257.56223,112.25014,4.6295037,56.322617,-18.093079,34.908672,-28.117973,6.319625,-3.7243216,-8.894869,17.929329,8.237404,-8.720499,-2.9387107,-17.833532,-9.723351,-15.35837,-17.780931,-2.512919,-10.853922
-288.7164,138.10284,-5.1940475,54.158604,5.7273226,9.482934,-18.845259,-0.5261941,-2.6919496,-3.3333206,8.319067,4.0517273,-5.654026,-5.7072525,-17.139044,-13.283559,-15.947649,-17.473652,-7.5415554,-5.270474
-304.91074,142.81075,-8.542057,49.101906,15.768061,0.74614,-11.044091,-5.38732,-10.394222,-6.0383797,-0.9656366,9.235828,-6.048515,-4.4744844,-18.103592,-15.76375,-13.689552,-21.502136,-20.344929,-8.639018
-307.30463,148.83609,-10.238377,44.04883,17.161964,4.071066,-7.686451,-0.862201,-9.024809,-3.8828168,9.067003,3.6520514,-10.3593025,-4.609808,-16.774536,-11.034941,-10.781042,-16.885187,-8.833358,-7.5849705
-313.17932,145.15514,-13.434038,46.355934,20.158993,1.6915787,-3.4903364,1.821507,-10.292725,-3.848096,3.0527253,2.0998347,-8.855556,-2.3445508,-11.344761,-13.516296,-15.672201,-16.627026,-6.5030537,-6.028946
-319.05798,146.688,-17.507027,42.564445,18.004925,3.0822418,-1.779594,-0.022666186,-4.5607553,1.2427812,-1.0812984,3.3260999,-3.7064319,-13.755688,-11.882633,-12.97003,-14.73929,-8.730303,-9.489002,-7.1518307
-273.4081,156.67958,-25.233976,46.714775,7.6802425,-1.9792713,-8.1376295,-0.45940554,-1.2664663,5.354628,-5.321759,3.3024814,3.7759418,-2.2835703,0.4422693,-12.026674,-21.876335,-15.118044,-15.378859,-12.190041
-247.46771,153.92303,-22.061817,45.94126,-9.807731,7.452917,-15.485292,5.225532,1.5918653,1.9440925,2.54369,-3.4562867,6.6646466,-5.4159007,-5.97548,-4.4041567,-14.36997,-12.58408,-16.261675,-7.3051662
-154.49706,116.65138,-14.943808,42.290825,-39.019302,33.14714,-29.473349,7.739809,-22.43294,2.1016724,1.5397156,5.3608046,-7.7287946,-2.1197772,-11.414016,-6.660589,-14.403147,-6.8875713,-12.601556,-5.1523714
-174.61122,132.40082,-35.924133,40.00419,-24.990614,36.141388,-30.243992,0.13320506,-19.411444,-13.598003,2.0373113,-7.011237,-1.5128523,2.821002,-19.873386,-18.246834,-15.666353,-12.795414,-7.944905,-11.276331
-239.15181,145.53171,-36.981777,43.450233,5.129995,25.542994,-27.403221,-2.8483703,-2.8096642,-12.6625805,-3.3397522,-10.968795,5.661365,3.761767,-13.633596,-19.576298,-15.232876,-8.220917,-15.435703,-14.822197
-264.43768,152.97385,-29.905392,49.725784,22.223408,23.844297,-20.818218,-4.8762093,-3.2433999,-9.89309,-12.905456,-23.659924,6.173505,2.4279876,-16.372932,-16.597055,-9.420346,-5.731632,-17.891724,-15.349575
-265.10162,159.63818,-32.06755,40.54567,23.669014,21.853176,-13.293192,-7.146917,-9.253545,-5.2444487,-19.944828,-19.471218,11.461557,-1.9857522,-12.972807,-17.289474,-20.262064,-1.0213735,-16.831635,-16.980877
-273.17035,165.69357,-30.993343,43.06833,32.51624,18.329777,-8.742659,-5.5782022,-11.541983,-4.0365877,-19.34109,-18.313993,13.061905,-2.7558007,-12.005426,-14.391673,-16.943512,-8.751922,-21.925766,-14.481272
-271.9591,158.655,-39.050545,39.839005,29.821136,19.13641,-11.160173,-6.7354245,-3.1946533,-1.8226401,-21.79588,-17.799034,8.207833,-5.3759217,-18.279066,-19.128963,-11.124326,-5.2299576,-18.208004,-13.206519
-301.01575,152.99095,-15.326782,44.84382,23.56238,7.9227953,-10.367302,-2.7833183,-3.8561547,-14.247309,-22.435024,-5.057795,3.6562986,4.5024705,-11.696324,-22.484062,-19.874859,-19.215874,-20.71076,-9.903919
-318.37186,147.65494,-13.343523,34.87287,14.441499,2.9180214,-8.557119,8.291159,6.7155657,-4.519431,-13.010497,-2.843026,2.982366,3.7678676,-10.734446,-23.625856,-19.752342,-12.178087,-14.741741,-9.133907
-309.5845,146.79294,-17.642345,35.586246,8.658038,5.3944216,-3.6343908,2.0868516,4.243146,5.167777,-3.2923145,2.3667915,2.253779,-2.4413774,-8.824292,-13.577019,-13.888119,-12.332563,-10.764427,-3.278563
-275.18033,153.51163,-24.946945,34.69001,3.410369,10.730359,-5.2172947,-10.260383,-6.06834,2.320736,-7.2078037,-1.5316389,-0.8363478,0.098311186,-10.208097,-6.51696,5.0800343,5.1794763,3.5667706,5.1010504
-229.74127,116.77618,1.5678748,53.62699,-18.616772,39.32518,-16.391554,7.7408643,-1.166921,0.6773887,-6.609959,1.6316385,-7.8770976,6.8901625,-6.0721564,-9.354682,3.5212169,5.411771,-2.0999947,-1.7013588
-216.14984,128.60995,-32.25277,43.938343,-9.784819,33.753456,-17.383553,6.120325,-11.209063,-8.303785,1.1989843,-3.469152,-9.8560295,-3.9276037,-5.5018454,-8.554199,-7.974764,-6.213015,3.0226278,4.9010367
-268.35715,157.43777,-25.66285,31.912941,13.046707,17.302261,-13.230074,-0.4252612,-5.0940647,-3.478087,-2.1115654,-7.913741,-9.937943,0.3534968,-7.3197436,-10.210627,-8.696054,-10.849721,-6.6108775,-4.0382867
-286.16074,160.48038,-16.278131,32.225067,17.344631,15.93608,-1.3683469,0.08424997,0.96604276,0.18033051,-5.5616293,-4.16873,-7.005446,2.7093308,-10.447416,-8.547326,-11.812624,-8.334019,-6.6264987,-3.4361832
-263.5735,165.71658,-20.676289,31.996937,1.7715288,8.25982,-4.499069,5.2450743,5.9825153,0.71447486,-5.3132505,-5.4362354,-10.844027,0.048222885,-2.4809096,0.5933693,-0.23140097,-1.461011,-5.053218,-10.391603
-263.08197,172.2351,-22.122833,26.936209,-5.3645763,5.1434526,-0.15913081,-0.83414346,-3.3636518,1.9767663,-0.13277751,-4.4522295,-3.8336987,3.1147118,-6.2279034,3.407176,2.578962,0.62625456,2.0650644,-5.2532597
-274.79636,155.46274,-7.371381,39.296574,-5.1113915,20.618511,-8.115467,-6.1231194,-5.522915,-16.758244,-3.6189458,-10.422091,-5.1130857,9.607903,-8.96533,2.8531246,-6.6886306,-8.415669,-5.199029,-16.994308
-284.48062,153.64816,-2.1929395,38.75621,-8.085452,8.545729,-9.66902,-0.31625462,0.07548164,-8.514957,-2.1481986,-5.9148426,-9.942446,7.9338636,-12.41482,2.3124912,6.763139,-2.89116,-0.6329915,-19.040901
-280.60077,175.34424,-17.72747,34.52543,4.705208,0.99225533,-8.360528,-2.2265697,8.046149,4.089714,-4.8502073,-2.7641053,-0.9727311,-3.7498088,0.122737765,-1.8007853,0.453039,-0.4764608,-8.701399,-12.157508
-107.72981,104.37199,-59.344273,59.783157,-65.189514,21.36861,-3.4061751,6.8470774,-16.657951,19.422197,-16.948957,7.901578,-1.6422312,-7.3218317,13.413174,1.5877342,-2.2616818,-18.757792,-4.9063334,0.5796512
-147.68968,79.288,-35.353333,69.12459,-50.160313,42.408607,-2.7389379,15.859035,-19.85063,12.747618,-12.893339,3.5755277,1.3684978,1.7134576,10.292397,6.0460286,-2.6201644,-17.171307,-4.741164,3.7674303
-178.9295,83.4987,-25.305351,84.480774,-38.168312,41.78901,-0.9168976,14.876666,-15.183058,3.5485673,-22.101683,-6.7982764,6.1837535,-1.3120991,4.4341707,-1.4228178,-3.0399203,-13.777809,-6.5325603,-6.0147142
-220.5095,109.375534,-13.19558,80.84645,-18.998491,29.255314,-10.779636,1.7533127,1.4329093,12.03776,-13.234449,0.24260889,-3.2796805,-9.972065,13.447814,-2.2308283,-3.2479048,-15.831818,-12.226186,-2.7212863
-244.51242,127.40402,-16.701323,70.33794,-2.799172,21.742804,-7.563542,-1.201545,2.1348073,4.914811,-14.120392,1.5704693,-8.896668,-8.014399,8.394031,-10.739694,0.4052173,-9.129187,-14.534467,-7.358965
-256.4675,138.09998,-28.65159,52.984383,-0.027416438,15.2688465,-8.740982,-7.172639,-5.1077785,-7.1116247,-8.585634,8.411208,-2.859799,1.4182924,14.450516,-5.3671765,-7.4667144,-13.442395,-19.907604,-5.8223095
-268.88074,140.83704,-20.629673,55.379467,1.4911798,11.945883,-1.1845992,-4.825202,2.0633402,4.3213444,-7.5580335,6.62782,-4.4866443,3.3912325,8.586508,-8.599716,-7.911511,-18.759697,-19.03984,-6.04451
-285.8701,142.21365,-20.964191,56.066803,10.948714,5.34468,2.9886222,-5.5050707,-8.498186,1.8314778,-2.9206657,8.821686,1.0108002,11.434027,3.7823672,-12.966146,-11.42301,-19.134892,-11.767025,-1.5872413
-296.0128,145.61548,-18.967209,57.99366,21.559483,2.6181161,-1.8338909,-5.3362036,-4.6355686,8.22143,4.376246,5.4982033,-2.855803,12.708155,5.165637,-15.413331,-13.572479,-14.240478,-9.082314,-3.3692274
-291.95966,144.69043,-28.528603,44.165268,6.337532,-3.6748383,-3.7583947,-1.9174329,-0.1552794,5.5902433,-0.44559097,5.739218,1.6755686,2.7916906,-2.041844,-8.627674,-11.4905815,-13.9937,-13.311668,-10.4529505
-274.29123,150.48349,-37.601276,38.207035,6.7763987,3.99036,-1.9943655,-5.657942,-2.9909706,3.466146,5.4862037,17.568928,8.081979,5.747512,-2.1350212,-17.375498,-19.524727,-6.1862607,-2.0791059,1.3143787
-195.83487,162.4866,-57.00483,37.08453,-23.049786,1.4497788,1.2283735,-7.4778023,-12.097262,5.780175,3.2156482,7.959672,9.27507,-3.644991,-3.9293215,-2.6263745,-11.346547,-5.0159655,-0.8767929,-2.8277779
-161.20935,169.3951,-44.27822,46.609283,-27.42627,22.033688,6.8967714,-4.5779924,-27.672909,-2.2492821,-4.3649096,-9.479149,1.5841688,-5.837179,-4.4562654,-7.4739456,-15.531578,-6.1629567,-0.085309684,-7.523636
-213.8107,134.31816,-10.152378,39.66932,-24.645931,46.36132,-17.430588,13.699855,0.006970763,-5.929123,15.188589,7.5893574,8.187632,15.543191,-1.7011591,0.08539522,-8.524338,-1.4416951,-9.056717,-12.846524
-246.56279,125.08993,-8.034435,35.844536,-24.084,37.282806,-22.664238,13.122677,5.655482,-5.418295,13.783695,4.2665625,3.0408885,10.061783,-3.2745667,-0.8883203,-6.7769375,-4.91527,-7.125021,-9.356998
-273.1009,142.10028,-16.975838,28.788795,-8.105737,19.857372,-14.954715,12.652454,8.797695,-0.7948424,10.838055,6.0928965,5.8452053,11.914358,0.4848491,-9.97765,-13.049574,-3.6899884,-5.0957327,-2.3710175
-278.07486,153.92632,-25.894192,25.547121,-4.0640993,4.4503193,-4.8252277,14.852079,11.702633,7.6253285,12.695861,9.261637,2.6115828,10.583065,-3.346641,-12.456162,-11.8926735,-3.4011307,4.4468017,0.03392148
-303.90176,151.38605,-14.094692,28.840792,1.6186713,-1.5548422,-1.0310581,14.129765,12.456598,5.3471966,8.110523,15.779383,0.3736179,9.078254,-8.238106,-9.257343,-6.718442,-4.466435,2.9004915,-1.2871566
-313.27573,148.77652,-17.391459,33.646164,12.729168,-4.874797,-4.1095657,11.485302,3.7675834,15.928008,15.167765,15.857267,6.720244,5.584841,-8.320178,-12.082403,-2.7004375,-3.0156384,3.2651892,-2.5529957
-318.4428,149.46915,-19.408035,36.45018,21.745255,-3.76862,-7.019208,12.167225,1.6505213,21.13381,11.592324,6.436421,17.4525,5.6132536,-1.3673055,-13.324469,-12.383539,-5.162889,-5.8054037,-2.2674775
-319.23422,157.09042,-13.301157,29.504835,14.823538,-2.0476274,2.853382,14.316435,-0.9029675,17.146252,4.8082113,3.936216,19.85671,9.383497,-0.7873924,-10.471191,-11.079316,-3.5711217,-9.875099,-7.6005006
-180.61842,139.91238,-11.433178,65.04844,-20.144436,26.871695,-16.114998,19.95631,-7.8869305,6.410487,-8.578455,-13.42408,-4.050434,-13.267302,-12.993237,-17.490376,-10.173649,-5.6831584,-6.131251,-5.676736
-142.44421,137.86584,-12.85366,62.228104,-24.683935,43.80477,-20.854275,17.640778,-10.4604435,-0.36275005,2.770387,0.7329711,-11.081148,-5.0367346,-13.80327,-10.623719,-13.872709,-18.674122,-12.270245,-2.3762689
-215.71011,160.09967,-20.554592,54.305244,0.28068662,23.085419,-11.077105,8.800373,-9.153072,-11.216439,-2.9674563,-14.674246,-14.653552,-9.119838,-15.882437,-12.095221,-7.242361,-12.548795,-9.761017,6.6100636
-219.16214,167.6813,-43.397423,44.814404,-1.7823441,3.6189067,5.4966893,8.922225,-10.495026,-2.3260927,12.580168,-4.8221474,-24.651024,-5.5042334,-20.174885,-26.115273,-4.170692,-2.8425808,5.6915383,16.6363
-220.5749,158.77124,-54.31989,47.05738,-0.9504949,10.412788,22.973122,-4.4855404,-18.055256,2.0165534,9.796782,3.9785316,-20.96267,-5.187048,-28.989944,-37.70272,-3.1089556,9.705496,18.256283,26.428045
-237.85014,151.74252,-55.221222,52.87678,8.802717,10.602789,21.30309,-14.846352,-22.28959,2.8278968,12.025198,16.668854,-12.352758,-5.34795,-30.871708,-46.48312,1.1896641,21.447811,25.03566,27.696495
-257.82626,148.00769,-43.191734,47.414684,-1.5592813,1.8817067,25.774881,-2.3516994,-19.688246,6.7148438,6.0417414,3.0095572,-11.473579,4.2163258,-28.676966,-43.9647,6.874465,22.796432,24.905933,23.198368
-274.9049,155.34628,-28.3914,41.746876,-4.457304,1.7830799,24.666046,-3.3296695,-12.621355,8.117634,1.246032,0.46297586,-5.560363,5.7381334,-36.55085,-41.893917,14.019115,24.808704,23.384495,24.253227
-289.49686,168.34149,-25.671963,34.103935,13.10881,1.4251157,23.81582,5.0342526,-21.304646,-3.3799558,-5.762325,-12.787695,-5.619212,6.726565,-27.636314,-18.21126,21.51009,20.216223,19.547543,16.670143
-271.84427,166.57417,-45.37995,26.794329,15.1059475,-4.7397075,16.214607,12.122917,-15.369118,3.304864,-2.2848465,-8.926977,-9.833914,-5.1529636,-19.02575,-10.472306,14.773567,10.015894,8.976604,17.250149
-215.31717,187.74872,-21.446598,53.19552,-0.5888641,3.987112,4.3066206,9.930351,-11.102671,-3.0559046,-5.9119678,-12.89278,0.44298416,-4.1632037,-13.72372,-16.25642,-4.5304403,2.1954691,12.150362,8.092875
-238.85332,193.20682,-14.089722,47.440132,-0.12315732,1.0235623,6.423067,6.8042984,-3.6266503,-1.3219414,-7.3498793,-12.005712,-5.6117134,-4.0305405,-12.44187,-20.09225,-10.389532,-7.21966,6.6479387,5.9870634
-240.50041,141.61868,3.8436644,52.68215,-23.994606,36.53032,-9.412142,8.395344,4.864714,-18.10255,0.52645254,-7.0502596,-24.173107,0.4428699,-20.010988,-21.577797,6.4915385,0.94039303,-2.0441809,7.6675487
-244.17552,134.626,-6.959399,48.74843,-23.850327,27.571716,-14.378006,15.159292,10.376592,-13.9402275,1.176105,-17.85833,-26.739021,-1.9724196,-15.048437,-6.15671,2.404727,-6.657685,-3.7774692,11.842768
-272.52307,157.81616,-24.175877,31.936491,1.4485528,7.504368,-6.0729294,12.106501,0.12297514,-8.818319,-0.5422328,-7.8377724,-14.6093025,-2.783074,-5.928251,-0.353646,13.071215,3.4163976,-1.8854353,7.104559
-273.5249,170.48729,-29.091274,23.15475,8.731043,9.170306,8.646793,9.221863,-8.990616,-6.1257563,-4.4293423,-11.606909,-16.10524,-2.2533307,-13.119164,-10.38652,15.259858,8.766487,-0.19761759,8.167138
-291.97824,172.79105,-17.713219,23.530869,11.613527,2.3307085,11.6488085,12.7087,-13.107485,-4.2588234,-6.1977882,-14.952226,-7.740402,8.772241,-12.763088,-7.469634,15.944588,7.2610054,6.5964584,9.973084
-295.7689,171.7766,-14.097184,30.1553,14.316595,0.80090135,17.715076,9.815768,-21.18668,1.5674937,-5.1277246,-16.14133,-10.191278,8.322388,-11.111739,-9.638684,16.864758,8.758957,9.489433,6.0734453
-287.61356,171.73834,-28.24749,28.644165,11.362585,-4.2399225,12.758505,7.147043,-16.798134,1.5367177,-0.9630116,-17.929417,-16.077612,2.8133705,-1.7418973,3.7672987,14.665475,3.271728,11.588442,10.0518
-263.2216,162.11737,-48.153706,33.94393,16.780602,2.5581768,11.827358,7.275547,-13.995304,0.22001252,0.062191248,-9.4299965,-10.944023,-1.667377,-1.699467,7.718248,18.896107,10.242935,2.8256006,1.5365232
-197.15959,171.87775,-49.32052,33.703392,-5.8251314,11.914927,-7.733795,10.067993,1.6793911,10.806175,-2.4365711,-6.0490284,6.2750306,-5.3187284,0.7945865,-1.7088934,5.4999695,13.091293,2.8493843,-0.1598464
-121.10518,92.25597,-35.91515,72.33554,-50.394424,40.234535,2.0692027,14.300718,-11.788828,19.853191,-14.496147,9.168457,-1.5288765,2.4267347,11.994059,13.33231,5.8215456,-10.632957,1.604875,8.129633
-101.807945,82.04614,-43.634598,83.86968,-34.53527,40.068344,-14.507103,23.041004,-11.584488,15.063412,-17.150072,5.3560677,-3.3228145,0.60856867,11.649031,13.52936,4.661602,-9.503538,1.8572531,9.190153
-146.88182,91.65176,-57.06437,99.64513,-10.025549,25.87785,-6.729205,29.809029,-7.137827,3.372059,-20.424862,4.725826,3.448347,-11.344328,16.778967,0.55700433,10.084175,-2.0561247,4.186614,7.4569426
-188.23718,101.89623,-53.21628,93.16385,-6.7928066,19.393501,-1.0151423,25.7406,-4.457526,-1.3600707,-9.306917,-2.0423725,-9.105289,-13.111174,22.709284,4.4002857,9.770645,-0.46824858,4.3888206,6.7237263
-214.04427,116.053604,-47.77885,94.318794,1.3621039,8.754469,5.5586267,19.84182,0.33160174,-6.199301,-17.010466,-4.4348154,-13.403464,-10.057361,23.967422,4.2208667,3.9968572,5.0980406,13.350031,2.2873116
-233.7893,122.16489,-46.64425,88.60739,7.914236,2.8486395,17.155178,18.55282,-3.8043222,-2.875667,-14.290695,-2.5141723,-17.828764,-9.92649,23.725515,13.223042,10.556932,1.9658315,9.174527,0.7149285
-246.48428,130.21213,-38.04374,87.50924,8.608779,-9.152441,9.659526,24.784912,4.9653077,-4.2955236,-12.887677,-5.477401,-17.235313,-2.4159772,21.416414,8.022631,13.780374,6.608527,6.2953215,-4.269636
-253.86255,135.96405,-38.01288,70.119995,10.73498,-2.210991,14.366437,24.913364,5.254446,-0.2721386,-7.13712,1.9370788,-19.836845,-4.5566425,21.322525,11.837124,9.244453,-0.6468582,7.3869534,1.084698
-272.66132,144.4205,-33.140873,60.40293,13.632726,1.6448205,17.084225,28.26643,6.876631,-2.4970045,-5.2768555,-1.9719634,-16.194237,-2.8169377,18.872108,9.850768,7.5296745,-1.2299879,8.351152,0.37488985
-275.49362,148.9833,-31.381454,57.747845,17.795063,2.4752407,1.9478154,17.554722,8.0920315,3.0251217,1.6045786,-4.5901413,-11.654311,-1.2374905,17.572266,11.999214,2.1147866,-1.0774429,7.4268312,-2.112232
-280.01822,139.41519,-28.068844,56.804634,3.9056442,-2.7203813,2.9085102,19.23066,9.077625,1.9682506,3.2099776,-0.26415175,-17.08736,-8.309273,11.225628,8.603006,-8.778723,-8.072525,5.4634614,-1.2568651
-243.50989,91.19532,-3.0350928,62.52151,-21.079412,32.12242,-25.841156,25.98043,7.1579304,-1.6235557,-0.6647118,-10.591497,-23.110077,7.4206567,11.000329,9.642961,-9.961048,-12.466563,6.1141605,-1.4180841
-250.20935,83.65181,-10.4252405,64.88425,-15.431759,31.703455,-19.55664,25.500443,9.322865,3.07854,0.60911906,-8.773809,-26.44373,4.004123,6.0974836,9.783624,-1.7327358,-10.63393,0.19987676,-3.0265691
-282.68835,120.75073,-12.5186,51.301926,-4.6029825,15.195047,-10.094932,25.722572,-1.9426625,-9.352766,0.07491084,-15.074357,-15.637644,-4.5506463,6.816705,12.957199,-0.72440076,-5.4023123,4.854348,-1.5725505
-299.04172,135.2644,-24.297817,45.3199,16.962505,3.8202748,5.3170786,23.89709,-0.29173666,-10.513274,-8.912744,-8.103975,-16.439896,-1.6467428,4.454709,11.484224,2.4495082,2.5352607,4.0024023,-5.1878357
-308.7256,134.90482,-27.474499,39.2985,18.775837,8.05354,5.379242,8.778459,-2.5714927,-0.83822846,-2.6118865,-11.3163395,-20.978468,-0.9607061,1.9799216,-0.0608363,-9.709097,3.4471745,8.533089,-3.2551274
-303.1391,132.58969,-34.311546,40.545517,20.62888,10.129221,9.828371,6.945417,-10.801271,1.3053088,-0.16855681,-4.876347,-14.55825,-5.532325,0.0038886666,-1.0876564,-10.056175,1.4937245,8.686173,-1.7315605
-317.98322,138.72025,-24.887218,40.54286,13.220974,-1.4595261,10.678218,21.892992,3.2633324,1.7118068,-0.6749536,-5.9057264,-11.599421,-4.696602,3.469907,2.944086,-8.685398,-4.2583823,10.005832,-1.2653885
-308.64325,135.66217,-32.237473,40.942394,11.031086,-0.7274709,8.967001,10.10442,0.51806647,1.3123573,-6.885723,-8.155102,-19.247078,0.8647086,10.435965,2.791902,-1.812708,-0.7626498,3.1311371,-6.3821764
-225.13194,151.98615,-50.84298,39.110764,-15.375494,-14.046149,-5.7715645,-4.5461245,-6.750396,0.8072497,0.5380101,13.311846,3.7308495,14.265712,6.999357,-0.5522381,-5.5889626,-6.6160893,-2.812552,-9.688135
-159.1174,149.88933,-41.055725,39.142735,-37.28871,15.447699,-21.660542,3.7865136,-10.93948,-5.6525307,-0.29675227,-0.21608993,-0.92303973,1.8155632,-1.6548092,4.2979765,0.2562759,4.1879997,3.3855798,-5.4651966
-133.65833,122.38374,-20.480028,42.388496,-43.303078,42.34086,-30.036064,10.555265,-29.59835,-11.655968,1.2055368,3.635081,-2.8835752,7.02944,2.5951571,9.728601,-8.796587,-2.5299966,1.6438705,-5.173304
-218.37605,141.4013,-28.71367,39.307037,-13.328072,8.587371,-29.212257,4.816424,-20.139017,-11.674489,-1.7444973,-1.008064,-1.5540811,-1.7139094,-6.41413,1.6390331,-5.4999423,-12.24863,-7.0636244,-15.166203
-267.6198,150.86098,-28.749535,39.006233,2.62784,-3.7851758,-14.598744,-3.309375,-10.597802,-3.1518714,-2.3644195,-6.14368,-6.434252,11.894004,7.9552073,1.445416,-6.978828,-7.1674776,-8.893352,-18.510782
-279.1422,152.30548,-33.764202,33.56685,13.864025,2.8717587,-9.120814,0.12031174,-9.822902,-3.780383,1.4472828,-6.8638515,-16.674461,7.151066,13.369786,1.2032161,-5.888012,-0.76371956,-2.420423,-11.379228
-286.34537,153.60928,-36.893524,37.425217,19.961468,1.8274937,-3.819736,4.122223,-17.086853,-7.0439177,-3.8033786,-7.815709,-1.3256835,8.626678,20.97715,3.81679,-15.120359,-4.3480096,-2.1043282,-15.217756
-289.59323,148.25714,-35.89953,33.16847,9.484136,3.3137329,4.2584143,3.8754258,-11.680569,-7.615212,0.05541396,-1.494371,-13.188139,4.5831027,15.519457,5.7404876,-8.066977,-5.260129,-2.0291984,-6.4297266
-255.46295,110.66362,-28.04628,52.38792,-16.020657,30.207703,-13.625046,5.7899895,6.2142615,-2.1162763,-3.0580485,-0.92473185,-1.5217116,3.276907,14.907663,4.3174925,0.041368604,-3.2447717,-5.4954877,-7.7899065
-238.12032,79.80383,-22.16863,51.644257,-33.475914,38.360497,-26.007072,7.415043,5.717988,2.947539,-11.2386875,2.5162842,1.965851,2.64665,5.2782154,-7.597248,-0.8242899,-0.09146774,-4.2029366,-6.597275
-218.39146,59.69363,-17.104374,58.88591,-46.402855,46.480377,-24.016323,10.796789,2.9046218,10.096754,-3.7485075,4.062134,-2.3718157,7.2663307,7.7393847,-2.0342517,-1.0266906,-1.8267184,-3.3945394,-3.44953
-218.5596,54.16751,-11.337139,60.807487,-48.528946,49.31285,-28.648434,17.704935,0.624138,6.437088,1.2932789,-3.4765754,-12.895233,2.5214381,11.015692,6.101257,-4.0984726,-14.117895,-5.940345,-4.4644375
-179.78651,79.83967,-5.219042,60.894825,-36.024086,67.274765,-24.72142,26.4808,3.1328793,2.0283313,-2.893618,-3.4782734,-10.446308,-2.975498,-1.3446126,3.710248,-2.2258773,-6.4849577,-6.8316193,-11.015644
-198.54,90.31715,-4.90072,58.643494,-35.74495,55.763527,-26.15333,15.156996,7.1331506,14.740049,-2.3238378,-7.7317286,-16.624321,-2.9074163,3.8741088,-9.85688,0.2681375,-3.1859117,-4.7293057,-3.8499246
-171.95168,134.69104,-38.917236,53.78563,-31.075659,24.676777,-17.82132,4.3502665,-12.608492,21.046366,17.27047,-20.251577,-24.888264,-6.9536934,-3.203002,-14.442741,0.06299332,9.741546,21.838692,2.5714793
-189.16534,135.8099,-65.852844,48.03868,-14.559048,23.538214,9.319279,2.5119128,-12.237688,15.640261,3.6379027,-17.87685,-28.176865,-8.95101,-7.1579347,-21.024181,5.685693,18.442389,18.320868,3.6804664
-199.44345,134.5341,-69.130554,49.700104,-8.095574,25.476257,9.005433,-14.226899,-14.055786,11.172642,2.9761145,-12.036614,-25.866238,-1.3126905,-6.0088353,-19.731438,1.4200389,6.6088295,15.054947,15.789589
-203.6945,143.54805,-64.780945,43.975304,-14.312688,24.015263,10.943232,-21.147522,-18.752628,17.007582,9.396349,-11.688379,-20.467869,-0.9803702,-8.924381,-18.139896,1.2358805,9.417086,13.494564,7.831468
-229.12408,144.68251,-55.955276,46.175915,-11.302274,21.920557,19.924505,-15.740757,-21.138971,15.456419,8.988771,-16.616894,-21.160334,-2.657712,-3.0711303,-13.124105,7.2727356,15.3921385,12.713462,4.42324
-245.24611,155.27087,-51.59939,39.05443,-1.6841695,16.183928,14.588692,-5.251001,-15.996819,7.416124,2.9140077,-27.342518,-18.655323,-9.307623,-9.654715,-4.450033,5.943947,15.132907,13.4030905,10.000286
-256.11194,153.42644,-40.63471,37.770042,-1.7955775,14.60292,3.52616,2.6551847,-0.8327117,-4.939026,-9.051762,-27.012413,-20.303596,-1.4265687,-4.7997785,-2.3384552,6.3739486,6.7135863,14.091195,16.840595
-213.68472,164.95895,-48.562263,37.611305,-21.19174,-2.3568218,-2.878371,-1.2589226,-8.670107,-4.488636,3.621092,-9.877071,-18.002628,-6.2867746,-0.25359797,3.9269898,-2.9957714,-4.7309737,12.039471,12.816198
-169.92262,145.30498,-57.980453,45.77832,-17.261372,25.004177,-2.2181847,13.902171,-9.562442,-9.227037,-10.783993,-10.265863,-15.6177635,-9.931719,12.598494,11.196596,-3.988972,-8.542116,8.24106,7.4054756
-130.33081,85.40357,-23.285707,82.95508,-42.539215,51.738102,4.753047,22.296284,-19.849224,19.211365,-18.030346,-4.917235,-6.2169037,-1.2186692,2.039207,-8.1408615,4.765205,-1.3654418,12.422331,9.425835
-150.51697,110.56616,-32.678257,73.107574,-46.13025,38.53312,14.6989155,16.653214,-20.718445,28.780428,-9.051452,-8.692739,-16.118086,-24.082216,8.086292,-10.0061865,9.733376,2.478012,12.697749,11.134651
-159.74797,125.5901,-51.42105,59.1718,-32.413857,34.936966,19.055952,20.933117,-15.83248,29.42273,1.1680253,-11.806807,-19.995274,-27.074085,10.388677,-11.414576,14.041746,12.619075,16.895702,11.888485
-176.64503,134.75189,-60.87205,45.727203,-25.672192,34.533577,20.269768,13.758573,-10.242753,14.656677,2.459904,-14.732609,-24.299622,-22.115705,-3.2937427,-6.88509,15.312622,9.24078,22.452354,17.599974
-192.08386,135.72954,-68.40437,50.52661,-15.228365,31.158108,22.214352,3.9810717,-10.610732,13.807432,0.43089974,-12.69431,-20.27013,-20.18474,-2.075347,-6.591408,10.29543,14.310558,30.558304,20.447206
-196.59868,150.92526,-62.707943,43.305786,-19.389435,22.203953,30.03952,3.5120883,-19.333693,7.895764,5.661158,-9.424462,-16.20007,-14.732562,-8.781738,-4.725212,4.685511,10.993284,27.980165,12.56813
-209.86902,159.1741,-68.45846,38.426483,-13.978706,16.102465,32.82056,4.108822,-19.648312,4.345911,15.846709,-6.998918,-22.331089,-9.506515,-3.237877,-11.123243,-2.6363482,5.9079733,24.192251,14.019506
-216.83899,166.98633,-62.912582,29.423752,-5.427599,12.55463,23.933128,11.696331,-17.577782,6.8914332,15.8144865,-3.4041178,-15.266974,-11.2612705,-6.2771454,-8.974579,-6.7983465,3.7781692,17.952087,10.636633
-228.73347,172.56552,-57.0143,26.496614,-4.542194,13.637431,23.457874,7.9333963,-9.939072,2.8667438,14.551229,0.6264901,-17.353193,-8.544765,-3.9985619,-4.280001,-5.464023,2.1232903,13.310173,5.1829376
-197.28978,174.33597,-54.189842,36.44831,-19.243893,5.1099515,1.7970864,-6.650262,-7.068001,-0.9295356,8.5777025,13.338148,-3.5388775,-7.229082,-4.3092737,0.15268272,0.04955566,-10.200107,6.3112435,6.961891
-137.05238,151.68068,-40.434082,45.077534,-30.693525,31.015348,0.6816045,3.484118,-32.928574,-4.4655933,-2.6874008,-1.0210794,-6.3700724,-1.5533059,-4.828154,-3.3204765,-11.023647,-13.324051,0.59322286,-3.7528658
-190.53604,141.0657,-24.76025,35.408974,-29.292227,39.9598,-12.814938,6.733657,-14.279247,3.2634974,13.485597,0.08146846,-3.68966,-0.08689773,-3.760801,0.49278164,1.9356973,-3.4101148,3.0672405,-2.0579348
-230.1182,157.08125,-42.77569,31.615261,-6.1092205,21.717754,5.6922154,6.1662054,-1.5926301,6.760069,7.5197477,-1.1787694,-6.8129754,-2.5602014,-0.6793432,8.40663,-1.0491827,-1.5618733,15.579703,6.3447504
-252.92772,156.10123,-44.735023,31.23471,6.9214525,14.473009,5.0816565,0.8470173,0.85865146,12.495745,10.508147,4.620231,-7.0101857,2.9064984,0.8418906,1.3762776,4.043925,10.137448,15.772105,4.2671666
-257.88782,164.5864,-47.59471,19.010946,4.6432133,15.023263,10.994057,0.44593275,-3.0160441,14.00674,17.424723,5.02655,-4.0237117,6.775629,-0.4243799,-2.1911738,2.013851,9.176594,11.13102,-0.19270015
-270.98416,162.85464,-42.15013,23.264843,10.772657,14.080651,13.451576,2.540603,-10.9918375,6.815546,16.585438,6.3738956,-6.880556,1.7035997,8.67042,8.722235,1.0526776,-0.4458043,7.277669,3.5436285
-273.53473,162.1383,-44.946415,18.753796,8.58407,18.409924,24.572338,8.3733425,-8.408035,10.885441,15.1129875,1.3340983,-7.1506276,1.1060278,2.1046424,3.9795072,2.4937522,4.9530587,10.992741,6.24866
-286.9509,155.87051,-43.044285,18.33258,14.854013,22.734182,24.361053,7.328865,-0.8664012,13.100354,7.7941628,-2.8248115,-14.388163,1.7198492,-3.5977948,-2.8310204,2.5400898,6.044034,15.450234,8.860499
-278.22495,154.04422,-47.233612,18.160778,13.3532915,14.818731,9.946987,12.531499,11.782635,21.331818,5.2237253,-6.9673567,-12.256258,2.8627288,6.176279,0.44547063,-4.9629974,-1.7742722,11.38352,11.094431
-186.45361,98.85193,-8.974363,53.13744,-21.023228,62.4217,-12.291578,19.834068,-7.459747,-0.20702797,-1.7292238,-8.102077,-25.76192,-6.519212,-14.484543,-1.5995216,-17.34312,-12.983078,0.72733873,4.4507194
-153.12886,130.47159,-17.372112,62.370007,-28.556927,39.47156,-2.5523124,17.056755,-24.856363,1.7290099,5.539593,-11.960762,-22.253372,-3.8063083,-5.902968,0.5405757,-13.695966,-16.549734,-2.5050082,-0.104579
-198.0198,153.37317,-29.95121,51.884647,-12.239899,22.756165,-2.845127,12.5348425,-19.144861,-10.5648775,-5.750474,-16.13388,-13.689716,-10.754961,-4.58391,-2.3450403,-7.248059,-13.357771,0.24456668,13.28907
-225.94215,165.67128,-30.5276,44.30507,1.7338248,21.31456,9.038562,13.846081,-10.836697,-3.4298396,-5.710973,-9.394753,-5.251998,-9.855083,-7.6528416,-16.818674,-15.125068,-11.834557,12.455774,23.824299
-243.01335,170.55267,-22.236074,33.136734,5.8510466,23.37238,7.249509,10.108936,-21.865421,-17.036858,-4.4702234,-0.4600113,-3.7138243,-12.221738,-10.015808,-6.1152315,-8.699802,-9.995169,6.605131,21.979298
-262.0556,167.98781,-25.2191,28.119556,7.680166,24.386078,6.922106,4.6178627,-18.857079,-6.032405,7.117017,-7.277905,-9.540058,-11.114513,-9.300325,-5.3129377,-11.537434,-1.976345,10.630362,14.643557
-274.10434,164.76122,-27.31997,27.301846,18.157526,23.922386,6.2339096,4.4341197,-19.94683,-0.10384238,4.5292397,-8.147803,-6.3974853,-15.458354,-19.33291,-9.96799,-1.5044537,4.869356,8.892263,15.235189
-270.8809,159.74548,-35.032806,24.322527,24.618183,28.70604,9.000501,7.083598,-21.060156,5.172545,10.102635,-5.2760363,-12.295042,-24.591953,-21.016075,-9.103502,0.38037658,7.6285734,9.250235,18.21074
-274.2307,162.9552,-48.265175,11.575893,22.168697,23.681246,10.416437,4.299262,-18.9458,3.1370435,0.4097079,-15.844792,-11.769966,-19.59422,-18.447962,-4.8927126,0.7456701,6.112645,12.902843,23.007671
-275.5221,155.64896,-48.884808,17.080456,19.2226,12.008514,6.0019073,-8.775202,-25.101803,4.3842425,-4.219208,-15.508173,-15.593542,-5.8394613,-15.332319,-8.00045,2.7083106,-2.3864708,8.464945,27.246153
-234.71228,168.72751,-41.6792,41.61577,16.121025,20.27102,1.3977932,-2.4966612,-18.48021,-8.434439,-9.029583,-18.668457,-9.217424,-9.013507,-14.394436,-10.385506,-0.6301254,-3.0563369,-3.1861608,6.8522077
-151.94333,166.50575,-36.543297,57.670254,-9.733412,28.826025,-9.63492,1.9149185,-13.636915,0.14606678,8.767748,-10.590298,-14.776013,6.659811,-7.6017056,-15.57455,-6.254938,-3.1625803,2.9699898,2.2670765
-169.73979,154.04858,-49.755127,51.132645,-14.017082,30.503181,-2.3769877,-4.6532726,-16.565624,1.8846619,-2.190328,-13.814065,-13.562906,2.019423,-3.5501137,-16.62157,-2.620352,-1.8843642,-2.2895637,0.60419846
-190.03656,157.77307,-55.97879,51.505234,-4.7639637,24.532127,11.043514,-13.517998,-13.719765,8.3808975,-6.987278,-13.448956,-21.602476,6.523079,0.25471976,-18.90834,0.78944135,-2.0231893,2.200419,-1.9775956
-208.5882,149.00555,-61.823708,51.022167,-1.4371201,22.450277,8.981808,-19.421509,-14.918316,0.59975624,-8.291796,-16.026875,-33.522762,1.8973219,0.75828457,-18.493294,5.7546697,-2.793347,4.421438,7.877819
-215.48308,144.49332,-57.465107,58.967163,-3.7707489,11.756107,7.441336,-24.387173,-12.658115,0.23425049,-13.031437,-5.373262,-28.23582,6.788055,-1.5101806,-25.508259,0.8244667,-5.05044,7.882284,13.524304
-244.86667,141.3707,-33.974876,66.4316,8.3776455,9.890551,-1.6776724,-13.020242,-6.3995624,4.7671165,0.35692358,-1.7500076,-25.427237,0.76165897,-7.97371,-22.197414,-2.2534962,-6.9911294,2.2172494,12.070965
-289.0616,157.49872,-26.682503,37.57583,15.930538,20.522043,3.4707804,-1.5280429,6.2933445,5.139406,-1.188472,-10.207607,-14.834581,-7.5770845,-8.273314,-6.9442596,-5.21078,-10.111864,-1.9893976,12.395687
-298.35245,155.15234,-25.438961,32.64616,13.684881,22.707378,18.989737,-3.4075775,-4.7224007,7.0172596,0.3820027,-10.811346,-17.723146,1.5056905,-4.3896637,-7.753995,1.305909,-4.3419857,-5.232877,4.0748672
-288.7178,150.2564,-27.522865,39.728233,13.488529,21.730099,17.506124,-1.9127369,0.25046614,6.4453926,-4.647092,-7.091408,-12.883156,0.94948363,-0.963747,3.3802009,6.436261,-7.8161707,-3.9725938,10.654943
-180.45149,116.87334,-36.173355,64.261665,-41.969826,13.67778,-19.047571,13.827926,-1.429195,23.030933,12.600531,-2.93552,2.5824134,-8.370005,-2.5403275,3.7528358,12.541224,-6.8614473,-5.031601,1.4991901
-123.24143,67.55107,-31.911095,88.69258,-47.96215,36.15817,0.7364509,25.739258,-5.0495954,41.653053,0.6612298,15.40317,-6.456792,-0.35887298,3.8112137,-4.41145,-2.141571,-12.245085,1.2138735,4.4749665
-103.17746,103.65811,-49.256096,74.89668,-36.56912,43.739716,-0.5410539,19.329576,-13.17923,23.900785,-6.103903,7.6043,0.25971466,0.0035995543,19.37563,3.7520108,-2.8056,-13.941345,0.70441675,8.3385315
-143.1496,96.00305,-43.448814,96.989716,-18.794731,30.41121,-6.277186,23.477095,-12.85759,7.699298,-17.503548,11.7127495,1.0401088,-7.736541,23.373178,2.6378198,9.3370695,-10.791189,9.252746,18.615948
-174.07768,117.845695,-46.26114,90.882065,-1.8023927,20.500484,-10.504765,18.263376,-3.3352792,4.725418,-9.7390995,7.7010736,-0.5854153,-14.071702,18.618906,8.229069,12.257386,-1.3566545,13.437458,14.36337
-211.10684,130.61792,-42.88507,91.74269,10.89216,9.893969,-2.0054944,12.772564,-3.837723,-0.6452315,-4.7470107,10.89636,-4.483941,-12.435468,20.805843,4.977541,9.461182,-2.1919603,15.5565405,14.497815
-232.09209,141.27844,-38.661636,84.788475,12.087045,12.451976,20.132545,13.208904,-5.613246,-5.000782,-6.4734764,13.139786,-0.8230972,-12.542482,18.26461,12.543442,4.512705,-2.2327337,15.46261,12.613717
-247.63261,134.71123,-36.799446,91.465,22.772196,8.719341,18.188293,1.1929468,-11.687923,-5.541667,-10.723839,18.508753,2.579886,-8.375183,9.5643635,5.8584247,1.8492086,-2.806973,20.12844,17.694073
-252.74005,143.46762,-26.781189,85.50451,15.707251,2.4753733,9.868181,7.862195,0.750247,1.3834155,-2.9949188,15.293611,-3.945263,-7.622446,11.142815,1.8516996,3.0305648,-4.120005,14.474015,19.16415
-265.00925,145.14233,-30.854134,67.79465,12.22409,6.0067706,11.330086,10.846849,7.9683466,7.8043456,8.745344,18.880161,-6.6322193,-15.417222,3.1419454,3.0682316,2.1600528,-3.7209501,8.789885,13.920273
-279.39984,151.93198,-25.60775,62.752205,17.557402,7.66953,9.78502,5.344138,10.990797,15.8834505,13.690083,13.843327,-10.215038,-14.786139,4.6787663,10.310721,5.0298805,-1.8346703,7.27907,8.865424
-255.861,144.61317,-11.165031,71.09421,11.163572,23.626623,-2.7369223,6.643664,1.6900077,5.297702,11.509989,1.4278227,-9.733585,-3.1143777,1.8250132,2.5649931,-2.2614238,-0.64916384,5.96774,-1.2271568
-217.11864,106.064514,0.40403652,67.82265,-9.697807,50.281704,-18.250896,19.071144,5.540233,-3.5297723,6.9194975,8.003849,-13.352141,9.643259,-7.8363347,-4.713565,-10.614588,-10.534046,5.972337,11.852526
-230.82617,117.148895,-2.0155513,67.41273,-6.093318,33.87892,-21.251005,23.431133,10.469713,8.73566,13.167002,1.5242178,-7.772869,2.424851,-8.032174,-3.3190722,-12.876043,-6.948159,9.73025,0.0072948337
-260.36392,149.58246,-9.665985,58.760185,7.959903,15.706412,-6.001569,12.344314,10.433827,5.5704546,4.9962873,6.6200867,0.3540656,-2.1635606,-6.52165,-2.9132931,-11.825927,-9.802212,3.1994598,6.2869015
-277.36517,158.68718,-12.541893,56.736256,17.507332,10.604,1.7286135,11.4643755,2.7052743,6.7575483,9.917637,1.3303527,-2.2284505,-2.4440992,-8.477263,-5.9145384,-7.9074616,-8.867576,6.170964,12.582902
-287.26523,165.52321,-15.4054985,48.14908,30.589533,16.28014,2.2381399,5.073156,-1.5242991,4.2392235,9.085838,3.9133892,-0.9900811,-1.9089296,-3.419971,-4.5991135,-8.518471,-0.377397,3.6360836,11.503666
-294.85904,167.24371,-11.62468,49.177677,24.270147,9.938463,13.214475,4.3155756,-8.371507,1.7796696,6.728824,8.471377,-0.278082,0.41968536,2.5334468,-1.2812512,-9.358515,-5.6765184,4.8249645,9.83448
-302.52844,166.58644,-5.1916137,50.374153,25.956825,4.1861873,10.7852,7.6515837,-1.6122575,5.108062,-4.105505,3.7422795,-3.0468473,1.6036637,4.4401813,6.692458,1.4515581,-6.7470965,1.52268,5.741104
-292.01886,167.48477,-13.974155,39.47428,30.9902,16.660143,3.401202,6.7823973,-0.14752567,0.0028293133,-1.739166,6.021778,-1.8347538,-1.5045292,1.8010944,6.8007307,1.8801078,0.29939705,5.155522,7.424433
-222.29572,139.90869,-13.355476,45.048553,-1.842658,39.91125,-28.945152,10.682316,-17.463692,-1.823209,15.668844,1.1987622,20.406921,7.8052,1.4921664,4.589245,-6.1270266,2.206381,3.0022588,1.7394994
-140.47456,122.82869,-25.585855,43.46035,-49.79725,25.97743,-23.557964,13.784663,-21.147648,3.427177,7.4588037,13.74967,4.306959,7.124341,2.4027255,4.8597794,-0.7897786,10.087829,11.102957,-3.6592338
-176.07416,141.14261,-16.682856,43.3244,-33.43602,28.444475,-25.324463,4.8213444,-22.83583,-5.14587,8.677282,12.733385,14.711654,6.189333,-3.4894416,0.048936784,-5.8547716,0.17271599,-0.57786846,-10.00297
-244.1752,139.40904,-30.45988,33.410625,-14.13012,5.763997,-23.36813,8.926058,-7.1241827,-9.014577,8.002584,12.665798,7.969885,-5.0897474,-7.6123276,0.4400161,-2.2324512,2.4724493,-0.9572466,-2.1248825
-277.27533,147.03857,-27.332582,25.569752,-4.7570925,-2.7917137,-18.740295,-0.6285078,-7.2919254,-3.2202609,10.903269,10.706802,2.3540664,2.71731,-12.180574,-9.709539,-13.329529,-0.56754774,3.3197103,-1.4192611
-296.16614,144.51851,-31.782574,22.396868,11.728405,0.6024778,-18.7883,-9.686495,-8.369497,8.464966,10.368339,7.413434,-1.9352778,0.81318843,-10.403063,-4.913059,-4.032935,-2.4524398,-0.50828946,-0.20945722
-309.50555,141.82106,-33.112442,22.360361,21.20119,6.8262625,-12.055619,-8.937523,-14.470907,-0.6424022,7.2220683,3.3176446,1.7659051,13.960938,-9.777317,-12.441044,-10.815922,-4.010792,-3.5785544,0.6057517
-322.8794,132.55383,-35.12065,26.828953,19.694572,8.227222,-3.970471,-11.742033,-17.267801,-3.1775203,3.6722744,10.741078,2.2412577,7.6853733,-3.0874224,-8.292997,-12.596776,-7.6552134,-4.443501,-2.476456
-320.9275,132.4929,-33.716774,25.065619,23.497059,9.18988,-9.897697,-5.382248,-8.762914,1.4567102,-0.38996816,7.1921024,2.703082,2.435438,-8.7055435,-10.135908,-10.042382,-6.7235374,-1.3686066,4.4133167
-325.36157,135.88695,-31.008,25.630884,17.920559,1.4680574,-10.23257,-9.977774,-12.228172,7.3983045,8.667734,5.189045,-5.262822,-1.2664251,-7.730828,-11.270311,-4.354781,-1.2944695,0.78484833,4.8251834
-308.2156,146.85538,-22.970886,21.92524,0.6714121,-3.0084593,-5.9098544,-2.3376424,-10.54033,4.79688,5.1151423,4.2827387,-7.5357027,-5.626052,-10.544752,-10.823622,-5.13001,-3.385993,-2.7235246,-3.4715273
-299.40903,147.06448,-21.487589,32.444717,8.293791,3.3512335,-4.1097417,0.43932596,-5.175267,14.335545,8.92905,0.70667493,-7.1256657,-4.5878134,-8.835459,-9.211457,-5.6553288,-6.996376,-1.4938989,2.189707
-248.13522,147.29448,-25.396027,40.58042,-4.9131765,24.720154,0.26513326,10.941542,8.956904,5.1074514,3.0796175,5.834695,-9.476577,-5.323079,-10.362022,-12.360183,1.8982081,-1.7918403,3.6990035,-0.9351393
-198.05783,112.31235,2.8490672,55.96973,-35.37004,50.70678,-20.451984,26.656696,7.5549088,-9.976259,3.0688033,-1.8834821,-15.011078,0.45860356,-14.280904,-7.5673113,2.5240402,-0.77675676,0.56910735,-4.783249
-250.1047,149.83508,-2.5486112,45.26057,-7.394315,27.845186,-10.126123,15.938648,8.415541,0.66489285,4.539693,-9.253467,-13.727013,-4.1806583,-8.8170395,-10.655287,-8.995414,-8.374069,-9.769719,-9.287577
-279.49246,161.93646,-3.5348947,51.752106,6.608461,2.7558012,1.7383174,12.369326,4.3397346,5.0957956,1.635659,-3.733345,-18.783672,-2.7595272,-2.3257217,-8.157855,-9.994326,-16.434364,-7.7563853,-8.3389015
-285.53802,165.39355,-7.5377564,48.95025,20.30896,6.627652,-2.6308541,6.8772645,11.573444,8.95719,-7.362802,-12.356438,-18.303368,-4.119051,-2.199469,-2.1489773,-9.409449,-11.732258,-6.0004244,-3.307858
-271.8579,179.2587,-14.91927,35.725418,9.810684,1.9377527,0.40871716,3.4848137,3.4324498,9.230961,-3.8782291,-8.033901,-12.004076,-8.498427,-11.478839,-7.2311306,-7.6129723,-9.15141,-3.3635576,4.0002246
-285.31897,172.68295,-12.883429,38.671005,19.342281,8.018851,6.386778,6.875743,-11.606996,-1.5988371,-15.7248535,-10.615042,-3.6303504,-4.821653,1.5584402,-6.2309074,-8.888111,-1.0290464,-3.6066837,-5.544594
-289.88806,173.09122,-11.172751,34.02089,14.243891,7.9099236,5.510442,1.6045516,-8.773206,-5.3934627,-15.700461,-2.0144854,-0.8873198,-5.5967574,-10.722277,-9.398306,-4.9123716,-6.4813128,-6.7904043,-6.066395
-261.3623,172.0431,-14.287952,48.716095,12.492243,21.226315,-11.177967,-6.807047,2.9521751,-6.537128,-15.007196,-17.762287,3.7592583,2.5622177,-8.960014,-10.784974,-4.845681,-3.1079555,-10.2445545,-7.791243
-153.08449,129.39563,-33.429527,69.23506,-34.20623,26.756533,-5.6108675,-2.0502043,-4.5884123,17.45226,-22.461164,0.9483427,3.6595209,-14.341582,-13.776825,-30.867416,-4.895877,-6.4927254,-6.9789705,-1.918083
-95.78735,114.208694,-41.595493,63.081654,-38.895653,48.540268,-5.247411,26.427246,-5.190444,16.711166,-17.340946,-3.5591693,-4.4504337,-7.1844153,2.140245,-0.3501563,-10.406733,-13.33306,-7.851219,1.1709274
-150.28535,109.38005,-32.358368,72.254166,-27.317675,52.24459,4.67482,22.472366,-0.23839581,20.087593,-19.534847,-8.353298,-3.517527,-13.487037,-8.514416,-18.463242,-4.011609,-8.222233,-5.358159,-4.048508
-202.29814,125.90425,-30.587822,67.24389,-8.581101,39.77663,-8.920647,6.7008543,10.21927,20.305958,-16.850445,-18.656233,-9.465042,-17.016983,-5.253126,-25.356087,-9.227236,-8.966846,-11.992512,-3.8724146
-220.68723,145.72824,-24.62711,60.161102,3.8300045,31.132858,-9.975026,6.7027082,15.062668,11.47334,-18.961803,-11.508837,-3.4744408,-4.295715,-2.4571633,-26.689358,-5.2861695,0.5073055,-12.567286,-10.6894245
-237.91791,158.7472,-28.223728,50.709328,11.40143,25.88412,-3.5059566,1.2910736,10.602964,12.906687,-15.839287,-12.404943,0.35888568,-0.43377775,-4.9499073,-22.369556,-5.2969866,-6.2905197,-14.866607,-9.454399
-248.26823,158.65036,-33.124012,56.688667,22.293283,19.639349,-3.6952152,-1.8743867,12.664982,16.579018,-16.575474,-15.037792,-6.1027117,-6.352874,-6.9480352,-22.2952,-0.12272495,-3.420304,-10.53339,-3.6338418
-241.54303,152.49191,-30.865906,56.963165,16.4384,19.822449,-11.975868,-8.510582,7.6227612,13.03072,-15.899965,-3.967539,-1.2791343,-5.1695285,-3.9300609,-15.957243,8.074397,-4.4404325,-15.937928,-3.3100834
-276.26663,141.34341,-12.856569,70.79256,15.448282,12.542003,-1.7836549,-5.313024,10.246887,20.824406,-7.2207365,4.22079,-7.8715315,-11.784756,-4.7096343,-23.306583,-1.4387262,-14.813792,-20.733677,-3.9416184
-292.98398,144.23077,-24.08655,55.134933,27.731014,10.656862,2.2064106,7.555732,4.6101565,10.431736,0.4532057,6.897194,-3.276836,-2.5373533,-9.127102,-25.822975,-4.457558,-4.5734386,-12.893718,-11.002125
-296.65512,145.57936,-35.450706,45.219402,25.238918,12.280365,17.260506,12.26929,-0.4825379,3.8327503,-0.5525745,1.4028697,-7.851524,-4.4760017,-7.5026417,-12.011714,-3.3975124,-3.169465,-8.56905,-9.374192
-214.52025,165.66284,-34.329796,38.579567,-18.259083,4.6080256,-7.502035,-0.606668,-1.1458921,6.4707727,11.957354,7.354288,-7.0588846,-5.5425124,-5.058234,3.275188,3.3010468,-6.7414317,-4.1205044,-2.030495
-134.43056,141.05573,-28.469767,46.8266,-42.443874,34.30314,-11.93892,8.82663,-28.585281,-2.4282994,7.086805,-2.9730453,-6.480797,-5.8369436,-12.383411,1.0649433,-3.4535537,-4.923938,-0.4608777,-13.640073
-222.12987,157.20392,-21.859936,36.648346,-13.265652,25.343647,-9.067723,4.828546,-13.876337,-12.923567,5.5656977,1.0050962,-6.4800224,-9.387411,-14.638973,-6.5002065,-2.5015945,0.8894018,-0.90382314,-0.6028246
-260.18982,165.65823,-19.36298,35.84294,1.5192857,6.8431664,-3.7666483,2.808284,-9.326557,-11.430315,-5.1441317,3.560646,-2.9219165,-2.9321184,-14.326053,-9.048811,0.6054071,9.019531,9.614733,5.132633
-292.79047,160.98306,-13.850462,41.919296,29.040995,12.979576,-3.4564295,4.738929,-2.4584296,-1.9286525,1.9136736,6.875908,-12.826788,-17.70532,-21.823948,-14.532127,-3.0806522,4.799198,9.973233,13.94644
-302.8308,165.13525,-6.2777443,43.239204,33.144,13.07472,-6.218614,-3.7598891,-0.148054,1.7437153,0.23314516,4.8196244,-7.9381895,-3.6014037,-15.982684,-16.939716,-8.211029,-2.1067345,6.634372,11.872997
-308.28305,160.28189,-8.390371,43.89256,32.737587,7.49174,-4.158163,-1.614461,-4.4928255,12.274383,2.3869066,-1.0857921,-4.471154,-1.3033111,-15.806114,-12.289922,-3.1472147,-2.9666262,0.956877,3.0712771
-309.03784,157.25208,-14.856514,30.888853,29.293312,16.411968,9.992118,10.340525,-4.3302784,6.94804,-1.1978843,-2.1017554,-9.656966,-0.9670179,-6.902218,-1.3703805,7.113138,-0.07172843,-0.41262925,6.1159077
-297.3996,156.09433,-24.543568,29.063667,24.921982,13.211824,5.636422,14.749532,-17.600563,0.14842883,-4.087061,-20.924961,-14.064083,-15.222491,-22.168907,-15.157675,-2.2819333,-12.837995,-7.7919765,1.6221414
-278.13266,143.64322,-29.32276,34.075726,16.17044,6.82539,-1.9187593,15.041981,-20.699486,0.6056432,-11.000233,-22.749996,-13.169863,-8.7141485,-18.575552,-10.936634,8.50541,-10.926397,-9.883345,-0.12833917
-183.77841,124.46512,-9.519928,68.976456,-8.307955,40.577538,-14.211035,31.01336,-9.634402,0.97519445,-9.682273,-13.7042,-3.5502644,-1.5278744,-15.079226,-12.608416,-5.3658648,-13.907066,-2.4279957,-3.0155249
-160.54791,149.48271,-8.786534,64.31145,-18.806746,38.27025,-7.7941055,26.807434,-10.1859455,7.3756027,2.6493587,-8.375034,-4.1126766,-9.818068,-9.920204,-4.715557,-15.771902,-20.480755,-2.3307111,-1.319401
-201.1927,181.72543,-19.499136,53.676857,-7.095918,0.265948,4.7092524,29.3449,-13.789911,-14.89862,3.119169,-2.6796334,-8.506418,-2.1271195,-17.34295,-18.048298,3.4642067,-6.9604783,-6.550682,1.8349061
-210.81128,160.16245,-34.103325,50.5849,-3.0926352,3.6015375,20.127953,37.649055,-20.395168,-2.0124512,10.566429,11.338081,-7.027128,-7.7339034,-17.438519,-24.551857,8.077323,-9.998099,-19.05778,-5.4952564
-226.25078,144.77487,-37.364853,54.810886,2.246987,2.1878314,20.613504,28.01832,-26.913895,1.3898098,10.807664,16.191778,-11.361493,-1.2464842,-6.869344,-24.06776,12.653137,-6.532174,-18.76443,-10.617958
-237.5281,143.13824,-40.116566,54.5484,6.209144,5.7851515,24.704397,20.281082,-31.612564,3.2848186,10.711158,12.942942,-11.267273,3.4121058,-2.1879919,-23.844086,15.602838,-2.8743725,-13.576345,-9.109403
-241.99348,150.12262,-39.719986,49.85668,2.2579932,-2.1683385,23.416576,22.025066,-21.28144,8.898371,10.606447,7.680586,-7.6583896,6.2547445,-5.607421,-17.597885,15.421018,-3.4352274,-9.371782,-9.077772
-259.3695,153.32457,-35.849037,50.434654,2.9775658,-5.9847713,24.301609,19.70546,-17.569046,9.802487,10.269302,3.4796429,-11.083845,8.759585,-0.6887672,-22.621273,13.868555,-1.2416565,-3.0180154,2.944839
-276.82672,154.7772,-33.142956,47.99476,17.437363,-2.7787051,21.963463,22.58105,-15.804525,5.4900436,7.3231106,0.8795061,-1.8928523,11.682263,-10.536276,-23.283348,9.209733,-7.621516,-9.102505,12.920374
-281.0025,166.17032,-32.940887,39.555416,26.242748,-4.7201557,10.066456,14.899807,-12.0912075,3.3136275,-2.6098294,-6.1263933,-4.314314,5.2936697,-6.393948,-10.025963,12.024467,-4.533062,-7.907122,9.309378
-233.10109,162.67102,-34.73268,47.715893,-1.088754,2.783502,-4.7184787,0.6879945,-13.804649,-3.7029972,-7.290885,-19.166748,-11.674535,-2.3445313,-5.216177,-7.3476424,4.1799555,4.0950465,-1.9373918,0.1805147
-200.40517,168.51479,-23.35749,62.586178,-9.679572,21.971958,1.7149755,9.349266,-1.2480344,-9.781511,-9.513737,-20.133615,-8.569145,0.2946758,-12.679894,-12.093683,-3.6234138,-3.4750674,3.8256528,1.3515735
-233.0597,151.76004,4.5479393,64.44053,-5.603526,39.322018,2.206886,7.5031633,-2.440308,-12.669991,-5.5789566,-15.781966,-20.091057,11.390518,-7.7729855,-9.57925,7.428911,-2.0491138,-1.5170786,8.161938
-275.4675,168.9,6.635299,47.17036,3.377796,16.162132,0.9926014,10.9021435,-6.1057577,-13.1597,-4.1619444,-29.465298,-19.141476,18.796707,-11.622697,-15.625109,15.693368,7.5232983,-7.297126,1.3127365
-289.7917,170.69637,-5.2063437,47.129738,27.412739,2.5607514,-7.7949653,2.7869675,-14.394504,-5.8618746,0.041650593,-17.039814,-12.549783,6.652012,-18.184475,-10.302189,18.680178,4.3332334,-8.7557745,4.622028
-306.67972,169.15366,-0.6119586,54.902153,37.992264,-4.9360533,-11.187254,-2.6390636,-9.108666,7.761694,3.6842258,-16.979435,-24.004753,7.647359,-3.4733284,0.4995228,22.741936,0.49897325,-16.061062,-2.0768778
-319.50937,162.68414,0.35132158,54.410667,34.86335,-7.9447126,-4.1892347,0.017400622,-20.064259,4.102736,0.35277462,-19.814417,-24.224758,1.0702904,-1.9852706,0.99072385,16.406551,-1.7195466,-11.239319,-2.6032064
-320.09412,160.56122,-1.6489946,56.848175,38.234486,-7.8305874,1.4211789,11.152536,-11.637357,8.56337,7.5275564,-10.962202,-22.17859,-3.0379045,-10.594601,-6.420042,20.338898,4.5586443,-7.9270215,-0.21176732
-326.2545,157.42924,-3.683105,51.460087,31.632483,-3.0787075,11.081315,13.6050205,-7.8143635,11.14584,11.932909,-5.901502,-23.09764,-7.833334,-12.635628,-4.608514,20.116917,2.6661215,-9.704609,3.661709
-320.01932,149.67206,-16.794525,44.886913,29.401241,7.374846,17.139359,9.15991,-8.677179,2.4971924,-4.4586763,-10.67858,-15.249216,-2.8624165,-10.643137,-4.823806,16.889507,3.400492,-2.6622515,13.814858
-242.85458,166.53969,-35.576866,46.789845,-9.105177,-5.009782,-0.05478674,-6.8857493,-3.0360565,-0.7054764,-5.943686,-1.4655764,-4.955614,-1.1785151,-5.4948196,-1.4029238,8.469403,-5.657316,-0.3814913,6.7833776
-95.60903,101.10164,-42.68449,73.70313,-43.714363,41.254524,-1.8125064,10.501131,-27.801765,9.45816,-11.7920685,13.789309,-1.9664307,-4.3484626,1.3073819,-2.9275565,2.427373,1.8820943,7.882647,7.1500626
-107.02069,93.08302,-43.748512,98.98697,-16.568787,38.24204,-11.1582155,22.301561,-24.996305,-2.0451887,-28.36847,6.3155537,7.2313056,-7.520764,-0.07114524,-6.361763,6.0085745,1.1574244,3.5100725,12.718269
-140.50378,104.57947,-40.463577,106.895966,-19.55561,17.661577,-2.3551168,19.528437,-20.612885,-4.546339,-23.958248,9.310945,0.87103117,-12.2395735,6.287819,-7.3664107,13.322362,0.37661004,4.1537733,6.045269
-183.09883,113.97009,-36.15634,107.58777,-7.7174196,1.8537416,-0.6526783,23.796633,-20.131626,-14.424954,-21.47987,4.2267427,0.06894404,-12.215351,5.91072,-9.530428,10.413255,0.63460815,11.383073,11.965416
-216.96262,130.89748,-35.455795,104.165695,10.295158,-1.690376,6.348192,14.328803,-20.822605,-12.029382,-16.22768,2.4789414,-6.315812,-21.689732,8.640333,-5.6925087,8.158834,1.6740465,11.969593,10.408469
-231.33026,141.14093,-34.566936,90.36754,8.016094,-1.5419382,12.012995,8.756773,-18.7377,-6.879566,-8.614211,-4.7196565,-16.772266,-13.578497,7.3343253,-6.5582194,11.913598,2.668765,7.0246735,6.481495
-241.71764,140.71149,-25.538399,93.84697,9.127526,-4.481593,17.508472,12.921803,-18.025078,-7.323208,-4.8527393,-3.602022,-27.693928,-14.569284,13.860559,2.8533502,16.12695,-2.6140199,2.7116323,11.413935
-261.90677,137.38802,-21.092846,92.89662,21.124582,-1.2732869,16.514668,14.473532,-8.984005,-3.172741,-8.310198,0.799658,-25.196451,-17.76744,11.02558,8.22871,6.201064,-9.079583,2.9279084,9.368168
-280.2309,147.03857,-19.421095,77.92166,24.802837,1.3890358,14.710943,16.1889,-1.4942968,-4.589308,-5.050633,4.927619,-9.278538,-4.790929,6.479101,-1.2054869,-1.370763,-9.839854,-3.684421,0.79428065
-293.68988,159.31165,-20.600372,63.92034,36.013985,1.3832123,12.53857,17.110176,-5.7611103,5.4047985,-4.186702,-3.507658,1.8152051,-4.5087347,0.9628284,-9.036439,-4.0972257,-1.7991786,-3.0588086,-0.739935
-283.5566,164.24205,-20.269287,57.00937,24.23751,-1.3143413,9.813898,18.192509,0.77809983,-2.3479788,0.36405337,7.279031,-6.8393397,-13.943121,-0.12685645,4.6104493,1.1594613,-6.7434974,-9.121763,-2.5369036
-276.42416,152.63277,-14.314647,58.327713,18.151255,8.85521,4.5506186,22.003122,-0.7300623,0.30717558,9.167482,9.439335,-13.58276,-15.033267,0.43913305,7.7922826,7.8644342,-12.282684,-6.114315,-1.7010978
-243.18079,107.667404,7.03002,61.548767,-6.0322866,46.373222,-15.59372,24.597172,9.724335,4.713854,21.569134,9.183199,-14.106213,-3.4933608,-13.940982,12.193909,5.5169334,-8.418323,-4.0081234,0.16580343
-247.34924,100.458405,13.805896,68.06914,-8.3370695,42.27694,-19.105793,26.128025,4.6052756,-3.2493858,11.051685,2.38465,-17.779558,1.046181,-11.977954,3.690579,2.0638587,-5.6341953,-5.6259365,-4.4757357
-278.5853,144.88922,-0.6005027,61.25891,7.7772636,14.387796,-6.888089,19.155586,3.576406,-9.136746,3.729908,0.9418897,-6.9577217,-4.8606634,-4.6187453,4.93275,3.5127177,-2.0753903,-4.5563855,-7.736593
-288.32666,158.94397,-4.2385945,60.527863,20.21011,0.75593495,1.1112596,12.322744,3.0498412,-7.4506035,-5.6116095,1.566231,-10.73077,3.5691047,1.117147,1.387647,-1.6349638,-3.993631,2.0602584,6.195164
-303.07065,160.9451,-9.725418,57.181168,27.655167,-1.8652711,7.1278133,14.159073,-2.7743354,-8.164518,-3.2967815,-0.55001247,-11.405527,-5.745267,-6.2738104,4.2191386,8.215173,-4.5236416,1.674594,6.717163
-310.95575,162.52176,-13.258495,47.77567,29.743752,1.4201463,10.407221,20.439003,-4.2699842,0.5650176,1.2664571,-5.4357862,-12.352928,-14.770451,0.485349,6.6222696,0.97348994,2.711865,4.634859,-3.0684633
-320.90213,154.52551,-16.92294,45.8173,36.175106,1.4972051,12.394018,23.191048,-8.388063,5.450273,2.246518,-0.574476,-6.260647,-15.429439,-0.14422923,2.5839386,-2.5913568,-2.621871,-4.4622808,-3.235287
-311.6804,156.53998,-17.134636,45.18104,28.512486,2.2868896,3.4598796,24.918253,3.6250246,2.7857752,11.468246,-2.1398463,-12.765364,-13.812951,-1.2334174,2.791944,-1.0992324,-5.9354296,-6.238927,0.49411106
-151.25021,135.50064,-36.002373,51.295532,-41.824963,24.183628,-11.952196,8.916153,-17.29517,-0.9541798,12.748032,14.794949,1.3038381,-11.568246,-7.3198643,3.8720016,-8.178625,5.353126,8.763095,-9.722482
-143.53441,121.06123,-16.26762,49.0313,-31.668736,48.398327,-25.980291,14.918766,-29.611034,1.1079342,5.290183,6.024143,-8.67231,-4.219162,0.7147228,5.7510347,-4.418267,-1.7959414,0.87934965,-15.158399
-221.32394,112.9729,-3.1299148,45.56463,-17.972569,43.30191,-25.221903,24.57629,-10.042839,-2.3700886,13.338961,8.436575,-8.036792,-3.633631,-7.4189425,-9.753622,-6.654952,1.4502223,-1.7579433,-7.7365294
-278.28268,131.61325,-12.160734,42.050224,2.0684314,20.591778,-10.671041,23.458214,-1.4153938,-4.2574754,13.303472,2.6393888,-5.9495144,-3.558944,-12.47131,-2.2382984,-0.30164984,-6.013556,-5.1875277,-10.097927
-305.18442,142.50479,-11.881514,42.33864,14.815628,7.9282827,-2.6790862,12.342128,-0.33571672,0.12307811,9.838961,13.95377,-5.790056,-3.269923,-4.2243514,-0.6433883,-2.9714768,-5.4516873,-4.191761,-8.114658
-328.48187,143.35895,-7.760277,41.78734,24.001839,0.8872219,-0.54306763,15.733618,-1.6858386,1.654706,6.508167,-0.5453013,-9.71192,-2.124787,-6.5315266,8.145004,-2.3661847,-11.089233,3.5780435,-0.98595846
-339.90683,137.89496,-11.255743,33.019814,23.849472,6.3882465,2.4860802,16.409832,-2.0429661,-3.3826065,3.9211981,4.27361,-0.8795538,2.1432989,-11.467127,3.7103102,2.574207,-9.575619,-4.5385523,-0.37898934
-332.2112,134.97458,-17.380148,35.585976,27.909996,0.6081101,3.3798842,16.526716,-5.3687563,3.3638563,1.2201035,4.9291935,-1.4553062,4.730685,-1.5781279,6.602939,5.836484,-5.7676096,-2.327778,-2.9256182
-340.77286,132.59962,-22.444729,29.585281,26.109638,2.35281,-5.2660036,6.390888,-6.33358,6.514773,5.775342,0.2638228,-1.6779689,1.5352056,-2.0134473,8.216625,6.753584,-5.499287,-2.2780087,4.5930257
-349.5382,137.13528,-22.897682,27.586893,22.299526,-2.5451097,1.3096428,11.558369,-5.336476,6.225033,4.144799,-4.064761,1.4175822,2.3496904,-0.5171035,12.529594,14.202763,4.2671943,5.2507486,-4.271242
-302.14893,155.59714,-22.698502,42.72632,34.127808,7.448807,13.093245,18.797981,-10.450895,0.11049819,-7.60773,-13.934629,-7.3285475,-5.9055986,-22.2161,-8.689525,9.420105,-1.6320851,-0.6442313,-0.39665878
-259.8048,151.36761,-41.147278,45.466675,20.300982,11.025284,21.554195,16.467136,-6.1767306,-1.172889,-14.126193,-8.551121,-8.146589,-6.767635,-15.815386,-2.0423212,9.779911,2.2886133,-5.1069136,-2.076541
-200.44746,170.19556,-39.640285,41.081116,-11.4887295,20.080275,14.157694,20.124844,-8.693766,-8.090609,16.599848,-3.7672713,-15.636411,3.112671,-13.332485,-12.032146,10.722691,-0.039672792,-10.682192,-2.015059
-195.74005,119.42685,-46.65029,41.01065,-24.754223,43.230583,11.235258,24.128508,-14.235819,-3.0081315,22.481392,-9.079205,-29.492535,6.818405,-0.67342544,-16.791546,0.4758916,0.0043582916,-15.989775,-9.916727
-215.94308,141.47188,-64.9582,40.51053,-4.334654,21.826727,21.71547,8.464202,-16.101658,-1.6962825,17.694868,-3.949491,-32.848,5.7105894,6.7823753,-11.258872,-0.20221853,-2.1525073,-16.49544,-13.1111145
-199.3774,155.51707,-67.98042,45.137375,-4.250893,4.1388364,11.985059,3.8682544,-5.8710785,11.817953,6.692574,-3.1526089,-29.94535,-2.3772626,7.8795586,-13.839121,-2.0826602,4.7876797,-2.8557115,-9.377646
-221.41779,159.0133,-64.063255,49.10182,6.8639965,-0.107936285,9.438855,7.0974627,2.4549556,9.196335,5.868264,-8.452978,-22.01434,3.0632043,-1.8868386,-18.69471,-8.821126,-2.865697,2.1957192,-7.647735
-239.35672,154.3664,-46.031677,51.904152,11.740531,-5.2678976,5.0346327,-0.34175074,-10.043416,12.25022,3.3006527,1.8660388,-19.641884,3.8520563,-2.2651463,-21.348515,-6.27791,-6.5882816,-10.765324,-4.9621143
-294.12616,165.7135,-25.677359,41.749596,25.923618,7.3168583,19.520412,12.706739,-3.2920573,-1.2352957,-5.4210863,-8.898473,-21.219494,-4.123011,-3.387239,-12.592155,-4.24238,-4.746476,-4.957201,-3.3453426
-274.33124,158.98029,-40.372772,35.838234,17.196445,9.861625,9.624546,2.4143565,-0.5823241,4.8323755,5.723292,4.7227473,-12.130766,-1.9372244,-3.9941516,-10.576754,-4.6331596,-9.189017,-14.365493,-0.522218
-183.08308,135.77914,-51.208355,56.786835,-29.329216,11.838382,-3.6061115,-6.362616,-18.64682,12.009884,6.245778,6.6628866,1.156801,-3.510052,-1.972071,-21.062252,-1.2511122,-10.232556,-1.5618137,5.4006557
-89.117805,102.19931,-60.27425,63.930252,-42.628654,37.94046,-6.4584217,16.88557,-24.61217,15.432632,-0.23956116,18.926243,5.5353804,0.8639049,4.6610737,-6.2645526,4.120265,-7.542392,4.369304,8.461944
-114.8476,96.66936,-32.540215,80.859634,-36.106316,42.92952,-7.4258986,16.438824,-21.709766,14.493002,-11.520235,1.1592094,-0.43242007,-0.48483908,2.8432448,0.53689295,-0.8602173,-9.139317,-1.3530805,-2.7000055
-150.07439,124.30832,-39.719578,84.99251,-24.798004,10.4765625,-11.963919,5.8054905,-20.506277,15.717648,-3.9439087,4.9504237,-5.474461,-10.716997,6.122873,-17.618492,-8.058203,-15.976463,0.9334899,6.824735
-168.38669,146.257,-51.83845,64.07319,-13.666031,13.373575,-0.12967396,0.12599191,-18.941208,9.5923,-0.24881405,-2.347847,-10.841409,-5.1707425,-0.038745895,-24.209198,-13.527702,-15.19998,-2.4837515,4.281424
-175.44551,153.63492,-66.500824,48.13791,-12.119478,15.075165,15.150738,0.80338705,-19.652613,6.0118694,-2.2283235,-6.5415363,-15.819615,-3.100899,6.508399,-16.805248,-15.086472,-13.016537,-3.2186096,3.4571226
-186.1755,167.56342,-69.5044,41.410538,-4.7870345,13.397562,20.501862,-1.3838115,-23.075657,4.0487604,5.9867506,-10.947266,-21.779552,-1.9240814,4.16593,-18.651138,-10.070755,-7.8154936,-9.311692,-0.92659783
-190.85162,169.1019,-70.80458,38.14746,-4.225758,12.455149,23.546682,-0.26094773,-23.389479,0.17578137,9.193064,-6.552232,-24.683138,-7.9018307,-1.4486434,-10.838085,-9.48859,-8.643399,-8.31735,-5.393995
-190.81653,169.54477,-78.45842,35.317886,-3.9688845,8.921443,26.045353,1.7014748,-20.126232,2.3353374,12.777037,-2.945901,-24.146204,-4.6943617,-3.9560785,-12.936889,-7.922399,-5.568759,-8.046329,-7.1674848
-198.8308,180.27292,-69.38867,32.54957,-4.0675006,-2.0767627,26.201244,13.296351,-21.096245,4.920126,11.1495,-7.5200057,-17.78259,-10.317242,-3.4614856,-6.472947,-12.700877,-8.323205,-7.9438643,-16.50528
-223.49507,174.93726,-60.52597,36.502182,-1.9033022,-2.421605,24.117136,5.4580584,-16.099464,4.660409,10.9247875,-5.9406624,-21.379097,-6.1586084,0.16254753,-5.5180078,-8.359865,-5.9773474,-5.817402,-18.623775
-171.96344,166.00497,-38.118744,39.64126,-35.702644,25.777077,4.381035,6.1103153,-11.740094,-11.503702,9.914166,-7.181776,-12.587428,-7.2912655,-8.131789,1.0574895,-9.666948,-1.3178382,-2.8926938,-9.451202
-202.61214,172.56453,-31.368793,36.805977,-15.396109,27.625916,-4.3398485,2.6286612,-6.694374,-11.719202,8.910515,-8.064471,-13.014853,-14.362895,-14.877635,3.0865846,-10.296354,-6.822032,-3.7454557,-5.3655214
-208.687,121.79288,-15.845898,44.89656,-29.770615,45.283875,-15.383289,13.410227,3.4482374,-1.2530615,18.307316,-3.5822828,-18.816216,-2.0496686,-18.576546,-16.065866,-14.735407,-8.145954,-14.584614,0.17040604
-236.31587,134.43265,-24.084913,45.74083,-10.994178,32.573784,-6.141287,13.487537,0.34124964,2.3380485,21.304306,-2.8954844,-20.547768,-10.285257,-18.685963,-22.290295,-14.483749,-6.929414,-2.1210108,-1.7150519
-256.5595,155.39516,-21.280533,36.459564,-0.3501991,24.948599,4.792228,8.549882,-7.2468615,0.1820724,18.80809,-2.5366216,-20.298319,-9.212396,-14.204019,-14.707917,-11.462718,-7.8719115,-9.865183,-9.199261
-267.81583,166.27591,-22.971088,33.75603,9.671131,18.554775,9.665216,3.7982912,-10.415783,1.6159728,13.997154,-0.51548874,-19.102678,-9.206512,-11.764078,-8.641165,-6.4166503,-11.802189,-14.456202,-11.095182
-280.10654,171.92108,-19.873348,34.223255,16.906763,10.803499,6.3337417,-0.42840278,-12.351444,0.79874426,3.9562104,-4.166985,-11.796861,-4.080703,-11.881371,-9.313589,0.55141556,-2.2836604,-6.749748,-7.115342
-279.0328,174.30911,-25.282627,31.673487,21.611267,10.15537,7.337163,-2.794476,-18.307587,-2.8146124,8.542594,-4.927593,-20.442963,-5.8468175,-10.192416,-8.187056,-0.82357496,-2.3133986,-6.773885,-4.286068
-284.6975,175.38057,-19.219193,25.333096,9.107234,7.8151646,9.2003765,-1.0913177,-9.254273,4.031172,1.5363533,-10.278749,-21.76634,-4.4580884,-3.3230028,-4.866919,2.8234072,2.8636093,-2.5844028,-6.33397
-278.93524,181.03278,-26.727573,21.456299,11.361841,4.684272,11.273142,4.593682,-7.674062,-4.170185,1.2047805,-1.2965734,-15.593956,-5.9453015,-10.143984,-5.1386104,8.615111,0.8819465,-4.9582157,0.7085398
-164.29504,170.48691,-42.696404,45.03556,-19.642673,10.371883,-0.5310595,10.054106,-15.88952,2.5922318,2.7061286,-10.4226265,-1.9047658,-2.9619853,-10.229029,-6.6351357,-19.018421,-12.624632,-0.006557882,-9.4341
-133.84247,121.247055,-11.461428,42.59884,-47.496643,44.00554,-12.682623,25.100916,-21.652637,-2.7315466,9.609837,10.163316,-18.05194,-3.784895,-25.800602,-19.62519,-19.06023,-19.93826,-13.301207,-7.5856953
-177.51868,141.09961,-34.629192,46.86385,-26.209354,21.440605,2.6281936,26.414574,-20.758587,-8.848843,12.087595,2.6073024,-10.018482,-6.6702747,-23.122345,-19.20569,-19.799599,-26.214159,-9.509474,-0.33787453
-215.6582,162.62234,-43.01596,43.08464,-14.050379,5.0751314,18.541586,13.446661,-18.734838,-5.8744097,8.810293,4.3071637,-9.970911,-6.3254204,-21.731499,-22.325735,-12.96463,-21.377745,-4.3019805,-0.74383795
-252.30186,178.81229,-25.677555,27.182318,-5.060195,-0.3489256,12.631405,10.779572,-16.45522,-3.7184443,10.703289,8.126179,-4.3156233,-7.3648896,-24.055447,-18.577942,-9.941076,-13.291177,-0.33284026,-0.24866201
-285.01794,168.45724,-20.411356,24.36964,9.579807,8.704813,11.286118,6.040634,-7.8431196,5.006902,5.7121444,1.1881537,-15.878738,-8.745809,-16.03741,-16.58106,-11.10848,-11.101291,-0.8744347,4.5285563
-295.682,165.92982,-17.715788,28.300365,15.177715,4.1998825,9.390842,8.76985,-7.595116,2.7146811,9.504595,5.2087746,-12.942971,-4.8462934,-15.280132,-14.837077,-7.9244046,-12.084671,-9.105502,1.0682845
-302.23828,163.00812,-20.603085,26.221008,16.264683,7.3832636,10.306637,5.7501717,-9.850606,3.692264,13.494305,7.8855257,-9.43701,-6.3481607,-18.476818,-13.480154,-5.982461,-7.690478,-11.422318,-5.032174
-307.3953,151.31708,-29.3617,28.489214,25.735527,12.771433,12.279778,9.366942,-6.204509,6.292517,9.697322,5.329135,-9.841481,-10.547059,-13.88503,-6.863733,-4.312029,-9.047102,-7.204121,1.4077282
-312.44815,150.85947,-32.348827,24.1776,20.86567,7.7924795,5.7152195,8.00713,-4.5404253,5.7066035,13.282871,9.421276,-0.7160306,-5.753834,-15.937965,-9.3397045,-0.49618274,-4.011941,-1.944166,0.98052514
-222.12953,155.706,-34.757446,37.18663,-9.245495,25.00177,9.946228,13.194561,-2.075594,-3.7685592,3.424995,7.022687,-4.84922,-4.0922337,-7.272998,-5.8250422,-10.013428,-6.5188284,0.5407814,-7.3171115
-186.90974,198.83237,-32.903923,36.948402,-21.295158,-1.3807968,12.269574,7.7257624,-8.610106,-8.692175,15.301239,20.772266,-17.863708,-9.607603,-12.155464,-16.803307,-12.999856,-12.578115,-5.3182416,-19.470161
-200.6382,152.5412,-34.953667,47.2073,-28.907246,15.564919,4.666395,6.8185596,-4.197646,-1.3675749,6.2184734,-0.41799927,-17.621069,-5.799247,-2.8929958,-0.511123,-4.382145,-7.995079,-1.9978602,-18.283201
-191.61781,133.38309,-32.466267,51.59492,-34.411114,27.967964,-4.0774493,3.948445,-3.7614093,3.9905953,11.92965,-7.361509,-21.357672,-7.9642534,-7.7312007,1.1379194,-4.606513,-2.3953466,-2.0886629,-14.94051
-214.33755,134.99051,-40.73635,50.546024,-18.833603,14.796009,-6.138734,-0.2524246,-10.975454,10.74803,4.9052706,-8.861207,-7.073719,-6.257531,-12.4907465,0.6037221,-1.8872113,-9.360084,-0.5921751,-18.852531
-251.95111,151.6337,-41.94982,41.976624,5.991411,6.1267214,-4.5547576,-7.0975056,-11.844812,4.143779,5.2218356,0.36265302,-8.3200245,2.1973512,-12.018824,-14.563412,3.6851387,-4.8696856,-6.665648,-12.969129
-298.93854,150.92021,-29.449564,33.867775,8.983797,-1.4392946,-0.6640213,1.9933864,-5.8743973,3.4744406,1.2502505,-14.387818,-19.326555,-14.300877,-25.3822,-10.110531,5.740761,-10.795282,-8.508362,-3.8173604
-298.51678,151.83833,-27.859116,31.910408,5.0035286,2.7864163,8.586062,0.92240614,-6.5729113,6.79084,3.5417883,-1.583635,-13.946758,-18.855862,-20.679718,-7.5169673,-5.101301,-12.896296,-7.30147,-3.773166
-295.8671,150.07428,-33.24122,29.845959,12.95538,4.6781282,3.954331,1.8027219,-0.54264593,8.190652,0.021741271,-3.2294536,-11.4263735,-14.05966,-22.407944,-11.720884,-3.3716881,-9.037943,-8.771996,-1.5715301
-273.2271,147.62805,-48.997147,29.653328,7.131941,0.9477231,-3.6681814,-3.6893678,0.09967542,4.399589,5.5775394,7.7652216,-6.6309543,-8.2839985,-15.020884,-12.328264,-10.025322,-11.998116,-11.247605,-2.9612398
-155.6159,80.90747,-43.386696,74.12587,-52.621174,15.227129,-10.795668,5.2435045,-14.278744,24.577412,-6.3539467,15.03326,-5.7226114,-15.050502,-6.8092566,-11.14346,6.102214,-9.374016,-6.9340906,-6.787648
-99.610634,75.68605,-47.84468,70.13991,-58.103394,36.049427,3.9813957,20.666735,-25.52169,24.036453,-2.4512799,18.072111,-1.1399945,2.8810287,4.443164,-5.64262,-1.4108275,-8.8981085,-7.5855074,1.7763526
-127.439156,72.0314,-46.565468,87.989716,-40.26274,38.60298,8.940839,31.551167,-11.931894,30.103,0.8841028,13.641485,6.626213,-6.281084,-0.5542257,-10.167965,-12.543772,-24.796383,-7.1439753,16.551613
-169.46864,99.84041,-40.740448,89.63017,-28.667988,27.2966,9.330471,27.18081,1.431913,17.640015,-3.2032104,10.499438,-2.1044574,-18.766455,-2.9066908,-13.649988,-4.2134,-24.12046,-8.384033,8.284069
-197.25987,118.33148,-47.915314,87.42555,-6.9008203,16.276989,0.71379304,24.051847,-5.2050924,5.478698,1.1044915,12.091953,7.4654646,-31.739508,-2.0924182,-13.382032,-12.878782,-24.812199,-10.216528,2.7631729
-221.68945,130.99042,-48.015686,80.02028,2.0964055,9.969042,11.711144,21.60067,-6.7450705,3.535666,2.2281137,11.350927,3.282697,-31.050646,-1.755727,-11.957912,-15.701239,-20.177717,-10.693705,-2.168474
-236.00034,132.18127,-38.6018,79.3676,3.214285,6.003804,22.169481,26.409801,1.2046636,1.9964292,-4.4512854,13.333286,-2.4649382,-22.881035,-4.382844,-4.6456175,-10.362504,-20.19815,-4.368437,-0.453978
-252.07176,133.61783,-36.44828,78.05679,12.622965,11.378801,21.33348,26.091406,0.08325982,-6.49724,-3.2822418,10.180621,-5.6388397,-25.762209,-4.84554,1.0504043,-8.403664,-21.38945,-1.8623632,6.231417
-263.96,138.62378,-32.219975,77.60941,18.724003,5.109913,9.200712,12.132723,2.0738058,4.363346,0.38819426,2.9891806,-4.368516,-13.987379,-6.0338798,-3.0780168,-8.958331,-27.148035,-10.318702,-1.052291
-267.31027,139.62068,-32.641518,70.61518,15.047443,2.840062,15.781356,10.917194,-2.274189,5.504586,1.7424681,4.880283,-12.62171,-12.794205,-4.9231277,-5.2333517,-6.112506,-22.872442,-14.22313,-1.6488663
-258.55783,149.38025,-31.560694,61.583206,7.90914,4.0422163,13.619226,3.9225872,-5.8704576,-6.6916533,-7.8002853,9.722542,-3.4576402,-2.5374465,0.48688006,-2.4281268,-12.348791,-23.098488,-12.480797,-4.6251364
-262.1037,153.97374,-32.17633,59.06968,12.221222,8.487555,16.98769,7.5440216,-1.1949909,-4.464677,-5.697152,9.580468,-4.7895126,-9.23117,-4.745415,-1.3390251,-7.3908253,-19.928333,-13.840006,-8.30184
-265.6454,126.531815,-13.081259,68.91108,6.011982,15.95153,-7.113079,18.411432,-9.79063,-3.9576337,-2.6313255,-3.127084,2.2364411,-6.4935646,-2.1647482,-1.7855101,-14.431883,-24.461914,-10.04279,-6.8881655
-245.70842,87.900795,-7.16742,69.97078,-14.886584,35.197075,-29.934687,19.83319,-11.051926,-9.4955015,3.8424492,3.112998,-11.089163,-12.086815,-2.889259,-4.075635,-2.9941657,-18.433552,-7.893156,-9.395149
-263.75815,95.60277,-16.608301,59.49923,-13.925518,24.296432,-25.959358,5.137953,-10.363895,-7.681682,8.573746,0.06304729,-11.023455,-8.53365,-20.580029,-12.026377,0.68924284,-15.741194,-10.12126,-7.3330517
-280.55133,125.67972,-28.079166,53.73704,-3.2404456,4.287726,-5.013562,3.6604931,-10.261183,-8.720127,4.898738,4.0380473,-0.49619508,-1.615146,-17.784294,-7.7885814,-1.2386281,-11.774657,-7.3659525,-4.7473836
-297.03366,135.19147,-26.420662,45.657715,-0.00403063,-1.6986337,-0.11274862,0.14074361,-3.8184128,1.101388,7.9162235,6.764457,-11.080238,-9.099894,-11.50037,-4.6519604,-4.9185104,-16.666735,-12.448941,-4.699332
-304.85547,135.67706,-26.822708,43.726555,4.4386563,-6.535288,-0.16771054,4.1095085,3.5387506,9.360158,3.2859116,2.382594,-14.571173,-10.222868,-6.0177097,-1.4272573,-5.128485,-11.93264,-6.2927456,-3.7417703
-314.32187,125.519646,-35.240578,38.487072,8.429352,2.798762,10.228659,9.8192005,3.3965573,5.8573933,-4.512419,1.722182,-8.869737,-5.322958,-4.7499228,-6.4411736,-5.1919994,-7.9456973,-4.5192003,-7.478427
-317.38864,131.25314,-29.620533,37.94084,12.347869,8.716071,14.351446,8.612696,2.7132258,2.4108443,-6.153866,4.6244698,-3.9117537,-3.1395977,-6.7357306,-1.942905,-5.111889,-16.249723,-6.8787265,-1.3275169
-302.09683,139.63718,-30.537758,31.713543,0.46774307,6.0966063,8.634734,6.892885,4.5321083,5.9209175,-1.2141854,0.24308664,-1.1192037,-4.9326043,-11.353062,-3.804684,-4.8023653,-8.830273,-8.879322,-5.348444
-169.53294,125.62027,-26.240625,39.080887,-52.3536,24.567568,-11.956502,16.280144,-25.44148,0.869521,5.806088,-5.4835696,-7.767187,-6.0477767,-9.848461,-0.31401485,-2.9019136,6.092135,10.524803,-11.159128
-178.34415,114.785385,-18.475288,34.462463,-43.88719,37.447502,-34.564407,10.856167,-30.10596,-7.3933663,0.82306814,-7.2053714,2.298,3.9156551,0.5851048,2.2132921,-9.767311,2.3285718,0.9310499,-9.005261
-271.9444,136.2894,-13.368256,36.053932,-6.6030235,15.301981,-21.81988,4.8722234,-22.68928,-14.13676,-8.605815,-2.535571,12.413324,-13.306408,-19.076283,-7.9178443,-5.58731,-4.916065,-2.8206017,-0.58489335
-307.3536,130.10217,-10.028674,40.785942,0.7350674,4.9149756,-8.081777,1.2706785,-7.9752445,-8.895619,-4.293938,9.086548,1.458686,0.24750972,-11.961815,-1.5533808,-2.8342319,-6.2090163,2.9255908,4.714736
-309.03488,134.44351,-11.97654,40.21206,7.732402,9.5289955,0.47483313,4.200103,-9.90532,-5.7710695,-6.6344624,2.4131777,-6.1100187,-4.086083,-7.568503,4.248811,3.9301112,-3.749915,-0.6802051,-6.2298703
-328.37488,135.36224,-7.8203154,41.52601,14.575718,4.759498,-0.28359234,4.6062813,-11.817225,-6.2733345,-1.2893441,3.4551497,-4.4421635,2.389309,-3.0230398,-2.1937423,-3.766996,-10.670775,-4.2164183,-2.8992865
-338.99866,132.80661,-12.234789,36.489887,13.621233,-1.0231576,1.2734914,9.451408,0.032464623,9.613978,1.0933487,-0.37465107,-5.5508633,-1.946158,-6.263013,-8.426836,-10.265635,-15.460301,-7.4010863,-1.8937315
-349.75302,123.11607,-15.12487,40.467247,19.33144,3.7366643,3.628719,-0.0058993697,-10.3939,4.5790677,5.6945286,14.16449,1.4296834,-4.242824,-5.1176486,-5.1688013,-8.295761,-14.784508,-13.389107,-2.8855011
-343.99622,128.43176,-17.866987,31.305412,13.388721,0.67225426,0.98828053,5.781877,-5.826991,1.1077174,9.089944,12.388447,0.765506,-4.394123,-9.477008,-3.6977558,-8.5089035,-10.450556,-7.768337,-3.2682545
-333.10367,137.3551,-15.628124,32.260376,11.065834,-0.6034312,2.7278295,7.1372933,-2.0507436,2.9671988,-0.8128192,9.433005,-1.1708031,-7.2629175,-16.857664,-13.036875,-8.5632305,-11.816381,-5.1395936,-4.296984
-291.4991,147.03165,-16.847305,41.987373,7.1847963,9.580612,-4.3478637,-0.8328289,-6.211484,-4.462272,-1.8894849,3.3635538,-0.8552582,-7.371739,-17.652756,-10.672092,-7.569706,-0.7762741,3.6143496,0.34759572
-250.736,141.88672,-10.154032,53.146812,-15.248255,22.358307,-8.907791,3.374693,-3.5372703,-12.955791,-0.14929962,7.184363,-0.41957784,-3.3367107,-6.850242,-9.3921995,-1.0890783,-1.6000285,2.3961785,1.4850848
-222.12202,116.84781,-0.43907,59.288193,-27.195902,38.39052,-18.349203,5.941474,-1.2002828,-23.308918,-1.5890925,2.8829846,-18.291245,3.2946,-5.5966797,-4.2516747,-8.3067,-6.310485,-7.922494,2.2621744
-242.7146,130.4421,-0.69135517,55.986076,-12.048336,31.01619,-13.249414,14.170631,-1.9616412,-9.673288,1.6620362,-8.781151,-16.527237,-1.1349341,-9.206411,-3.8854766,-8.92391,-10.890235,1.8760694,1.20789
-284.90988,143.5906,-0.8700793,56.160755,6.031365,11.818093,-5.2357974,10.190501,2.1179185,-10.060957,-9.484724,-3.4979897,-13.4628315,-1.3519459,-12.409342,-13.70495,-10.929438,-12.547358,6.7323685,7.075571
-274.0288,169.12624,-13.67329,35.48129,2.5102427,-1.3365384,-3.6880445,6.1044445,-2.2147646,-1.5271156,0.7767014,-5.4735684,-17.781345,-4.7468095,-9.673944,-11.211895,-10.696024,-4.367893,6.942922,2.4134078
-286.03775,171.35037,-16.148748,27.13349,8.110672,-0.9472575,0.34070218,5.7921624,-6.615716,0.3509034,1.7678132,-4.9516435,-15.692897,-8.6507,-17.674778,-14.940449,-6.3344336,-3.4233713,1.1299856,5.4737883
-310.6971,159.22058,-11.829592,27.196438,23.1096,16.146929,5.453948,2.969411,-15.23865,-9.675257,-4.5398707,-2.4981675,-11.318986,-4.2591248,-10.310353,-16.31012,-15.553866,-4.5941257,-0.3880586,5.945531
-320.39502,155.53131,-5.587024,24.617336,15.575884,12.59002,11.421137,12.062238,-7.3803334,-5.473951,-12.453992,-2.0837889,-6.3977804,-6.7410884,-14.37963,-14.77429,-11.974987,-9.312846,-5.7586775,1.1073189
-317.23975,154.94815,-16.749725,30.086548,9.100281,12.521816,13.143974,16.095707,4.133424,-1.937485,-1.8833029,-5.893566,-7.3991165,-12.108279,-13.225074,-16.890198,-8.976007,-5.2411013,-3.7468762,0.8027027
-141.38783,94.11603,-32.64448,64.21538,-66.07791,23.62008,-9.655673,-0.6048273,-19.742432,23.214521,-14.574612,11.010396,1.7624758,-9.936289,-6.9557514,-8.053194,9.909697,-6.1724567,-1.370573,3.4347372
-118.15149,80.1427,-47.557762,62.116016,-49.941006,51.10073,1.1322106,20.611954,-24.87508,8.7466545,-11.049478,7.4054766,-4.1256886,-11.55024,-13.966822,-1.0708816,0.7613287,-9.945852,-4.045623,-9.972557
-162.0074,94.53381,-49.216496,64.46579,-42.109737,36.482086,4.190449,7.3829226,-17.019423,8.257166,-16.022839,9.700588,-4.616998,-18.201714,-0.72962713,-12.074825,0.17552972,-16.67213,-9.308142,-1.3252203
-222.64294,114.70631,-15.142881,74.86972,-23.210308,29.71997,5.2698584,2.4634066,-12.133654,3.1461182,-15.912963,6.200208,-3.4466696,-13.710976,6.7876635,-18.377937,-11.833741,-24.177023,-13.571703,4.809343
-251.994,123.14723,-16.863857,69.35922,-11.666605,24.67721,5.9397435,5.2142143,-0.8609731,1.3153296,-10.6835785,-0.0036447048,-14.0379095,-16.844513,5.082224,-10.690659,-2.6796484,-19.673584,-11.758004,2.6673293
-269.33768,131.62454,-19.267227,60.048023,0.5638367,19.285095,-3.047039,-4.338401,0.6813151,6.0595913,-8.814033,-0.35663867,-8.363276,-11.5664,3.3731189,-12.300133,-12.560508,-16.240967,-13.444214,-3.0885065
-285.16925,135.36752,-18.658213,56.517593,6.5402336,16.005116,5.056643,-0.8900846,-0.8559549,3.2866597,-8.164791,1.4274886,-5.774316,-5.030653,-0.72197413,-11.930795,-11.641258,-18.357807,-6.4665904,1.8544047
-293.35294,133.4003,-22.4811,47.1095,9.41931,16.037811,3.9700215,-0.5215283,-5.005844,-8.9956455,-8.404357,7.8092966,-13.088607,-8.275254,-8.58732,-17.683422,-9.291578,-16.386395,-12.639358,8.534021
-306.50635,143.19937,-21.448223,39.106804,14.04451,17.360264,13.108681,8.040753,-0.6832188,-0.9400588,-5.231148,2.2914443,-12.46438,-15.3864155,-8.820456,-6.8410263,-6.240913,-14.786283,-7.303934,1.0138025
-310.29196,139.8705,-26.411163,35.651127,19.359507,8.269321,3.0440137,10.420441,-3.4669127,0.91004837,-2.7439091,0.8364508,-12.534946,-20.525864,-15.514039,-9.4676075,-2.9693584,-5.788938,-4.66762,-1.4695556
-253.9638,155.94394,-48.59877,42.215145,8.112246,-1.2606251,17.595089,11.425051,-4.6369205,6.703025,3.3450541,8.810791,-0.7371968,-0.7888048,-7.2501316,-12.753439,1.1079576,10.791365,0.6768577,-7.401081
-165.29236,170.2113,-51.721855,45.73948,-16.58493,22.605503,-3.5290148,2.2793093,-9.68983,3.708974,14.232489,-0.7450773,14.129543,-1.9835339,-15.790153,-1.0496733,-5.7449913,1.1467261,3.5147085,-2.847093
-190.67494,149.93655,-19.859467,44.098335,-26.534048,36.98725,-19.940891,1.8203065,-0.6516715,-10.916689,7.8619986,6.824216,-0.8801444,-3.408576,-13.399254,-0.90414685,2.9270132,-6.3995647,-13.593592,-2.3190024
-243.12733,139.68123,-0.9482777,39.40241,-23.64901,40.672874,-10.804674,12.474895,-1.8329442,-14.670187,4.5632186,-0.7359562,-5.281878,2.1014404,-3.1386652,-4.3216667,1.4852724,5.5929165,-2.4700446,-1.1044717
-290.88004,144.27367,3.9016304,38.75315,-4.814897,18.95766,-4.913638,12.416788,3.8490806,-8.9023285,-0.27668953,3.2694535,-10.791067,-0.87310004,0.34477985,1.9408762,-4.824154,-7.257634,-5.8596687,-1.7965047
-315.2201,151.74373,-3.0409696,33.620735,6.710238,13.66584,6.2118087,10.931466,3.6753058,2.7569685,7.323234,3.6745353,-10.827904,-6.827121,-5.8313894,0.9543151,-6.395484,-7.6063986,-2.4195607,-2.3517778
-290.7002,161.13087,-5.1719327,42.72879,11.487572,7.8382397,2.7728682,6.5859575,1.0389484,-2.9007916,-7.2848644,4.2148604,-6.324026,-0.7601711,-5.80921,-10.0121765,-15.147388,-16.400024,-11.227385,-4.877132
-301.46863,169.98207,-2.9560199,42.305008,22.446459,7.791175,3.377252,4.447675,-2.4430625,9.480499,-6.009118,-0.7157836,-2.4256606,-4.4671173,-4.768903,-11.820222,-15.040056,-18.031382,-11.911398,-5.617795
-312.3191,169.9703,1.8087947,44.235264,23.771652,0.54626524,3.7382178,10.2607155,-0.80182076,4.160042,-6.473581,1.1142077,-4.645309,-7.882283,-9.540897,-11.862652,-10.329212,-16.563261,-12.547225,-5.855506
-313.63278,162.88974,-2.4620028,47.490974,25.034725,12.966761,4.6381273,5.315384,4.523779,-4.647347,-7.279731,-3.7237496,-2.5028515,4.182959,-10.521173,-9.340219,-11.492779,-16.063986,-9.544357,-5.1124907
-244.75307,141.81924,-24.006765,46.97226,-3.1139226,17.462952,-12.521954,2.7042515,-12.352572,-7.877195,-9.664173,-4.7782063,1.7009977,-7.1920123,-9.904245,-6.8116636,-4.15408,-1.1506596,-6.633338,-7.8168297
-96.48354,153.36388,-21.97418,60.70659,-40.014423,19.673187,-31.654503,16.859955,-6.3408175,-2.4316354,-13.416903,3.2598104,-1.2442963,0.25454015,-11.327758,-0.4621349,-7.0059996,-12.567726,-2.1013913,-7.9890466
-88.18339,161.46317,-47.88788,55.12526,-39.304832,6.3719234,-31.393412,29.088741,2.7728374,-12.430382,-15.695961,-0.9580102,2.9756474,1.4078437,-4.1065626,-5.0669317,-15.254833,-12.579405,-17.862078,-7.350177
-101.30412,179.53934,-74.96213,42.261627,-41.686447,-0.76498586,-15.471457,14.741529,3.1064348,-18.103762,-9.9531555,2.205536,-6.2893205,-9.575128,-10.069324,-7.98903,-7.9982553,-12.293737,-18.152542,-4.280232
-125.02704,159.81175,-80.87573,52.000916,-33.71679,1.901365,-6.673297,13.640047,6.9292703,-14.915497,-10.407717,4.843686,-4.2837963,-12.401535,-15.385157,-12.671564,-18.492208,-21.887117,-16.2622,3.3905756
-152.40405,157.51747,-81.31145,52.55964,-27.22527,0.540594,1.4001521,6.02162,4.7414217,-8.213937,-2.7931645,9.194142,-3.2612984,-8.653681,-7.953541,-16.023743,-15.463125,-12.79373,-9.68734,8.459894
-186.62848,152.54651,-84.44956,45.454178,-18.518768,3.1435564,5.6460114,4.308694,6.612416,-12.420452,-3.4887471,13.554907,-2.540311,-12.915039,-6.6080055,-10.265326,-0.33723673,0.22906017,-3.375647,9.5176735
-229.73412,154.6536,-61.410492,44.50276,-5.091979,-3.9358964,3.9843774,9.971827,-0.8201214,-22.799158,-10.7376585,9.878614,-0.529515,-7.3532004,-1.98612,-1.3039004,4.0975113,4.3580875,-9.937374,3.1048038
-271.11716,152.04222,-47.51152,35.19297,-5.1298714,-9.56439,5.6724324,13.8079195,13.442941,-15.267031,-18.810446,4.6268935,1.5743527,-4.950561,-9.087837,-0.15633368,0.15102834,2.9042716,-8.487087,-1.8639759
-272.90625,157.81218,-40.522667,42.77774,5.4924417,-14.140315,-2.816081,11.94306,8.607921,-6.2032056,-1.9999844,13.85582,12.345861,2.5688336,-6.336832,-7.252327,-2.9966471,0.2784961,-11.964452,3.080141
-255.40384,156.84451,-48.42596,36.67927,-3.1223698,-8.048326,0.5345537,10.985953,11.742515,-7.6432056,-6.314554,9.382114,4.620558,9.658119,3.199439,-3.2972622,-5.232307,-3.0812154,-12.339339,-4.2106056
-192.59424,182.65378,-31.912853,54.381905,-1.0699546,12.5667305,1.6459427,3.865845,-4.4617286,-12.193226,-11.506138,-3.3121645,-0.6273329,2.8360438,-3.344462,0.41730714,3.3325148,-0.6438213,-5.569882,1.4962562
-187.47174,155.92754,-27.191067,69.873,-6.713766,26.991016,-6.817849,9.751763,2.2796993,-15.871864,-1.3857813,7.6610584,-2.6834009,5.288561,1.2522496,-4.122855,-9.840993,-15.3032,-2.2774017,4.2278214
-219.62091,143.51483,-18.466831,59.81463,-14.793681,20.080643,-12.968483,11.93989,7.3110266,-19.012083,-5.0779,11.817162,2.013079,7.9045935,-5.2791367,-8.488544,1.130794,0.929795,5.204229,10.054207
-253.40369,156.57086,-16.255638,53.521866,-4.8265343,3.0410538,-6.938822,15.069639,22.654274,-6.0878973,-11.546001,8.58906,7.1410136,9.311567,0.0067384243,1.3729329,0.599838,-0.5837264,-0.99875677,4.108652
-265.51044,167.35312,-24.66539,46.31378,13.859061,3.3713727,1.5337126,13.605224,12.734819,-5.0622053,-4.0395107,15.869741,2.9763653,-2.2501743,-1.1088545,2.2891116,0.6977701,-3.3840837,-7.23795,2.9214857
-273.31577,169.46198,-22.093195,41.869858,10.663274,1.3011303,9.81669,17.978247,10.439789,-7.626673,-7.1052237,14.003895,6.043906,1.1678315,-3.2757754,0.1610693,2.7599866,-2.0731683,-12.988329,1.1290858
-288.00497,164.23615,-21.700254,41.799736,14.285198,-0.31688774,13.869573,16.775179,8.005669,-6.5572305,-2.7692976,21.575665,2.6537921,4.1421986,4.987036,0.8044062,-2.1409054,-2.7841845,-9.022892,-0.06170851
-290.67215,157.91446,-29.220293,33.210182,13.1018505,6.494695,21.43416,29.486027,12.435442,-9.33984,-8.11516,13.108507,0.381657,-1.9997791,0.7491535,2.3969276,2.9700575,5.3167553,-6.1377945,1.6972977
-286.8771,163.92717,-30.492393,38.642723,10.530691,-0.837964,10.477924,18.460217,13.157535,-3.9035783,1.5214002,20.517979,10.107566,-0.2837845,1.340739,0.5703205,-0.82146204,-0.863453,-9.80122,3.37535
-245.39095,168.07785,-46.016903,40.551506,2.5533714,-4.2642007,4.8028555,14.861844,19.510077,0.4318862,-7.6208687,9.679764,6.495202,1.1412964,-0.1318621,2.2441912,5.088254,5.563671,1.2941397,3.527306
-68.77451,149.76868,-54.19886,51.584476,-65.13248,6.103053,-23.013231,13.198218,-1.0452778,10.598482,-21.225657,9.281983,9.0220375,-10.153229,2.4949684,3.5757174,6.644865,-11.034351,-13.318188,-1.6787738
-62.045166,108.660065,-72.86791,55.74623,-50.680717,34.345768,-10.783328,28.555294,-10.738638,14.091555,-4.54601,18.580402,8.985539,-7.844659,1.3784672,0.48306718,5.741207,0.2743044,-7.026884,1.7534028
-86.63991,122.20662,-73.06326,61.20221,-36.106667,32.442516,-10.356306,26.304657,-6.9761667,11.883219,-3.3031836,26.15951,23.020359,-4.5997367,6.3870497,-6.4746327,5.9235353,2.7716293,-8.049596,-7.583515
-117.446335,134.86908,-82.24665,56.803352,-31.838238,22.478912,-0.3408621,27.741531,5.2185717,2.009675,3.247432,21.714806,16.187004,-13.21148,4.5390315,2.9522624,10.287088,9.1251335,-3.0625176,-6.016085
-131.96732,145.77597,-85.459335,55.295437,-25.672935,19.572529,7.6801376,29.145409,7.751316,-1.3937075,3.4710972,16.064108,13.815602,-12.637059,4.7213902,3.3805616,6.5909295,7.1587715,-1.4138057,-6.0293794
-162.62396,145.74341,-78.01868,57.42841,-25.984568,9.570007,10.638416,23.987835,9.078338,-8.569255,6.564973,21.410152,9.744626,-1.6980234,16.289513,7.0310345,2.0564988,0.38686663,-3.2196743,-2.5120032
-185.97974,160.48169,-62.451427,52.458603,-18.892586,5.5103126,10.2399435,19.156212,11.900413,-4.9311886,-5.43919,19.798988,9.225271,-4.332534,24.051582,10.387601,-0.012971163,5.183202,-3.0698266,-11.046136
-214.34601,166.1754,-54.27778,50.83696,-7.7100296,4.10095,18.041935,20.168777,15.312389,-2.705264,-12.642889,19.062967,11.9448185,-6.083879,27.299074,17.826595,7.523812,6.861937,-12.369939,-20.793941
-221.58238,162.48654,-47.50877,45.76688,-12.4225445,3.4948385,16.848352,24.643372,23.737955,4.283899,-3.0815854,19.781746,6.578109,-0.9271084,20.19791,14.090645,5.898431,11.966074,-4.37292,-17.84734
-227.66512,167.96643,-45.33081,43.732483,-4.7867436,6.613245,12.941408,22.874857,18.21373,3.35459,1.0812728,15.287181,7.7336564,-4.179761,13.566258,5.9101567,-0.8154056,3.9060936,-3.4171853,-6.9474654
-238.89545,173.70651,-37.33947,45.0503,2.435851,5.727048,11.533264,19.74086,15.096266,0.8644348,2.9453506,20.18301,14.829504,0.013236165,9.793161,6.648346,-5.4175854,2.1352558,-6.1390495,-7.876993
-255.09818,163.57236,-37.715637,45.56391,4.2638907,5.5388584,16.059612,17.975552,10.318715,2.0416412,5.5893593,16.276176,8.282232,-1.4102497,2.211165,5.1200275,-3.2799602,-3.3281093,-4.5053873,-5.322307
-219.51712,127.71791,-16.726961,48.106308,-23.739464,26.848795,-9.970986,28.040318,21.369366,-0.79680586,5.229379,17.519794,5.0453467,14.788877,2.9720263,4.7562456,-5.731639,-7.1019344,-5.6094813,-8.748192
-221.76485,108.21303,-12.418247,48.72216,-26.92361,32.26642,-16.503092,31.770645,19.400204,8.554778,10.656418,23.309496,10.003718,8.467649,-4.811225,-3.2895503,-4.38122,-2.4906046,-3.6745477,-8.274994
-242.83173,151.76285,-31.19696,47.34802,-9.280819,9.772639,6.596958,25.37183,20.274847,3.0999436,2.563468,12.807437,10.782625,6.2562346,4.086063,0.71100545,-8.70486,-4.787559,-2.9866452,-8.24029
-248.97461,157.94153,-36.407745,43.250084,-1.4649622,7.785306,15.535212,14.711136,10.634691,1.3368812,4.023131,14.657032,8.37175,10.334669,1.2433748,-0.54770845,-10.046027,5.4016466,4.3372664,-4.0965366
-259.00772,162.27927,-35.588478,42.03425,10.907747,2.8503754,11.217751,20.846304,15.901649,5.8096437,-3.811163,9.393573,8.386696,7.7344203,6.723933,4.173786,-7.1246915,-1.3727252,-6.989838,-1.2106458
-270.60547,164.34052,-36.23181,40.768566,15.231888,2.6602063,10.892869,15.657796,17.884731,11.253569,-2.0615447,7.497761,3.0090427,2.7747307,11.456603,6.0773706,-6.022103,5.1962504,-7.4385433,-10.500795
-272.62155,160.98703,-35.29905,39.48267,10.841663,5.5167723,19.466976,20.355816,14.115592,3.5483608,-5.5230904,7.675808,2.1925383,3.8389096,5.884122,5.3325405,-1.6056554,0.38545537,-1.642585,-5.531332
-274.14523,167.10446,-32.252884,38.5565,14.764784,5.6837654,12.376594,13.531083,17.065512,6.2877674,-5.4841948,4.78134,3.380568,6.8279657,8.0669775,7.7843304,-3.8765101,0.6975374,-0.3792653,-0.8056514
-219.82121,166.17813,-40.32173,49.76226,-4.5652084,9.049021,8.165087,0.9079516,-0.10300672,-4.022809,-10.888666,1.7649871,2.103107,6.292577,1.4348829,2.7432823,3.214707,4.445182,6.083679,-2.4645057
-147.16866,164.63406,-44.149902,39.824783,-36.403618,22.929691,-8.788273,6.876732,-21.075182,-3.305395,9.555892,0.13385639,9.208372,7.2186546,10.699394,7.940607,3.606823,4.91488,8.463418,-0.41360235
-149.42047,132.1114,-10.724424,45.588562,-31.486643,42.718616,-28.077192,15.167542,-28.14245,1.8289751,-4.3972273,8.892292,6.3462305,5.6751633,8.044157,3.282036,-2.6557703,1.4283943,-1.3957348,-11.755042
-205.2919,140.65416,-10.534605,50.49922,-11.62608,27.454266,-26.55024,20.342426,-15.408683,1.0494859,4.4926815,-0.24200389,8.078258,5.1293163,10.536217,5.4607067,-0.5297601,3.267284,0.9617318,-12.2728195
-255.90292,153.33087,-24.159,43.31893,3.2086616,10.475239,-13.944834,3.3416514,-7.7131453,-12.699619,-6.117161,-2.154747,9.468466,16.698717,11.256324,6.9885488,4.8904533,9.229695,2.4668517,-4.258301
-265.3956,162.59445,-29.306435,36.500732,9.811438,10.599339,-10.195727,-5.097701,-3.5821753,-5.107221,-4.129588,-5.1267467,2.9539013,18.017666,18.617702,13.895594,10.481806,4.152627,-6.2204394,-3.141458
-255.00029,136.2261,-41.16636,33.393764,-16.736134,17.583172,-10.963342,-10.356775,-7.281972,-15.77995,-6.053469,-9.783992,9.102708,15.572828,10.907795,15.072111,-4.353327,6.382722,1.6008679,3.1222672
-227.13306,95.92414,-29.028395,62.566216,-35.77917,28.84753,-9.498414,1.6832056,-5.931363,-11.142954,-19.375288,-5.6619506,8.241685,10.077362,14.056776,17.479736,3.9693923,3.6065247,1.9180754,1.0339887
-197.11536,61.69111,-35.587612,66.41191,-52.753624,27.878649,-15.398836,8.199139,-8.376434,-1.3108673,-27.00245,-5.270069,4.3270283,7.3719926,8.300846,11.093636,0.7158959,0.39019334,-5.5603704,-9.517656
-175.34987,46.184834,-35.163696,67.31888,-61.174095,35.852383,-13.418108,12.390401,-5.7104826,4.3836427,-21.316677,-0.8372935,-0.3388362,8.651809,4.5004063,5.1165953,-5.635645,1.5188493,-5.591668,-5.3704605
-164.82489,44.510544,-35.80152,72.13841,-59.10296,40.725834,-16.173439,14.088763,-5.0259037,10.272348,-16.220142,4.7383027,-4.2330117,2.133613,4.3390102,7.8267913,-8.156395,-1.7969115,-2.7704275,-10.267628
-153.37242,73.722244,-23.609077,80.72432,-46.210922,36.61461,-13.895664,12.859324,-9.572433,11.486216,-13.540847,4.349983,-8.939869,-5.2754173,-2.239318,0.69061244,-4.9477425,-7.831405,-10.145441,-6.091406
-81.99289,142.10217,-75.1255,60.827793,-21.86761,27.932835,-31.44276,4.921996,-25.764805,-15.111101,-1.9773605,6.8443365,-4.065889,-12.254922,-0.20785445,-9.440119,-3.0859137,9.427278,-4.1617603,-12.305881
-76.29028,159.87744,-98.02962,60.311016,-18.480139,12.613309,-17.52732,12.8462515,-6.7940083,-6.6142464,7.5869102,8.499525,-3.6053936,-7.138653,0.2519039,-8.759013,-5.4593678,9.76862,-2.6609347,-7.9719477
-91.81883,150.38655,-108.72075,44.960518,-22.534206,9.578874,-14.108736,23.594566,-12.257069,-0.057626247,10.663769,7.982073,-1.0632613,-14.450209,5.3202105,-15.683334,-13.745436,8.882623,-2.1594563,-9.843831
-105.86078,147.43985,-108.53762,46.43888,-17.286373,19.760826,-7.2622366,15.727812,-10.859261,-5.275606,11.576801,9.855214,0.5407375,-11.666272,0.613495,-4.026969,-13.756765,-0.12685513,-1.9742591,-10.96249
-121.50573,133.00089,-90.50151,59.084076,-21.271725,24.73161,-7.458238,12.981574,-1.7534003,-4.972725,4.169058,2.0141134,-8.057099,-6.4750094,-8.932847,-9.194367,-16.838537,-10.088587,4.4383636,-5.246974
-142.7011,137.87921,-80.97569,61.319557,-16.114399,25.454273,-7.323464,10.041461,-1.3951632,-5.8266945,7.9295745,-7.463979,-8.930581,-9.411825,-14.728573,-11.886252,-14.657262,-3.0143163,2.1520767,-5.7076297
-182.9382,155.14798,-61.70661,66.24379,-3.6664522,17.810192,-6.5074368,11.492649,6.766409,-9.4946575,2.0263238,-16.865902,-4.3891354,-6.686447,-14.176634,-12.726761,-11.013481,5.7059526,1.110959,-8.051126
-192.43182,157.48038,-60.009907,59.76861,-5.513355,17.432297,-2.1478968,16.886635,10.901473,-11.835449,4.878929,-10.507587,-5.902852,-7.40304,-10.504269,-13.326513,-14.326454,7.091461,1.4304702,-10.562019
-196.79565,164.37106,-50.795654,60.434036,-0.29328597,15.622509,-8.936933,5.6752496,8.877451,-10.596367,10.370591,-2.368002,-11.536902,-5.9804344,-9.171644,-7.371978,-6.3311377,4.5501127,-0.23988557,-11.599625
-188.54102,156.44559,-54.128212,57.06826,-15.956247,13.213223,-1.299692,7.9792466,2.4958405,-8.945534,8.377144,-0.2242297,-9.512329,-10.371345,-7.6928673,-8.499087,-3.4586654,5.7772694,3.9825048,0.336321
-88.96683,111.81165,-59.199146,71.71011,-32.3674,44.038773,-13.827164,2.3676121,-26.49569,0.60100627,-17.070091,10.865336,6.7515182,-5.5586104,2.6411204,-7.3318267,1.5171485,6.075035,10.023323,0.94320303
-57.80273,114.770294,-72.249245,55.176575,-40.402435,31.935452,-19.217052,27.118437,-14.502583,12.087053,-7.363719,7.1729574,-2.0834975,-6.3284044,-1.7173116,-3.5417242,0.2405479,1.0308914,3.0646,4.9750004
-82.571846,142.9394,-99.58115,41.885002,-31.035849,24.988487,-13.3397255,17.046757,-13.806684,11.430777,-2.6180625,1.946655,1.1013255,-18.007233,6.366291,-8.27579,-3.9687846,-0.78700197,1.5288696,-2.5934033
-107.91175,149.56436,-103.55405,37.74422,-24.917185,11.561711,-4.3210855,23.378677,-12.716892,12.179329,-1.9649749,2.4172015,15.633884,-18.706215,9.829015,0.6733366,-16.627436,1.926117,-4.394703,-7.0898123
-112.46286,157.36732,-105.82701,35.12196,-21.04918,7.6028028,-5.1901245,19.84302,-12.593679,8.903049,1.0999825,4.3382187,18.27999,-18.72609,4.2277412,1.422827,-21.451347,9.974762,3.3019586,-7.2485166
-123.91662,155.56923,-103.74295,41.330143,-19.222202,7.9148607,-0.6271682,15.085131,-8.436015,-1.7522502,-1.2602644,6.3891354,9.067741,-4.745186,6.451954,-2.7433715,-17.270363,2.8474941,11.314323,2.4135451
-120.884224,163.71265,-102.47837,40.568794,-18.870703,6.053246,-3.1182842,10.2584,-7.601582,-15.219907,1.1385052,12.291204,-0.9543488,-9.247516,-0.022197813,-1.5531453,-10.833089,2.010271,3.2656553,-1.4104843
-137.93417,169.4201,-96.19346,40.23611,-21.690775,2.5275135,-0.45134103,7.189363,-10.695125,-24.941492,5.5484943,17.626236,4.239517,-3.9000835,-0.61683375,-5.6336975,-11.294977,-0.34563723,-1.1062601,0.9604517
-161.01,173.7716,-90.10129,39.218346,-14.6477375,-1.7444234,4.1223803,11.788843,-10.377268,-25.206646,4.8962665,14.5710745,-1.7502184,-11.700228,4.8455896,-3.5903182,-12.558294,5.259557,0.6921614,2.9949424
-178.48125,172.88353,-76.79724,41.287216,-14.20629,-2.1872137,7.097999,14.237513,-1.6871662,-14.03146,6.66451,10.944017,-6.4097447,-10.422234,3.3591678,-10.525703,-17.243553,0.9956806,2.6494975,6.992887
-143.45589,165.05206,-54.03505,52.297085,-28.496712,18.287064,-4.867855,2.8814852,-7.2092524,-12.979553,2.4505289,9.927139,-3.578442,-3.126121,-10.130588,-11.166996,-9.808418,2.2646348,3.3325748,-2.0360801
-190.50735,146.59937,-41.34058,44.652,-17.53458,25.87956,-10.035143,11.979505,-12.869967,-20.369833,5.1354156,7.0099025,-1.341228,-6.934617,-4.414882,0.37284777,-5.8762727,5.019514,0.31572425,-1.5014963
-187.42308,128.53786,-36.133034,43.79444,-16.282042,35.070225,-18.07869,24.62721,-6.9670134,-12.591782,8.135416,6.0528736,-3.9193325,-5.6122465,-1.8095574,0.14922488,-9.788571,-2.214445,-8.40628,-11.731505
-218.61368,162.20334,-47.14882,38.693245,-5.8265853,11.83811,1.2098628,11.345175,3.9766307,-8.356185,2.0857735,6.167416,-0.8660291,-4.0442057,-3.4670653,-1.5222505,-9.624311,-4.813397,-15.033262,-8.656284
-233.04083,163.37234,-51.949272,42.4488,7.844738,8.081798,7.51277,6.655055,-0.40046474,-3.0719175,0.44567347,7.3214474,2.8605282,-0.40398127,0.27456412,2.675168,-11.738976,-10.709602,-9.155927,-4.8739486
-235.56824,170.79037,-48.84422,38.155193,2.3951182,1.4197516,4.817561,7.800516,7.108473,-3.7196114,3.8402748,10.954069,2.4211335,5.1187725,5.1341386,-0.95951843,-18.182854,-8.526636,-4.8192754,-4.5407763
-246.95268,164.16693,-51.83609,41.992416,18.45655,7.9484224,10.331446,6.6157417,-2.6200037,-11.897881,-3.7323794,6.5179834,2.8004334,7.3328133,5.8808055,0.97732925,-17.90295,-9.837962,-4.125198,-7.5934615
-240.70602,168.41243,-52.871307,30.628628,13.043703,11.213951,9.331551,8.282524,3.3482857,-10.346177,-2.3210218,8.455526,1.5458899,4.581441,-2.5808465,-0.35831565,-12.1104145,-4.274354,-9.436325,0.024162889
-246.91975,160.97406,-58.835106,34.82007,13.6698065,7.7725673,11.04278,8.57772,1.5212691,-8.196735,1.095114,11.6394825,-3.0167496,1.2009621,5.6060476,6.795636,-3.3730917,-1.5632281,-2.2126129,2.6994143
-193.81293,151.04123,-50.075096,42.003395,-13.614625,15.958051,-1.1655031,9.39666,-6.0206466,-0.42985994,10.764904,12.246373,-0.63772774,-4.721161,-6.5673895,-12.826904,-15.856661,-4.391578,-1.5362654,3.7632124
-152.28874,162.49007,-36.909412,54.821083,-23.122736,25.234818,2.0195262,14.986444,-9.377225,-9.892294,-7.9624577,-3.310633,-9.4850235,-6.0805774,-9.320278,-15.908058,-21.67579,-11.9554,-3.675206,-6.696681
-125.25564,127.43889,-15.895117,51.349102,-20.567444,41.941826,-25.692163,22.32022,-18.606903,-6.900406,-16.50811,-2.2484014,-13.377504,3.9870696,-14.812472,-10.555285,-9.921101,-5.336195,-7.774048,-1.7189583
-161.24907,163.41713,-38.86695,54.58116,-14.448601,19.438969,0.9740181,22.01376,-15.543766,-11.950103,-7.9089994,-4.2395635,-4.3012066,-5.1381893,-8.733198,-12.882303,1.2509508,3.5781407,0.51323104,-2.9609919
-168.58046,163.17682,-47.65235,54.70916,-0.28294498,17.163736,-10.55283,16.84682,-15.55121,-16.226679,-7.1269627,-10.513105,-5.2851887,0.5671501,-4.7377563,-22.202665,-2.8857396,1.4605739,-9.881697,-0.7620373
-168.40825,163.92235,-53.451145,54.723305,2.513786,19.674541,-17.911268,7.8916245,-12.370164,-16.39956,-4.840301,-15.30569,-8.171902,-7.4998713,-19.246246,-21.325905,-2.1700096,6.9802985,-9.067304,-4.7022514
-186.28203,161.77258,-54.033524,53.708176,7.758304,26.858755,-9.003601,8.662241,-7.61292,-17.120918,-4.988225,-16.274204,-14.579639,-13.249483,-19.387117,-17.983528,1.0192711,9.782742,-7.3300657,-6.9802394
-179.26976,166.35712,-60.542217,36.98039,-5.5967336,31.407396,-9.746044,10.522191,3.9789324,-11.425776,5.5378346,-11.898568,-14.8675995,-7.9763093,-11.178436,-18.080383,-14.621557,-2.6949198,-10.289841,-9.137437
-179.2715,157.24469,-64.71544,39.209503,-1.0590239,34.230976,-17.898266,8.742315,9.101827,-7.3574133,13.691917,-11.2795105,-13.770754,-1.3337584,-4.108421,-6.950541,-19.493397,-13.635176,-6.5222836,-6.148402
-189.04213,158.133,-59.194572,45.793076,6.492298,35.660538,-16.183218,5.792329,7.9908447,-5.1040163,6.925533,-16.340279,-7.062346,-5.445157,-16.580452,-8.902369,-19.544533,-14.954422,-1.3066566,0.79194736
-191.05699,152.15555,-59.208427,56.222626,8.36495,32.077522,-13.481359,-2.203047,4.2551923,-9.013726,4.2101,-9.2471485,-11.819281,-5.455902,-21.41864,-13.396418,-13.080709,-10.163668,-5.3199997,-7.236725
-111.53647,173.711,-72.72092,61.834785,-3.5086112,25.826485,-16.80428,0.7405875,-14.198156,-25.070028,1.1945627,1.8053538,-15.767005,-12.96922,-8.801895,-16.16046,-17.728432,-5.6050415,3.1944187,-8.527039
-91.99203,162.43965,-84.412155,56.417145,-14.0582695,25.261303,-14.223278,18.11304,-8.763375,-17.101723,3.6146452,0.42355835,-10.596439,-10.8158045,-10.991295,-16.17749,-17.55235,-7.92779,1.5621164,-12.661546
-94.19185,162.69914,-88.40474,45.621765,-19.182144,26.013218,-10.164936,22.092083,-6.6935077,-22.141632,-0.52813697,-1.5013734,-11.1802435,-10.476108,-11.131456,-5.3142014,-13.312138,-10.06118,-2.52883,-13.242342
-91.85744,154.86302,-100.720474,38.660683,-21.666569,25.656109,-15.830409,15.473681,-7.894491,-17.320486,2.2036252,4.198968,-7.4947076,-6.6625957,0.26316446,-4.1316156,-25.052422,-16.487112,-10.076862,-12.943226
-112.89304,143.76587,-90.5189,51.34814,-20.017372,23.769146,-13.0508375,10.23931,-18.08089,-24.645504,0.043136954,9.546579,0.8845923,-2.6022608,1.6700971,-6.5586944,-19.313358,-10.2225895,-10.766412,-11.819292
-143.65536,153.25937,-77.892715,61.041595,-5.3516436,24.21284,-11.659008,-1.6735133,-12.695874,-13.820189,-1.9404151,-1.1402879,-3.0060883,-7.6592607,-0.915296,-19.742546,-23.213648,1.5608146,0.12601596,-2.5334606
-223.17117,139.58942,-68.866394,47.739815,3.3353224,25.682665,6.7698636,7.7379694,3.0282903,-3.6292388,5.224316,-1.6246786,-8.08609,-13.793565,-6.4472427,-12.352979,-14.902349,4.2840075,0.21665484,0.2236045
-235.89598,138.24591,-61.78035,44.805103,0.17236266,17.495998,4.4382005,11.545515,0.9869932,-16.59863,5.0128164,11.88965,4.5888534,-1.9175394,-5.233816,-8.4203205,-16.626135,-1.6050758,1.197887,-1.1373465
-210.14944,114.67018,-47.760605,61.478954,-17.27552,25.009556,-6.022238,15.66496,-0.6232841,-4.6649094,9.207418,15.849012,3.963906,-8.250483,-5.927781,-6.7918644,-9.349867,-2.6626682,2.6834779,-5.104726
-170.46791,92.31193,-47.230686,72.234695,-44.76583,26.414322,-3.6738238,14.763359,4.696211,13.026277,2.630722,18.361677,1.4917086,-6.6829176,1.5317137,-5.5405397,-6.749342,1.7663714,1.476902,-4.942425
-114.40216,60.52968,-46.796013,82.997894,-53.4887,39.72367,-6.6904416,17.492313,-9.383742,29.891937,-3.8289795,21.912258,5.1663837,-4.418338,-0.730633,-1.0025227,4.210118,-6.87881,6.302801,6.012307
-78.772285,93.66681,-33.404804,81.75757,-39.80553,51.49002,-14.797499,27.851833,-9.647624,21.467293,-9.984636,8.070562,-1.966827,-5.0567427,2.213358,2.9780903,-0.41009587,-11.470676,-5.700692,1.2157283
-87.53943,120.63393,-64.37233,81.32968,-11.985302,37.720573,-19.649944,8.312179,-10.6391735,20.154896,-10.710381,9.798818,1.3444114,-11.962012,4.599643,-10.431454,0.0714106,-2.205286,4.1412582,17.082123
-105.286804,130.23529,-91.21098,85.600555,2.7298326,27.868345,-14.160511,11.391565,0.78185517,12.441442,-1.1816156,-2.0694535,-1.2927456,-10.046307,0.3202312,-17.763317,-2.0046206,5.6532435,1.4456255,8.09376
-118.57378,131.78766,-84.58749,87.57875,3.0433695,23.154976,-13.532368,12.4993,5.0882063,8.894022,-3.235116,-4.6707,-1.9405005,-6.765318,1.2703996,-10.508824,-2.688756,10.4502735,11.059645,9.362591
-128.84238,128.0321,-89.96094,90.9736,6.1859255,18.341064,-12.591631,6.3087792,-2.0479393,4.720048,-2.5054824,1.8899851,4.0718117,-7.828983,0.05609384,-9.356203,-1.9677403,8.626802,6.1025467,8.980144
-143.51012,118.54616,-87.037704,99.41907,14.4904995,20.956203,-10.926792,8.6894,0.5627131,4.844488,-4.056754,-3.0301802,5.6348195,-4.5539827,-4.2006235,-12.650761,-0.4656829,15.173393,14.310163,19.30642
-154.85612,120.938156,-87.4478,89.87712,13.007473,22.12452,-9.316723,11.445866,-0.017538667,-4.3047376,0.3210771,-0.019020677,4.776552,-3.3748522,-2.8172233,-9.455051,2.150433,14.104772,10.788351,15.45836
-177.94754,119.03314,-77.06903,95.15659,20.082676,17.907759,-16.885489,5.9002776,-0.017643303,-4.929883,3.4345088,7.654146,9.125635,-0.01368412,3.61777,-14.344529,-2.747991,17.415749,6.1128087,13.261606
-189.34003,132.80566,-63.586597,89.11395,15.910372,12.887186,-16.44173,3.755649,6.1250677,-0.92903054,5.9170103,8.476005,12.61212,-1.2994317,-4.5877557,-14.066191,1.3086121,23.596487,3.2841756,15.257366
-206.70396,153.3067,-57.88246,70.522354,13.460561,8.021655,-8.149064,4.076668,10.953972,3.020572,-0.04843408,1.3943737,5.395592,-3.5047631,-5.7467165,-7.554097,8.726435,18.251564,-0.5010016,8.178689
-209.16716,139.98268,-38.78749,64.72493,8.193905,19.603073,-14.666251,14.247028,4.3301263,4.902196,4.1554427,8.759832,3.9528906,1.0411198,-6.669584,-6.94415,9.038964,8.981475,5.5097866,2.0199082
-197.671,107.38314,-23.065693,65.659096,-8.403639,39.83265,-23.62627,17.19585,9.660695,2.7735684,4.91583,13.5886,-1.6721714,7.9625416,-10.881123,-6.118906,2.0376892,4.9116488,2.3397374,4.490727
-211.66475,127.811386,-33.956566,60.24325,-2.5761685,23.022676,-22.612755,19.014202,8.587156,2.044671,8.037378,8.331968,7.1701856,2.562789,-6.0750694,1.3731236,4.8162527,7.130931,6.1526904,2.4277563
-252.16324,143.1186,-48.889587,56.521706,14.764897,7.4573946,-4.676815,11.9566555,20.132774,6.909192,17.1534,22.159996,6.759535,-4.162017,-7.7807627,-0.9163483,2.406061,7.8489943,-2.780181,-2.670419
-249.87119,156.35117,-47.520126,52.50585,19.70419,11.286957,-2.7668254,-1.3693701,5.221552,-0.82801473,14.130513,17.339804,6.2717495,6.5578394,-3.6017077,-2.0487294,2.0754619,9.2887535,8.225035,10.470366
-253.21385,160.04663,-46.837257,45.634407,16.518631,10.027365,8.203484,8.827774,8.394977,-0.6003091,9.882019,11.529863,3.132114,6.9448667,-1.9284558,0.40445274,-1.4173166,5.1143713,1.9134645,4.9069734
-257.1066,159.40456,-43.077904,50.07294,14.363831,3.9881842,9.396309,5.666133,11.188268,8.750513,9.271409,15.218439,1.5885363,2.1360984,-4.1373353,-3.7685473,1.2421641,6.4091125,-0.86280394,-0.6285979
-260.04553,160.1105,-42.42884,54.40954,23.93293,9.738992,4.783841,0.8023691,2.5513368,9.377857,14.322285,7.739013,-0.0025293827,1.0955493,-1.8113079,0.8177223,0.8347542,8.463972,8.007308,1.4271575
-253.86665,154.10944,-48.423904,46.724216,12.375572,5.3337493,5.9305935,-3.934154,-1.1884766,0.14290552,-0.81562,7.6995277,3.4431682,11.410435,6.1358156,4.859543,4.05908,13.68832,6.717742,2.5577483
-174.83861,144.10632,-40.954857,41.396587,-32.755882,11.921897,-17.303719,9.976118,-8.427689,7.316303,1.6357533,5.118614,11.044674,6.687639,-2.0332775,-4.0347424,0.51927745,-3.2417178,1.0188969,-3.6526499
-135.79285,116.94694,-27.857172,49.36622,-34.5821,41.857838,-30.041534,4.86182,-29.43341,-7.556651,-10.979395,2.402841,5.7886086,10.583878,-0.8997247,-2.214806,-4.146985,-3.9051723,-3.2853608,-1.632994
-213.10715,116.39444,-32.567387,41.210323,-18.300953,24.443903,-29.699062,10.862378,-23.17261,-12.402186,-0.57348025,1.6622298,4.8773103,6.344763,-1.7102726,-10.590813,-15.09035,-16.67012,-12.385836,-10.632748
-248.59457,134.19632,-41.350914,44.13232,0.9444012,7.5827165,-16.40704,2.9836173,-10.81576,-10.7661495,-1.2857561,2.9072328,-2.2851062,-0.8647696,-10.843878,-20.071243,-14.080929,-5.706517,-12.330133,-11.248247
-271.1298,141.88252,-46.48696,38.509964,12.11085,6.583775,-4.9778323,-1.7242326,-7.8802247,-5.5208154,-2.6696255,-6.747197,-4.799676,-3.4781492,-12.098419,-3.5465994,-8.87745,-9.040888,-14.160986,-11.19812
-277.72754,144.94455,-43.57762,39.041916,16.326092,-0.6009663,-4.6341195,0.92250514,-8.987772,-7.0449224,-8.551559,-10.258358,-15.764345,-6.8035746,-9.82674,-9.218559,-8.221628,-4.6035066,-9.147699,-5.1793184
-285.21448,143.89175,-49.028435,29.258986,15.288755,3.193829,2.4128919,3.5074115,-9.242967,-7.539799,-6.2722898,-4.4469957,-12.7868395,-5.4904013,-5.1061783,-5.1047645,-8.829779,-5.653565,-8.12763,-2.5212302
-288.13156,140.64658,-52.28518,27.933971,13.539309,2.1981196,-1.6099026,1.8187524,-6.674764,-4.9414167,-6.6137414,-0.2323916,2.815226,1.6426172,-9.097107,-10.7871475,-6.1738586,-2.3908024,-0.93035984,4.696347
-304.87473,129.73378,-53.681023,21.382591,10.329908,-6.4258924,-7.4860253,-0.78411853,-4.799061,-6.0199804,-10.004181,-0.8791318,-2.0545526,0.33249426,-10.6346855,-10.365973,-2.229412,9.71208,-2.4704604,1.2748713
-309.26154,131.55067,-52.265076,24.149303,15.79579,-0.48380983,1.2908676,3.8546135,-7.3383393,-6.523426,-12.015924,-2.50454,-1.3512026,5.7405195,6.5781336,-0.73536795,-1.719962,0.9969082,-10.828836,-2.415503
-293.90894,139.25644,-43.372795,24.919645,3.6763363,-2.4738562,-10.841187,-2.8822923,-7.604156,-0.6756959,2.3850548,6.719543,-1.5857449,-1.8465705,4.843419,-0.022010088,0.046032652,0.8424512,-7.3116927,-3.548582
-249.4751,157.17099,-23.645405,46.76632,-3.2542653,4.1185665,-1.8862829,0.18232256,-1.9245931,-0.13269898,0.90833557,4.7560425,-8.655146,-1.533074,-7.8517265,-8.920259,-0.54230493,1.9597442,-0.012251943,0.83840203
-207.82025,133.29434,-9.527938,51.199844,-24.637432,40.975418,-12.5530815,17.478876,14.015619,-9.857484,-4.221323,5.8958044,-7.663696,5.4293547,-7.637137,-13.983685,2.24823,7.448047,1.1744933,-3.8573284
-232.53229,136.07141,-2.063649,49.069645,-18.739449,36.701935,-9.774382,21.2123,13.973778,-8.365405,-7.006678,-1.6990147,-6.250824,5.9618263,-9.67258,-9.919407,2.6987484,0.9517349,1.2091099,0.8305551
-263.9983,157.45984,-8.718758,47.270317,3.9955416,16.86762,-3.9358013,14.360744,13.437751,-0.46047655,-6.2145395,-4.4856796,-3.5855727,8.127544,-7.4971423,-9.358981,-2.691584,-1.2413366,1.015343,-5.2101784
-268.72073,160.4351,-15.848352,51.110325,4.680379,8.207162,-0.76342714,3.9332185,11.927498,-0.35425293,-1.8122072,0.5243619,-9.56488,0.59074724,-10.35701,-6.44284,5.454943,0.2835009,-8.266588,-5.358176
-270.8203,173.64642,-19.137814,36.967476,11.520916,5.8506603,-0.041796267,6.004863,2.275003,0.9040835,6.048538,1.6529385,-7.910014,-0.043892503,-9.083292,-12.087004,-6.6574078,-2.0623271,-3.8712852,0.7375973
-292.89264,166.56598,-18.041622,35.323704,25.901413,11.313543,7.857291,12.517796,-0.26354092,-4.7173076,-6.0892024,1.6846359,-2.3395493,2.1609406,-3.4421246,-7.518504,-3.7687008,1.74611,-7.2297945,-3.0825822
-296.93796,169.31757,-10.812138,34.29017,17.9064,7.3328533,9.146734,13.189384,-2.2279823,-6.153034,1.756285,10.307176,0.54074264,4.192524,-6.7901335,-12.320892,-10.701379,-2.993713,-4.792358,-5.5204096
-300.74316,162.99966,-12.829348,37.28363,20.570305,6.5454526,2.5256934,10.2042675,6.427582,6.1448393,5.734788,11.691252,4.0744066,-0.55572325,-11.529276,-11.363512,-7.262327,1.0963076,-3.959881,-2.2803888
-184.10597,141.86246,-48.496616,49.83723,-36.399574,18.117922,13.265431,7.266434,-3.9022017,11.735794,-5.654329,6.3962445,1.1774647,-6.1933737,11.840955,-0.41335386,-0.5769012,-21.649658,-1.9122674,5.283677
-117.56333,76.101395,-44.556202,72.71948,-49.9654,45.346302,-2.3124282,10.373577,-16.747879,31.503843,-9.678694,12.102116,3.4253728,-7.6129065,0.83528364,-8.109304,-3.493571,-10.685581,-1.1679142,9.8529415
-158.22249,74.26838,-20.05221,83.90759,-48.77867,39.208736,-3.2301755,16.161724,-13.671734,23.566109,-9.594455,4.893741,3.7140129,-3.8803926,-10.310375,-15.790542,-5.222562,-9.5810585,-1.5169432,-1.8699994
-203.36717,93.58659,-16.37302,85.327774,-37.582336,28.880234,5.1678996,13.421221,-2.9865599,27.280783,-2.6671798,6.2473583,-4.3642807,-13.931687,1.1819422,-22.138426,-2.8741934,-10.277357,-7.2080913,0.14747608
-231.44737,110.05992,-20.838673,72.64844,-23.701115,28.640219,7.4252987,18.187523,8.369294,25.362299,5.43384,7.950621,-2.5871482,-18.98053,1.3218337,-25.299805,-8.71968,-7.078638,-2.2723844,4.708107
-257.55264,115.2106,-24.990437,69.50851,-4.761903,23.689247,3.7607381,6.084845,10.44368,23.981956,2.5883393,0.8736659,-10.921598,-11.670816,6.2232585,-18.218319,-11.898568,-6.525914,0.17818946,11.880112
-276.90778,124.231224,-25.391846,61.498344,6.8508015,23.49316,10.073297,9.063503,9.044605,17.658579,5.4185,7.9082136,-7.2744045,-10.728607,-3.9885945,-19.908873,-7.5473957,-0.090806246,1.0254753,0.980272
-281.57025,127.92047,-22.794834,64.64176,13.383057,27.011953,12.111906,1.0121565,0.38030255,14.796833,9.802507,8.677394,-10.155295,-10.21845,-1.9268256,-9.930351,0.2628634,0.6479997,3.5476913,1.0595499
-295.52512,134.24751,-23.558113,55.729004,20.336346,20.729977,9.326764,2.9578118,-8.737299,13.972672,11.955379,3.9725513,-6.1440086,-5.016926,-0.7633419,-11.079008,0.24778509,7.866829,0.51374876,-6.986953
-295.34814,142.96848,-27.55537,50.79547,28.119537,15.681658,3.567078,5.9386606,-8.719471,13.430912,10.55868,0.81048876,1.670821,-3.4404573,1.2797617,-6.027317,-5.171182,1.7286454,-7.527801,-11.5251875
-290.27832,150.39427,-27.165215,43.922363,26.011555,19.396872,10.046721,-1.815366,-7.4332247,7.2631745,5.508284,9.999048,4.403756,6.6211133,-3.6216972,-9.737505,-10.813784,-7.2034917,-7.6343412,-7.0722675
-196.38548,154.21326,-45.279694,46.579865,-27.473633,16.805473,-3.4444735,-13.038272,-2.0921931,3.6069496,11.853882,8.596224,-0.37836468,-3.47329,-4.2197638,2.8722763,-8.535254,-2.195585,0.78671014,-8.375813
-188.11137,164.6976,-29.032408,50.145622,-26.003704,23.850075,-8.730438,-14.796885,-11.80978,-7.2524166,8.437031,7.4806833,1.2727551,-5.081802,-10.836639,-1.4955766,-12.728382,-4.782279,-0.57276535,-10.103813
-235.8215,128.05124,-12.225489,49.625748,-20.962166,41.520813,-12.84436,2.4397373,3.6324816,-7.5700073,16.139973,20.331093,-3.9993362,-7.4221926,-12.005381,-4.438785,2.0055208,2.8543406,-12.6292715,-10.027792
-246.67789,100.033554,2.8822606,52.665268,-26.8294,51.669853,-25.077814,4.862333,11.517706,2.6392288,21.171165,12.688902,-4.463496,0.28725398,-11.181801,-4.428448,-6.850197,1.8565044,-10.4258995,-2.5194674
-294.86758,126.83507,-5.7924156,42.605858,5.2695875,36.94857,-14.3363285,3.210007,7.695527,-0.124439776,12.648947,15.379822,2.5129533,1.1193032,-7.5731177,-10.17329,-4.1170635,3.1652815,-0.9208566,3.4139895
-305.20654,136.06366,-8.689797,35.15466,8.033886,22.023067,-8.303093,4.1811495,5.6831207,4.508834,12.758349,13.882212,1.3719614,3.4668632,-10.181117,-5.7901363,-7.208045,1.4322147,3.068183,1.2990891
-321.03262,142.9622,-9.364498,35.03456,14.077146,12.35685,-3.368177,9.676644,6.229513,6.82463,14.670931,13.179863,3.5829465,-1.7545149,-14.277514,-9.035049,-9.02475,-1.1145296,3.403425,3.9769413
-337.2573,146.67108,-16.140554,19.729414,15.6840925,8.639889,-2.6028597,13.817125,2.5906675,5.8399262,13.448139,11.99338,7.3136263,-2.4133754,-2.7075882,-3.4061906,-1.3646579,10.610544,2.1744008,3.3524287
-336.3756,144.10309,-21.998789,19.762152,19.057804,3.6279283,-2.5803492,12.205444,-2.791627,7.1319494,5.139242,7.7810965,3.1928673,-4.7035103,5.541317,-0.94768476,-1.3503428,0.6879133,-6.386683,5.1678867
-292.26953,154.28928,-41.036354,23.92028,17.215849,9.998541,6.014541,10.406401,2.9693108,-3.4393194,0.48094732,12.357246,7.7264013,0.32610798,-11.785952,-6.3021383,4.8580112,4.104892,-13.667408,-4.03981
-188.81888,149.92523,-19.925919,60.118916,-15.038504,31.165749,-3.345522,15.732664,-10.435434,-3.4660156,-5.6991043,-5.7092633,0.29347882,-4.6795597,-8.691952,-7.5071297,1.8710341,-5.9943695,-7.24802,-6.741917
-87.662766,152.0633,-32.27229,51.17785,-43.573578,21.875338,-35.134285,24.967545,-12.766623,-9.591436,-3.457794,0.29176256,5.540904,-6.1940656,-20.414268,-1.7636802,-8.409441,-6.562816,-8.439992,-17.68452
-106.35114,173.64154,-71.77804,51.468292,-23.844395,1.5232635,-12.775339,16.02394,-5.796343,-11.831256,-11.363886,7.7333627,3.8394728,-10.019166,-9.946997,-10.842827,-18.596645,-18.224934,-9.411663,-5.84082
-126.1401,165.24722,-77.189926,55.29847,-22.548172,-4.5665503,0.38095474,18.561361,-8.109692,-11.002908,-20.58701,-1.4920197,-1.2470012,-5.8236904,0.26117373,-1.9602165,-5.0229864,-16.90794,-15.659687,-17.06461
-144.46768,166.42654,-79.04231,54.551357,-18.11343,-9.2432375,1.2334585,13.368328,-6.745409,-1.5806714,-6.929255,4.7068567,-8.378641,-13.893839,-0.82206106,-2.161486,0.4740928,-12.272395,-7.3983107,-16.391727
-175.93457,156.50397,-72.71091,57.177826,-11.058796,1.384255,14.120808,11.365965,-13.34198,-8.211712,5.288143,11.017269,-7.333886,-8.586559,-7.450655,-13.3421335,-11.055426,-12.600742,-1.5649172,-3.513597
-221.88486,174.80498,-56.505516,35.83128,0.7947508,-6.8749046,2.3361578,11.970685,-4.307911,-10.353683,3.8631668,11.443079,2.5073767,-6.6549726,-13.356005,-8.138543,-4.982088,-10.620014,-9.436041,-1.9909117
-276.70218,171.88335,-32.49826,38.39154,13.239256,-11.419651,10.044265,10.81001,2.9131856,-2.5924373,-11.346533,9.758795,1.0538754,-2.6447072,-4.9851284,-5.384308,-2.2770517,-4.4722104,-7.3560243,-5.270235
-279.7921,173.26517,-34.47176,33.73739,17.231834,-9.225335,5.886338,11.155302,5.6492496,-0.9071202,-7.998026,5.724346,-4.6048326,-6.733485,-1.1042467,1.5042093,2.7772322,-2.2924647,-9.217436,-6.904361
-277.948,165.42323,-36.10984,37.832085,11.687251,-11.551893,1.2852412,12.862529,0.86845744,0.5204887,-0.11608052,7.5206814,3.5456202,-2.2397995,2.600058,-0.36006117,-5.1220207,-6.191053,-6.536704,-4.9586
-236.71663,179.10625,-26.673922,47.7818,5.4436693,4.530925,0.98985106,7.011238,-8.314494,-14.377351,-7.3586464,-7.485615,-7.6671762,-5.827895,-7.860853,-10.777149,-12.339811,-4.81713,-2.2947037,-0.14528836
-220.75069,161.19983,-14.484709,63.121334,-5.5296307,23.713583,1.0497259,2.1873178,-1.4992014,-12.379174,-2.0626206,7.620594,-4.8137465,-2.764783,-13.385039,-5.0109124,-3.7219684,-16.452425,-8.754985,-8.753742
-217.16577,132.16867,-10.099892,63.12348,-17.04039,34.10386,-14.621478,7.3494635,-4.398316,-13.314041,5.5095696,5.1946864,-3.1142192,4.8800964,-11.528482,-9.396554,-6.2549267,-18.305717,-3.216341,0.8360653
-269.29938,153.22586,-18.360712,49.244312,6.9057217,20.202143,-4.5255704,14.799534,9.514498,-13.285737,4.5308685,-0.7224057,-5.502952,-1.7222998,-9.385113,-0.9101583,-3.8963358,-12.027899,-9.80447,-3.879712
-284.70587,161.3687,-23.655783,42.775253,13.2200165,4.743606,0.22747366,6.6860485,4.0612674,-7.7558928,5.1858835,0.3847922,-14.787367,-2.0016906,-2.196907,-0.42568028,-6.2598867,-7.312385,-9.082018,-4.570149
-297.29434,163.8606,-17.856298,43.361206,18.06237,-5.1274815,0.43055946,5.9736886,-6.087509,-1.3921776,4.8056087,8.006962,-4.419649,-7.5981793,-4.477594,-0.37266326,-7.3359795,-9.881809,-6.412923,-3.1187727
-303.52588,164.73679,-17.417854,37.360363,14.4074745,-8.929244,5.2413216,12.234235,-2.3624077,-1.6216638,-3.302935,4.1329865,-4.918268,-7.230531,-6.083659,-7.2408776,-7.5289974,-3.8048587,-5.4696264,-5.0566077
-298.10745,169.24438,-16.99449,35.923256,14.783295,-7.779607,5.7297735,15.111542,2.839514,3.0937223,-3.715906,0.62486005,-1.0787392,-3.2666628,-5.994066,-1.2883804,-0.7986402,-5.861847,-9.626472,-5.041179
-311.48593,159.18408,-21.733826,31.161959,16.686848,-6.6463466,5.4592233,17.869991,-1.9280586,-3.507758,-0.86031646,10.70566,3.7830453,-0.79629123,0.046622097,-1.8814046,-1.4704107,0.46463323,-0.58403885,-2.7314835
-278.90845,169.69421,-36.18025,26.04401,-2.7738638,-13.220949,-5.2858343,3.8992553,0.5712477,-1.8803562,2.14294,4.727289,0.31196475,-6.9329634,-0.2715118,0.59323835,0.30631107,-0.5174619,-9.057471,-6.283226
-105.56156,171.4938,-72.70195,35.00006,-35.46212,-6.771822,-35.278046,20.306557,-0.53671575,-5.3742433,-3.6405952,6.392305,2.6149526,-10.677984,9.189446,9.11697,-2.2237456,-5.787695,-17.189682,-17.112816
-70.09253,102.245125,-62.801643,66.307274,-48.279602,21.070686,-21.48156,33.4974,-11.251396,5.2090735,-13.682377,12.019703,5.78065,-0.8044566,-0.4500879,-3.1692746,-5.7084136,-14.583119,-17.394402,-4.086155
-71.871376,125.63367,-62.28054,67.624,-41.25664,21.985672,-18.010118,24.00126,-10.276478,7.4195514,-13.196306,15.146456,2.0583615,-9.784485,9.0802145,-4.9034357,7.0165873,-6.99257,-14.183193,0.36705112
-92.477875,137.71576,-72.54055,64.632675,-33.615456,14.93752,-16.4682,21.015816,-5.6738253,9.819319,-4.89121,14.183232,0.72004163,-16.987518,5.328971,-3.2859507,10.377592,-7.685027,-14.968302,-4.6209426
-117.789986,144.85242,-74.607666,67.04608,-22.097332,4.3688316,-17.810398,13.657695,-6.9712744,-1.2644756,-6.3078995,8.303132,-1.9930421,-11.685513,10.864074,2.3450909,6.0573626,-11.31623,-16.760056,-5.113931
-139.94197,142.43506,-72.081535,70.148094,-14.204277,-2.855812,-15.786133,14.651819,-7.224351,1.8202118,-8.573649,-1.8385751,-3.4479842,-4.853289,14.858671,6.5995283,0.55169046,-16.079662,-12.350405,1.119612
-163.0192,147.95844,-71.85705,67.57449,-7.3099155,-4.085262,-2.3067138,12.859053,-16.597536,-11.63973,-3.8742828,11.194349,1.0852078,-2.733499,4.113079,1.3334835,1.2474303,-13.879774,-2.2383356,4.151182
-184.82271,155.09521,-62.487453,63.080635,-9.419803,0.83914155,7.28982,2.1738832,-9.695672,-7.2808876,-2.3700213,11.893669,-5.181696,-7.289444,0.33666384,5.2956314,0.72726023,-9.373047,2.5109086,-1.1646373
-205.1483,159.79794,-58.425728,55.054924,-8.531082,-2.8308375,9.261076,11.913313,2.366919,-3.7764578,-3.5093412,12.687443,-1.7770629,-9.830363,-1.1773037,0.5210588,2.510264,-10.599853,-4.0223064,-0.025874138
-223.61082,169.81775,-46.73777,52.67131,5.473178,-0.34525248,3.8474033,9.805819,0.10566938,-10.084036,-0.31761622,5.273508,-13.670457,-10.649277,2.735839,7.7761507,1.7756231,-11.926369,-9.800348,-2.631398
-237.8009,171.59113,-44.539513,45.0644,2.2756126,-1.543717,11.408458,17.406496,3.6447332,-8.444354,-1.627821,4.054601,-7.577124,-5.789482,-3.23356,-8.769343,-7.05922,-8.334762,-5.49349,-2.701388
-245.94296,175.02414,-37.278458,42.463326,-2.9453602,-7.6406384,7.1235194,14.336528,15.81072,-6.5803657,-3.7689426,11.122395,-0.5578075,-0.7444396,-8.143861,-6.8422685,-1.9891601,-2.233195,-9.390718,-9.488077
-214.14705,124.65712,-18.71989,48.810356,-17.962212,29.210453,-23.326786,26.579931,8.184372,-8.972528,7.127927,9.611387,-6.9171944,-5.581112,-11.272215,4.4112277,0.0996775,-6.6541743,-8.449874,-12.897981
-207.84203,98.10543,-5.277222,50.131027,-25.396511,33.717987,-32.017563,30.882778,2.362998,-3.9907336,11.516962,10.711863,-15.237178,-3.636963,-12.54381,11.908942,-0.0011571273,-12.786346,-14.194729,-5.7827415
-251.57741,128.9617,-29.71351,56.902916,-6.8580246,11.997023,-16.009245,11.978781,11.829113,-1.3535239,14.786664,3.8261757,-10.36341,-4.9639025,-1.6766831,9.4607315,-2.8119211,-14.906641,-23.35172,-3.6420386
-266.2241,144.78905,-30.744955,46.33435,-1.1013796,0.9148772,-6.2763376,16.673473,15.068989,5.9996433,11.042121,0.7784046,-7.5107718,-5.47065,1.2326723,15.57099,2.2861273,-4.563878,-18.904737,-9.297201
-272.52463,155.67574,-34.647236,36.613564,0.31197122,-10.892066,4.7419133,15.496304,3.5142238,-0.8843774,3.5534973,6.5067234,-2.919571,6.7200155,4.7905626,10.572559,2.0097265,-6.0763407,-12.509068,-7.073549
-273.4287,163.22836,-31.105415,36.38536,6.3016872,-8.976666,4.918994,14.384476,0.0098667145,-7.3419423,-3.3433213,13.423207,5.6412096,2.4853506,1.2813482,8.166547,4.839033,1.469795,-13.263357,-9.677357
-282.81012,163.46858,-34.3824,34.83531,20.574131,1.2927043,5.0426903,7.864423,-2.3723943,-7.6342344,-4.4358826,6.817728,3.5730891,2.5156298,0.05853028,6.9318886,2.7901423,1.2791387,-9.652727,-7.3488474
-283.49905,157.85985,-38.271477,37.715164,15.084326,-4.247408,6.1659155,19.11936,-0.8659177,-6.2204657,-0.5294422,9.501905,5.860139,1.0660803,11.439819,13.313402,2.7259626,-6.6629066,-10.961267,-1.5240158
-277.49503,153.56482,-38.41301,33.230507,1.0492911,-10.746418,-1.0611924,12.271279,1.9632304,-0.75639665,5.718049,11.50614,-1.1276596,0.770841,7.2304096,11.9099045,5.8398876,-6.1073456,-11.642577,-1.8805203
-165.36012,119.58548,-32.765343,28.21934,-38.72328,27.764664,-31.156338,18.949963,-14.282564,1.4594175,-2.1244178,3.488764,-8.010473,-5.2065296,-7.8697057,-4.5550017,-3.3413644,1.3707688,2.4840195,-3.5351098
-142.02013,115.19687,-25.661867,33.359863,-43.97147,39.86846,-27.838585,12.281479,-32.362144,-18.953768,-10.8561535,-2.647469,-11.79471,0.54808587,-10.924914,-2.9367418,-9.8826275,-6.2377634,-7.745097,-9.813121
-225.58821,122.26636,-37.09183,36.932793,-21.008171,8.306097,-29.828674,16.752604,-9.770752,-11.021826,-6.094092,-2.2705297,-6.268283,-7.8711004,-2.9365613,-12.477982,-13.525063,-19.35613,-16.013058,-5.7986865
-266.37378,129.80505,-34.115585,45.555847,-4.5633163,0.019887239,-16.648386,5.2667193,-5.198729,-13.399418,-12.972755,-7.411499,-12.736597,-11.091656,-2.1762338,5.7447453,0.64274997,-5.6300654,-13.885344,-10.629663
-302.32397,130.59908,-29.58755,32.843727,1.636719,-4.455335,-7.715116,4.7409086,-14.30301,-19.686054,-13.764852,-6.243287,-10.206087,-5.1473,-4.029443,9.260454,-0.6836095,-11.149349,-13.4679165,-5.2095985
-320.30893,129.83762,-38.241383,22.012917,3.9054031,-12.2067375,-7.5480795,9.426048,-3.5616324,-10.085922,-11.349713,-2.1052284,-7.339582,-4.854007,-3.0606618,7.1417866,2.9235506,-8.602433,-16.937016,-5.6174498
-330.45364,130.54013,-36.799065,24.573746,11.032429,-1.2035815,4.6479263,7.194001,-2.477323,-6.6040287,-4.1982875,5.329905,-3.6057465,-1.2255063,2.0420434,7.159315,-8.743385,-11.1936,-9.988812,-9.4318285
-297.13324,157.10583,-22.756168,36.49595,18.622494,8.780827,4.1406984,9.958309,-2.9195905,-10.787433,-7.957489,-8.028593,-7.362895,-2.8448203,-9.937777,-6.619112,-18.328026,-13.915403,-11.618349,-11.937639
-288.5031,154.89877,-29.195553,41.062393,26.08101,12.210427,-9.793739,4.8950033,1.46435,-12.627886,-8.297897,-12.0149,-3.759745,3.802335,-12.958356,-10.972836,-6.8227935,3.7893972,-8.003752,-18.732368
-271.61963,150.99347,-38.45147,41.408997,22.782894,7.0107756,-14.593078,7.380851,5.7457747,-6.52347,-6.965335,-11.207598,-10.742651,0.48890233,-9.359249,-12.001282,-9.574783,3.188697,-7.4598036,-18.970907
-225.87654,181.45636,-32.135155,49.568035,0.910952,-18.091007,-24.205643,8.439488,10.641092,-10.943462,-14.483341,-17.267422,-10.899307,2.3379483,-9.904118,-10.918849,-5.3435526,-0.44042373,-8.359333,-20.445782
-159.08035,182.12996,-48.667336,42.081226,-21.907139,-15.202594,-19.841545,24.78123,8.135527,-13.956156,-13.315244,-5.2370386,-10.201664,7.03264,4.317986,-3.8262467,-10.520315,-10.880646,-10.0724535,-16.030918
-135.22083,159.90665,-66.44922,31.177837,-21.132713,-3.9947076,-19.944263,43.90315,-14.855601,-13.357891,-7.4387484,1.748507,0.5043032,-5.662075,0.07799041,-5.5647287,-15.400534,-5.800585,-2.480714,-12.324571
-120.7904,145.43108,-94.79196,23.862648,-23.802032,7.987624,-14.096455,39.75244,-21.44674,-17.238909,-0.8018031,3.68634,2.7962399,-4.0068583,-6.31786,-12.548191,-10.419808,-8.742079,-8.560267,-8.96534
-121.36556,147.14285,-109.09279,37.511,-15.316105,4.521952,-16.038181,14.790258,-18.752022,-29.534594,1.0952287,5.372828,-2.1942668,0.5150957,-15.9900875,-11.332066,-14.121433,-11.041737,-5.84158,-2.6938548
-127.537415,147.8913,-110.27495,43.694252,-4.1473017,10.698281,-20.432217,-1.8842821,-25.132576,-21.677578,4.5613146,4.1151795,-0.55438507,-5.909604,-12.98241,-9.102946,-8.177761,-13.17279,-12.403937,-5.678769
-147.66731,147.86139,-95.661575,57.04516,-5.925927,3.7311745,-10.140091,5.8795223,-12.862256,-13.128136,-2.446208,-11.207705,-9.516989,-8.917076,-13.139934,-12.876879,-4.8792768,-12.891338,-9.997032,-0.65620077
-172.07271,140.27936,-95.76055,65.46689,4.550147,3.3328524,-3.011582,1.9838163,-11.072022,-17.740936,-6.023406,-8.006932,-7.6214986,-1.3544865,-6.0806284,-18.693836,-16.981865,-15.762345,-15.738345,-0.9724832
-195.82362,121.92673,-72.37712,58.53482,-18.264622,17.420626,-4.0891848,9.482391,-16.80312,-9.869753,3.3571339,-12.980419,-2.8163772,-15.485083,-8.388186,-15.127964,-13.510761,-7.259865,-8.531351,-6.868088
-144.71185,86.23221,-63.232025,80.04499,-41.441116,10.688057,-7.760379,14.560624,-25.481041,3.4693217,-5.1435986,1.4619278,5.7228527,-4.285493,-3.2350488,-9.140968,-15.428345,-14.495852,-5.236704,-0.7706247
-107.08615,106.948975,-62.856537,74.36917,-51.725044,3.4640858,-17.781385,4.9679527,-32.764072,-1.771428,-10.657064,-0.3711791,-3.6186504,-6.053358,-4.0494137,-9.834366,-15.222956,-10.130352,1.6456654,-2.358067
-78.71226,118.61467,-53.340996,70.18303,-46.04888,29.347101,-14.20085,7.7601533,-32.116653,3.4470778,-12.601055,5.398217,-3.5199075,-10.180567,2.2352133,-5.4242687,-5.402032,-17.99342,-6.621682,3.66103
-82.72368,108.36067,-53.29881,66.53427,-37.80259,35.53781,-27.79489,12.155764,-26.122055,0.78590834,-13.584403,7.453376,-1.058497,-9.993814,-5.7144136,-15.88854,-12.842884,-7.347637,-8.621691,-8.232003
-93.61127,141.0774,-76.320816,59.436935,-28.694775,19.018707,-25.306929,6.9663525,-15.732832,-1.8824464,-6.841087,1.4795051,-3.0699782,-6.325289,5.386575,-10.483635,-6.0418124,-12.196106,-9.863047,-10.310673
-95.68319,160.70796,-95.02377,45.988655,-19.712046,13.919043,-14.147079,6.5528245,-14.965945,-6.1569595,-2.0245972,1.932949,-8.009859,-5.7913923,5.952463,-7.5217705,-4.5947127,-12.353398,-11.796594,-7.425678
-99.695496,169.81224,-105.26024,40.03707,-17.267176,10.659344,-4.135635,5.3344064,-21.331337,-10.521942,-2.1212292,1.4446152,-4.816761,-8.60196,-1.3531849,-6.9088526,-5.646243,-17.80204,-12.993589,-12.150782
-116.04795,175.0289,-103.594666,36.864906,-20.656591,5.5496445,6.0024176,7.986834,-14.9383135,-12.819774,-9.450961,-6.3502245,-4.198382,-6.06818,-1.8237531,-0.44752717,-7.1422234,-20.40707,-11.873415,-14.808382
-134.70195,165.80457,-100.38522,39.54443,-24.566631,-3.4048612,7.886206,3.638988,-15.844513,-21.60902,-11.907166,-2.468363,-11.947237,-1.3360023,-1.650004,-2.6563728,-14.651613,-24.7541,-8.622864,-11.781099
-145.28633,172.56317,-96.25881,38.090355,-16.078419,-1.5397271,11.423132,12.562468,-12.736879,-15.521307,-4.779827,-6.748661,-10.683897,-5.755689,-4.3191023,-0.87837315,-12.163584,-18.841038,-5.047983,-13.243423
-172.39882,167.50446,-89.47134,33.912083,-19.433323,-4.5335207,18.176262,13.885821,-5.967044,-8.314845,-4.318272,-7.212942,-18.286469,-12.879435,-6.875237,1.4434996,-6.131244,-12.724352,-0.9429734,-17.579166
-200.62367,163.66412,-72.62134,34.633797,-9.6702385,-4.173724,5.2277126,7.546278,-13.2872715,-13.00783,0.0155572295,-1.2269369,-14.956948,-13.923253,-10.288816,-3.9455867,-3.553768,-8.545034,-6.7776065,-15.353939
-158.21901,153.73346,-58.061825,47.849136,-31.88362,14.823242,-3.4113102,2.4230514,-19.24296,-10.637188,-5.1688147,-11.283239,3.8504205,-7.575042,-13.060959,1.0803964,-4.103325,-4.8262587,-2.0799892,-19.291899
-194.1884,144.37894,-49.677025,43.4852,-25.810463,13.807961,-10.145945,6.817413,-12.995354,-12.594168,3.0578146,-1.1247473,-6.4839,-13.220172,-15.513983,-10.011246,-7.4365015,-4.597693,-2.7694926,-11.747205
-187.85199,102.40893,-35.878468,36.97573,-28.592686,35.71575,-29.736984,24.936724,-7.9004173,-7.492037,7.1268063,-4.2505,-12.083393,-7.4498444,-14.991169,-11.193783,-15.139441,-5.570702,-9.519867,-4.08887
-215.18234,129.168,-47.309296,43.399563,-15.353369,13.497013,-22.074717,2.062654,-17.48568,-9.2152,9.121464,0.059310675,-4.6001987,-1.067161,-6.177967,-2.0609698,-7.822333,-11.6633,-2.4114037,-6.1156287
-237.2313,150.35399,-57.014336,28.881626,-9.140234,-4.604725,-4.709544,-2.9083505,-11.457946,-8.979199,5.8637557,2.8041363,-11.571495,-1.4790006,-7.692161,-2.7714493,-10.196209,-10.3164,-8.439735,-3.7995844
-249.57024,159.30765,-52.189728,24.891861,-5.901677,-7.952116,7.3008347,5.2644863,-10.35908,-7.8351417,0.11412466,5.0680213,-10.203281,-3.7278857,-8.904995,-1.7064835,-7.930252,-10.549836,-1.5063347,-4.9205484
-257.32333,159.95242,-52.222847,27.329967,2.3795342,-3.3098319,6.0135126,1.8753262,-12.191488,-8.499279,-5.751603,4.6810184,-0.3906269,-4.8410296,-9.632189,-2.1732092,-1.6536884,-4.0423713,-2.6000857,0.11261435
-255.61171,163.6854,-53.701622,24.118654,2.6170883,-10.684736,-5.664718,-2.4804845,-17.23943,-8.730574,1.3192275,-1.8972423,-5.663493,1.3023349,-6.4240932,-3.8754277,-3.7769747,-1.5730977,-0.96326613,-3.6869109
-250.42546,172.88858,-44.483093,34.53719,16.867937,-3.3382804,0.9169451,3.7517128,-10.558994,-2.0486522,-4.280975,-6.721784,-13.850028,-7.7982297,-6.814443,-4.354863,-9.372295,-12.295305,-7.748374,-4.9827824
-232.86295,166.52464,-44.745804,38.8335,9.232194,10.105789,0.26851082,5.4745846,-6.758567,-17.310677,-10.09943,-10.959999,-11.621401,-3.6079466,-11.451643,-3.0628505,-11.704962,-5.182768,-7.1313953,-6.665882
-159.74557,148.62216,-34.002018,58.983803,-22.691402,18.594452,-13.084928,12.393892,-15.092447,-1.4521663,-5.188256,-10.126514,-10.724369,-11.069051,-11.0901165,-10.418118,-8.050335,-0.44724387,1.6335561,-10.782236
-111.265175,137.10767,-22.038624,54.16095,-33.196053,31.648785,-29.902115,36.94838,-4.256259,-14.011,-10.76915,-4.653143,-9.089021,9.408148,-6.5025105,-7.710329,-13.639986,-7.074603,-5.8422794,-15.090179
-135.89189,169.65936,-43.91312,47.770325,-22.985321,13.622235,-10.086246,33.334377,-10.944326,-32.135414,-8.270441,-3.9881573,-7.400297,7.318134,2.506785,0.003189981,-10.758602,-10.275625,-12.91635,-20.178604
-147.3951,169.7807,-52.158394,46.071594,-23.110294,13.017089,-6.9049816,33.821278,-1.2554814,-29.293587,-1.2131231,-7.237609,-6.0495515,10.617699,0.78491575,-4.762125,-14.237074,-7.6025443,-11.533582,-24.522987
-170.94344,178.42087,-51.293907,43.84973,-13.395969,6.75057,-3.7151756,26.171776,0.27597103,-26.474571,-4.2575417,-8.779175,-5.484983,3.7379498,-13.132905,-9.442167,-8.805239,-1.9526924,-10.789623,-22.421833
-221.71194,180.37692,-43.944885,44.51938,14.108822,8.756697,-2.2355554,9.693894,-5.285576,-10.3049755,-4.9252763,-11.910349,5.524432,13.030109,-9.820192,-14.87653,-6.514238,1.5337594,-12.73649,-27.461716
-233.33966,184.48456,-43.16565,40.971935,17.837345,3.7256596,0.5367295,7.9699936,-6.5866013,-0.51590264,-5.449066,-19.704918,5.1077747,11.0177765,-8.558899,-13.297289,-9.028749,1.3821698,-10.824926,-20.815136
-243.96146,164.10596,-38.883648,54.80536,27.269148,10.069527,-4.189768,3.4601064,-8.267008,-4.744603,-5.1358547,-15.639139,-3.1256156,17.253376,-2.6421995,-16.630743,-13.492121,-5.772,-8.411309,-11.7811985
-238.93991,168.97809,-37.690506,45.36333,18.79391,11.88125,0.17324603,6.4932394,-7.0973263,-7.9861526,-5.978119,-18.188543,-4.9825993,18.263573,-4.1055536,-13.291355,-16.04094,-6.246162,-4.5843563,-11.591025
-243.02864,171.92703,-37.359764,49.179344,24.776245,11.916849,-6.2141705,0.44285548,-9.748368,-7.015903,-1.3688718,-21.967854,-17.054747,2.9108157,-6.3426857,-16.429426,-12.521141,-3.0339363,-10.144314,-13.096008
-223.38214,161.56921,-57.36157,62.40651,37.009827,17.847044,-13.680864,5.9513855,0.9394436,-16.7188,-9.768433,-20.225155,-5.6451297,1.2052724,-12.57235,-14.869244,-9.062442,-8.738062,-13.981927,-8.399156
-162.79768,157.16351,-62.04708,74.28798,26.557652,16.045311,-26.394638,8.01461,-1.7356585,-8.655117,-5.4992704,-9.308604,-0.73817563,1.8598816,-14.52953,-16.955772,-10.625469,-8.219773,-9.553075,3.896446
-164.57893,133.3387,-59.591778,88.17856,12.071682,13.108311,-25.157545,22.154987,2.401511,-22.443356,-5.6463614,-4.91265,-7.4242983,2.5172293,-11.076172,-18.232971,-4.9414997,-15.381077,-14.87883,4.2482796
-183.59904,129.6661,-66.42943,91.05859,19.506428,6.16034,-20.069004,13.802025,-5.122039,-16.216885,-6.448827,-5.1348057,-3.515143,-5.070039,-10.349581,-17.274193,-7.7046776,-7.588775,-14.358957,-5.9528937
-194.25932,127.538284,-77.71164,83.87662,23.231485,7.2342453,-13.963348,13.939922,8.269658,-13.962847,-14.590869,-15.696522,-11.116914,-5.5972652,-10.068808,-10.050734,-2.1472485,-1.6962026,-17.62339,-3.315063
-218.32379,127.20598,-61.367683,76.94954,23.234566,6.2196255,-11.822317,17.61084,1.4215091,-8.700983,-7.4011755,-10.967468,-10.624619,-9.223608,-9.328545,-9.659919,-4.5171556,-3.9129977,-22.711098,-7.851483
-248.20831,139.6401,-42.817734,66.50785,13.7060795,2.516282,-9.626577,14.452974,2.0185583,-12.703506,-3.3914585,-5.890851,-2.319201,-6.9703217,-9.489241,-6.8623314,-11.061736,-6.749976,-18.32805,-4.026181
-265.6662,139.13008,-35.870365,51.522594,2.5133548,11.070688,-8.864777,9.2281685,6.5094357,-4.490198,9.026385,-5.119563,0.43575028,-2.8343132,-11.0776005,-4.4908705,-14.2421665,-3.0409405,-5.638506,-10.793623
-235.48056,114.04234,-31.54628,58.17484,-17.76141,27.299213,-10.526232,20.699108,9.301221,-4.1403694,5.29657,-5.279676,-1.7680284,-1.2050296,-6.7473507,-4.2153845,-7.185404,-12.019121,-11.00253,-5.446836
-204.4762,62.832718,-30.943354,76.78394,-38.07133,39.395664,-12.533638,20.896242,5.105558,9.597117,-3.2988725,2.644482,-5.4596276,-5.2354374,-0.8845383,1.785904,-1.9888247,-5.350565,-9.17462,-8.883242
-175.90295,85.91644,-35.561035,72.728714,-39.16887,20.476658,-19.963306,11.383727,-5.729426,8.695533,-7.1416492,4.0499825,-4.095558,-3.7753706,-2.3640435,0.5625378,-1.9280767,-0.7978631,-3.4695096,-4.0335455
-104.23396,108.45099,-37.703716,60.84349,-30.52085,52.512947,-18.794054,20.79691,-21.098465,-3.2943964,-10.0715685,1.2031164,-5.241724,-1.968585,-6.8133526,-1.8335352,-7.919095,-4.149761,-11.53734,-8.845925
-86.754944,103.01192,-55.282658,89.2986,-21.106327,39.14047,-23.662743,14.03347,-13.423376,17.208813,-11.821182,-4.850719,-4.559347,-5.0434384,5.553687,-4.3503423,-4.3095164,-8.250612,-2.1192718,7.5242033
-97.13648,98.80841,-54.39942,102.9747,-7.213775,39.185204,-24.70959,19.026346,-3.76373,27.629875,-8.883635,-3.7802677,-6.247456,-9.890217,7.9411883,-12.582138,-2.783105,-13.346409,-5.4122767,14.178366
-122.671585,106.14613,-60.22763,101.86609,1.2957405,25.111202,-23.527714,17.27117,1.2945397,23.052994,-14.041733,-1.6810403,-6.864093,-6.581726,9.215369,-21.823097,-5.3836484,-14.814491,-1.7697525,9.677765
-144.4953,118.272705,-66.16791,94.80932,12.164902,26.29314,-21.335175,19.104874,9.622648,28.617119,1.9135808,-7.465592,-6.8241663,-9.327547,3.839069,-23.421255,0.8833624,-7.4799356,-9.303447,2.060188
-160.48822,122.96483,-72.887856,90.25213,19.264294,23.567863,-19.336649,13.806171,1.9888341,18.7198,9.649138,0.5764899,0.8152356,-5.099126,3.4191222,-20.884544,-0.8985015,-11.787282,-12.023902,4.2775626
-177.28398,128.69585,-66.59215,86.73173,20.126675,22.499393,-13.2304325,13.758942,5.045809,9.338129,6.406045,-3.0172303,0.82628906,7.725691,8.4034605,-17.873539,-6.5587196,-6.002344,-8.463665,10.715435
-198.30904,130.18167,-63.62229,86.90783,22.490208,10.756848,-9.792959,17.674183,7.4258223,5.9065285,1.7151122,2.1323292,2.8003783,0.69933045,8.354999,-11.419232,-1.4608238,-2.9389493,-7.727852,9.967527
-220.40327,140.74155,-48.642365,74.72827,20.547913,4.4599056,-16.835054,16.76305,13.470192,10.432424,4.931959,4.3625326,6.5037603,4.3499136,6.2163906,-9.35293,-5.043252,-1.5331168,-6.97563,4.9196405
-243.28525,149.28545,-33.280167,65.506134,14.46447,9.815634,-7.3633256,9.8400135,13.0532675,6.039979,1.3711936,3.3592305,5.6658993,5.9087634,1.1627868,-6.2544827,-1.9894581,0.5518203,0.4096238,13.990595
-262.85895,142.7905,-33.400887,67.14761,21.264565,15.476125,6.257379,12.532304,5.105749,1.4976904,2.7314699,5.047342,-1.8703946,-0.7260368,3.4243846,-1.2482252,-3.5231953,-5.961419,-5.7039824,4.5289927
-245.96822,120.36038,-24.673285,63.01207,6.1358685,31.579865,-14.118797,17.910656,8.136913,1.0486225,7.870357,1.3106422,1.561616,8.295301,-0.60297465,2.539859,0.8676647,2.3930027,2.220707,2.318346
-203.28279,79.99994,-0.69631624,69.73602,-6.957799,62.632866,-30.6782,26.330658,6.810203,0.94985473,6.526951,1.0338106,-15.211988,4.925269,-11.764025,0.44844115,3.4443722,6.672989,-0.65640694,8.808222
-242.20512,127.39206,-14.513346,65.69162,5.8369823,39.767273,-12.7375555,14.582159,9.019428,-1.2257817,7.688032,-1.8391094,-6.171894,0.13930297,-6.542963,-1.3530383,-0.13538542,-0.51680696,0.5476701,3.5093286
-272.5784,136.73102,-15.301125,62.13214,15.105991,25.307579,3.610015,13.34109,10.919515,-1.8454136,1.3551803,4.9859085,-1.7787602,11.875338,4.6059074,0.95627874,-4.259907,-3.4018388,-9.532291,-1.0530111
-276.4964,146.80289,-22.48234,60.050346,21.892294,13.661861,-0.86975074,11.915403,9.290695,2.5024488,4.879874,-0.42172337,-1.2971044,7.8791485,0.5812862,-2.2698727,-6.391198,-0.42354175,-1.0780368,5.57117
-285.01614,147.5968,-23.432865,58.67633,29.283842,13.5195465,-0.9847077,12.612999,11.821762,3.250885,5.4171915,4.6852627,-0.7934291,2.4341078,-1.6239989,1.2536311,-2.789934,-0.027107418,-3.9887457,-2.404705
-301.691,145.88867,-27.994728,56.53218,36.03661,12.483039,9.3202915,15.468911,9.581539,4.513821,7.9842224,8.100157,-1.5824429,3.3001218,0.81104356,-1.1849561,1.4099597,0.84892523,-6.68079,-5.761467
-298.38034,142.87607,-23.464556,59.034718,33.33738,16.391413,3.7442036,3.3441408,12.940258,14.145853,7.967523,8.418901,-2.9926095,3.9103732,-8.123796,-9.910905,-3.213089,2.8497987,4.2363105,8.629755
-248.02678,126.73125,-5.966318,49.96321,-4.5008535,24.387135,-24.732258,18.654331,9.801056,18.196514,11.99692,4.235619,-2.2530081,2.6098664,-0.40237868,-2.7181573,0.75012875,2.0936751,1.4066751,3.964881
-160.08109,109.544395,-13.718267,44.636482,-45.012978,40.569,-26.688578,20.681614,-6.5794435,4.6452446,4.1516447,7.6489124,0.3402283,9.724869,-4.9655166,4.9244223,-0.7425281,-1.5479451,4.02209,9.944794
-147.45319,140.96219,-33.541836,50.28148,-39.121056,26.292988,-11.517762,10.093281,-24.499788,-2.51398,0.5528368,0.19289412,8.393595,3.438426,-0.20505726,7.022321,-3.1104293,-4.254356,4.260261,-2.7408395
-239.28957,161.55573,-29.174042,39.331486,-9.264599,9.369494,-5.6325583,6.1707025,-12.119267,-13.593126,-2.8337846,-3.3997035,-0.7977123,2.0800219,1.1121845,-3.826416,-1.4848645,2.9678237,3.6458778,5.636011
-280.17035,157.16116,-30.527664,34.87204,2.2186358,-6.7646456,-4.4455795,0.99110764,-12.474703,-10.484821,-13.404045,-1.6116858,3.2970374,1.1257534,-2.1197867,-3.8013628,-0.6145419,5.4442096,4.779528,9.46871
-300.21207,144.10893,-25.189499,39.71572,16.303314,-5.0917935,-14.865947,-10.1623,-15.773808,-6.7843857,-9.603164,-7.164567,-3.8447084,11.077605,-2.0916352,-7.148839,-2.5160253,2.086471,-0.535185,3.2144818
-327.76096,129.89183,-27.721092,35.143936,17.135262,-4.318497,-10.591942,-7.2971215,-9.035251,-4.773684,-8.737379,3.6969388,-1.1577508,10.532606,5.270153,-4.730403,-3.6472235,-3.8949974,-3.452846,5.787742
-339.12836,131.38232,-29.94474,28.619637,16.920034,-4.3681455,-11.448511,-8.42349,-7.627177,-1.1987454,-2.7434986,-1.7025851,-2.068391,2.6767879,-4.078207,-5.11067,-2.9501712,-0.094292104,-6.9869003,-1.4484408
-338.2662,127.920975,-33.23172,25.501541,14.725274,-5.5358276,-15.911149,-7.667081,-6.825257,0.6587024,1.3989533,1.4158945,-2.9958785,-3.3058567,-10.532959,-8.789608,1.3312507,7.157095,-6.961897,-4.9883285
-335.12222,132.95345,-24.277374,26.095528,14.753746,-0.81962246,-12.263882,-3.122986,-8.286167,-5.8315716,-3.7976499,1.3290532,-6.2317367,0.5680734,-1.4444848,-7.516477,-4.30196,-1.6430316,-8.937544,1.6336876
-332.4276,127.562294,-29.171728,28.24436,15.6037655,-5.193717,-17.022884,-2.5796204,-7.313529,-1.8791326,-2.2484133,-0.9857975,-7.7443366,2.964567,0.9768132,-11.166351,-8.046616,-0.5515213,-2.3539414,3.7224164
-272.72934,122.25291,-20.64607,44.529144,-4.7526827,14.568632,-18.484879,7.840244,-7.7172766,-11.736839,-8.210478,-1.1648371,-2.9610124,1.6768134,-4.8522997,-11.1684265,-6.273954,-8.1592045,-10.307306,-2.8077579
-207.44028,117.06338,-13.798451,46.08553,-16.040977,44.481472,-20.932102,22.806763,6.33837,-10.752859,-9.450304,0.0075726956,-10.954826,-0.2895398,-13.243591,-10.538449,-2.6327927,4.0239286,-1.8663516,1.2053742
-222.88701,124.0931,-1.4829102,44.496315,-14.222217,44.84683,-15.480038,30.891006,11.219094,-3.2757988,-0.69175786,0.18839453,-10.699463,1.4244475,-7.830043,-5.375388,-4.102561,-3.552639,-6.2800536,-5.9101343
-265.50156,153.32652,-4.5220814,46.507664,1.9057832,15.286295,-10.085656,16.350372,9.411554,-0.23270196,-4.2495623,-6.7814264,-12.534908,0.8656803,-2.780169,-5.8384233,-9.052223,-18.574375,-5.5389185,-8.256166
-288.64258,156.23978,-8.966148,44.787796,13.619349,6.397057,-3.4492774,11.284099,7.3481245,3.4992173,-0.85802984,-3.1497722,-14.363983,0.64612854,-3.8929524,-5.89925,-4.553467,-12.499369,-16.267115,-13.977203
-297.2819,159.84912,-7.9587708,39.225082,20.385742,11.662342,-4.5544033,0.19890356,9.053473,6.740383,-1.8085012,-4.3395786,-14.74914,1.1011542,-6.5761023,-3.859014,-9.694227,-14.742694,-10.4356,-8.481281
-274.39575,182.27313,-7.4256177,27.969685,1.988574,-8.694103,-1.1075895,11.213491,-3.7031465,5.0608335,3.0889654,0.65214014,-12.040637,-4.135419,-9.776859,-12.769733,-11.48094,-11.031586,-0.40467978,0.5550453
-303.39398,173.29599,-9.112041,23.129879,21.27753,16.935495,7.521698,13.177444,-0.6869513,-4.5240536,-5.7506566,-3.7606575,-6.4258146,-3.123456,-9.673623,-14.4295845,-16.552395,-8.785401,-4.033996,-0.71427655
-312.61832,163.02551,-5.4692698,26.399616,21.453457,18.938324,11.571518,6.4513407,1.7884097,5.842847,-8.600588,-2.040541,-5.082692,-1.4166722,-9.259277,-11.156506,-16.097466,-11.640318,-7.0887203,-1.1621938
-319.96695,165.31207,-4.6661797,31.005516,19.825996,18.585875,10.276725,6.4779067,3.291535,0.2262522,1.0236889,-2.384705,-8.048759,1.9228524,-8.86215,-17.227747,-12.981412,-5.8468533,-4.7454042,0.32415748
-136.3089,103.87515,-46.275593,60.57245,-57.53895,28.818958,-6.80784,7.4065027,-14.579306,12.244196,-12.055683,4.5478973,-3.1426198,-13.276047,-1.3390551,-0.78391534,6.630201,-14.255831,-3.8602471,1.793337
-114.48252,88.324585,-48.30283,58.819477,-47.790833,47.558277,-6.7143173,19.877748,-8.153511,27.436697,-10.265803,10.170524,6.9854097,-6.963774,-3.9346046,-4.5939918,1.0886943,-8.827158,-9.400261,-1.7341592
-176.13113,96.214386,-23.30323,67.54865,-51.19167,39.619995,7.738883,16.286886,-10.470574,16.443308,-14.984275,2.9136992,6.143345,-9.081253,-3.1390104,-10.9724655,9.876957,-5.6301355,-12.512634,-4.511237
-214.89629,120.37972,-16.692173,66.01214,-34.354656,31.832434,10.212461,5.4272623,0.8906021,18.6329,-5.4801025,4.6789713,3.8373997,-9.876196,-0.586107,-15.399031,-6.3860207,-13.5579195,-11.070188,-2.9755716
-254.93689,130.45175,-9.9289055,64.554245,-12.974582,23.235004,2.3348722,11.417629,9.827444,12.085243,1.1697223,8.036104,-3.679319,-9.089523,13.264053,-10.485416,-7.8649473,-14.2014675,-18.763674,-3.9778187
-269.99063,136.85388,-10.092185,60.10637,-9.318666,15.193565,1.7816772,10.10779,10.651808,10.058879,-2.041856,5.8089447,0.6792771,-6.995396,8.087068,-3.8514853,-6.603416,-9.538759,-5.2287064,-3.311173
-279.96973,139.3356,-9.203429,61.918373,-5.1002636,10.98377,2.4841166,6.164308,11.900396,5.931232,0.25166798,8.099192,-4.1102066,-3.1612182,6.65898,-7.7895617,-5.603462,-8.26613,-6.5262656,-1.1877296
-279.96127,127.262794,-13.975246,63.476562,-1.3188342,14.934834,6.742187,1.6239729,-3.84074,7.1145315,-1.9841231,4.24465,-10.275556,-9.310509,5.3040276,-9.847261,-2.6892686,-10.824942,-14.331659,0.6603539
-288.7045,138.88641,-13.583256,56.685287,7.056878,9.922304,5.7665625,-2.102504,-6.8325825,11.342394,1.7209425,4.9288487,-14.195832,-9.520266,4.142987,-13.452279,-9.597002,-11.841803,-8.881447,3.943293
-295.04053,158.41623,-7.8332806,45.853233,8.599999,4.1063046,5.036648,5.2749763,-2.619494,3.5175645,4.4862537,0.43693197,-11.385021,-1.9445469,-0.4810934,-11.288422,-10.514171,-11.595624,-6.5045276,-1.6249565
-267.90524,150.68031,-20.565876,61.285572,4.9537487,8.48703,5.413885,-0.26522112,-2.3659523,-0.6090558,0.9333035,1.7849325,-1.3342019,3.7532752,-5.6320095,-12.195717,-8.716203,-6.8035774,-3.0089989,0.9422606
-184.09106,162.65512,-29.900194,43.328278,-26.479733,19.905558,-15.604565,10.304763,-8.953652,-11.030886,7.0134697,-5.688869,-6.9644403,-0.9273962,-1.1421275,-3.3114772,2.240352,-3.2579904,0.67762285,2.8582916
-163.57971,124.2415,-1.3507341,47.663776,-43.356277,52.989185,-21.744118,18.273659,-17.673742,-22.719791,-2.839827,-8.622599,-12.649644,9.287407,-6.237599,-4.245305,6.0897646,-2.7127457,-5.4253626,-1.7866873
-233.85202,146.25568,-15.75494,39.377655,-14.836285,29.82726,-13.650377,11.458157,-9.014853,-22.534786,-2.7809072,-2.8166177,-1.0456034,2.6634238,-8.762294,-5.0865965,1.7277019,-7.028426,-8.790333,1.622878
-273.9965,154.98965,-21.57217,36.12384,14.835819,16.26264,-6.693718,6.2342176,-4.5718575,-17.09871,-12.82723,-3.1695921,-10.193393,1.7900755,-4.208417,-6.991311,-2.580776,-0.013965726,-3.0426059,-1.5884595
-296.75482,156.0256,-21.462618,35.77359,24.589996,14.580417,-10.131594,-3.4469998,-7.2917643,-7.291147,-0.75653493,-2.9207287,-10.802607,-2.6411743,-5.3014164,-4.145304,0.5978087,2.874521,-3.2423615,-8.199045
-327.82196,142.41159,-12.587469,30.848667,20.159254,9.86573,-2.0633457,-1.8763938,-6.0417395,-2.880032,-1.7992964,0.6475622,-6.7624974,11.290608,-0.12228072,-3.4785438,-3.950339,0.64406824,-2.905672,-1.8413588
-336.64944,131.87791,-24.17982,25.765528,19.485397,8.837297,6.185938,8.448664,-6.4372277,-0.23939738,1.0000366,7.843437,-3.5787048,3.0254953,1.3742216,-3.3709717,-11.100529,-8.452943,-3.4939735,-2.8740115
-326.67322,141.46097,-12.798128,41.267418,22.764973,11.280668,-1.349003,10.685255,1.1287928,-7.5741787,-2.6096222,-4.8955073,-2.5266142,4.709292,-7.507353,-3.5670443,-11.417858,-11.677684,-3.228571,-3.0744903
-290.5652,154.45657,-19.91286,38.15061,25.642788,22.306149,-4.818169,13.85827,11.107262,-9.571451,-9.70126,-11.099136,-10.025478,-1.2645807,-14.635244,-14.239441,-15.732108,-6.123325,-12.06888,-10.474123
-219.37851,156.55296,-26.19445,54.74923,-2.1344833,10.95409,-15.466509,10.793855,4.3304825,-4.2564697,-4.67209,-9.361938,-6.869237,-5.3783975,-20.556637,-17.93128,-8.856609,-5.0112576,-7.6006613,-2.7144468
-135.34259,123.45726,-8.8304825,68.170746,-24.732964,43.74601,-13.323006,33.70381,-10.057875,-0.47808886,-0.8146477,5.464662,-4.9362516,7.253712,-18.766071,-20.281563,-9.238173,-9.108541,-1.1956592,3.1716423
-116.30988,166.2213,-36.1884,59.92359,-16.917059,19.725138,-22.128716,32.501602,-10.268979,-16.835209,-4.0894904,-1.7161466,-9.514241,-0.7614454,0.7356227,-8.321813,-2.5499244,-1.1909962,-10.125135,-15.667418
-112.6744,175.12112,-72.318405,55.535038,-23.333267,-1.7056309,-6.8698883,26.843422,-2.4609666,-14.143114,2.7281137,3.9786637,-13.764965,-9.060249,-1.4224309,-7.1542745,-4.819997,0.19167781,1.9897296,-4.977742
-124.058075,162.08932,-73.52117,55.0158,-20.073292,11.896093,5.480365,27.770046,-4.9442396,-11.77787,0.9874809,1.470143,-9.810635,-1.6728177,-0.6948072,-7.3317957,-12.249548,-6.8280144,-2.9484768,-6.5906925
-134.44003,158.1466,-71.79143,56.924408,-19.198704,11.459879,0.8694509,25.541374,-8.808256,-18.849209,-0.5877762,0.763118,-6.8638983,0.06840506,4.1341724,-2.9287922,-7.0876036,0.78302586,4.301311,-12.095816
-153.8653,166.27095,-64.67498,58.648117,-15.1426735,8.572798,-0.89509004,29.860222,1.7937486,-21.175724,4.133424,-6.759745,-14.470387,-3.1904347,-3.1945531,-10.927507,-7.9666176,0.17325932,8.018111,-7.9976254
-190.19635,163.19922,-53.153744,60.278442,-2.6274748,12.277834,3.614088,26.439434,3.763245,-13.666649,10.319888,-8.043437,-11.145218,-0.68888384,-11.631536,-11.681725,-2.9392965,12.462154,15.437007,-12.052649
-215.12155,159.7201,-42.22422,62.569588,6.8062787,11.045365,-5.430037,21.935776,18.327805,-4.2586613,5.595566,-8.512953,-9.432543,-2.9040918,-18.5116,-14.134181,-3.9115016,10.267458,8.297452,-5.1049604
-223.27841,166.03902,-37.66108,57.364742,3.68716,14.31695,0.042670876,18.382559,13.757156,-7.1294537,0.8464074,-9.760002,-0.51576734,4.6507344,-14.380075,-18.910276,-11.009734,6.4327464,5.4349804,-7.9479117
-225.22047,163.57623,-35.36657,58.49894,4.8362813,15.586802,-2.6635013,16.798971,8.100819,-8.523281,-1.9261489,-11.288665,1.2224091,8.308062,0.39927983,-15.399018,-11.982741,3.437206,2.6580486,-4.596536
-205.66313,162.65479,-33.985653,64.79474,1.8912477,16.441784,0.3796276,14.488393,5.2647,-9.2460575,-6.1030536,-4.430232,1.0381836,6.7471395,-1.7116382,-9.673261,-6.6264367,0.25218964,1.4261189,-4.101956
-181.41528,165.37428,-29.900688,59.859207,-2.638494,34.66054,-8.474473,14.321886,-0.14132214,-10.295124,7.202309,-7.3416758,0.45989662,7.185464,-11.445534,-16.210884,-17.623447,-8.017241,-8.63721,-9.186029
-194.33022,155.55566,-19.643286,63.467888,-5.852386,34.911953,-6.5934687,17.345003,10.224731,-10.765541,6.114647,-11.130409,-13.0810795,11.498499,-14.19606,-13.810271,-11.171032,-6.6610384,-5.323263,-8.777778
-220.79314,169.27524,-23.5964,58.69956,9.732083,18.994808,-6.615517,18.076572,2.8732066,-7.585678,5.2600484,-18.492556,-2.8162446,9.15027,-12.439569,-9.361875,-7.4508705,6.029928,-1.1759802,-7.932223
-234.7272,167.9185,-31.292076,55.243126,12.976493,12.705638,-4.9243393,16.47137,-0.6558225,-3.997402,7.9337397,-26.144157,-11.994497,6.633481,-6.4499846,-2.7363932,2.6907434,11.163858,2.1883385,-10.26351
-243.34,154.48892,-33.73693,58.29527,17.703888,19.469189,0.6937609,19.535954,-3.2013938,-7.373057,5.3744464,-21.866364,-1.9605541,8.454727,-8.593732,-5.150912,2.0005143,20.119867,2.466094,-16.59878
-250.86845,149.28442,-30.124245,62.13417,19.706509,23.211552,4.974391,16.454472,-8.967081,-8.857046,5.789814,-20.67158,-2.54399,8.226228,-6.609142,-0.88916636,-0.69625455,12.957099,-0.36507964,-14.245673
-256.18677,149.31361,-31.012562,61.654823,20.426922,19.741951,-3.3713074,19.723726,3.2945886,0.29282528,10.268617,-25.38663,-7.3926153,2.632831,-7.985596,-4.857618,-3.3052244,9.603791,-1.5703083,-8.811608
-247.54701,151.87253,-31.340382,56.211876,6.844103,14.689774,-2.909405,14.39725,-0.008952916,-3.3042285,8.687525,-19.882526,3.4175358,17.528671,-4.028458,-6.1704564,-10.217697,8.19141,-0.482764,-12.352273
-216.53116,152.416,-44.559708,59.288277,6.9147367,26.695538,-8.520479,5.951524,-2.446126,-3.8233247,2.783864,-10.90357,10.654283,0.7518624,-0.9612436,-3.4705787,-4.5901155,-2.5803506,-5.679673,-6.4492807
-127.21744,100.28699,-39.91391,89.26189,-29.854364,38.32933,-12.811338,0.85744107,-14.646593,19.261948,-24.849953,0.2786715,0.5260557,-6.5555205,9.658482,-12.096384,-1.7644584,-4.176066,0.56227237,-1.4728371
-72.11519,110.16573,-54.475876,86.341225,-25.274204,35.638218,-27.354443,10.855464,-13.49063,11.626118,-19.039324,1.6718875,0.6490474,5.7626543,7.233576,-5.4656057,-1.4187818,-4.2661695,3.6490483,6.1974845
-94.740845,117.53098,-66.07015,88.776855,-7.0166187,33.043728,-26.566704,22.639423,-2.252698,5.5711517,-17.115553,2.4593277,3.469363,0.85261595,10.880418,-4.1728325,7.81386,-7.035322,-5.4218483,-0.011184171
-127.78959,125.298134,-60.643986,101.49984,5.1187453,15.344118,-22.916317,31.510015,1.5091496,-10.381738,-19.65851,-1.4968529,6.0425844,-0.5371415,5.4754305,-7.8761673,11.793936,-3.8648996,-5.5199733,0.2931062
-150.54034,134.03592,-62.434998,107.137726,9.053002,-1.6797388,-12.670074,32.82427,5.849025,-10.778511,-20.608332,-10.528237,3.482292,6.1999006,10.314743,-9.193944,8.258007,-0.096279144,2.123247,7.686998
-176.8767,135.16663,-58.389748,113.844536,19.627869,-9.882222,-14.91551,20.416931,4.8708997,-9.341328,-16.346323,-5.613685,4.8983107,7.8620877,13.368559,-2.6276076,5.3136625,-1.1655035,6.6603804,8.970112
-192.38095,140.46408,-56.253033,107.88994,24.69662,-0.99479747,-8.470273,19.902523,6.8828573,-12.163755,-14.4173765,-7.0826764,2.835085,5.523965,10.551258,-0.5173583,7.9830494,0.9972796,0.96966815,4.879072
-202.4858,147.90857,-49.30678,89.93361,24.025295,3.1436217,-2.7374992,27.83031,6.5626683,-13.43758,-17.791409,-11.695551,-1.1710974,13.8775625,18.665302,1.8304431,8.688998,-0.518809,1.0942479,5.5739174
-226.03459,151.65424,-42.822094,78.87874,27.360615,5.9543533,-2.369628,25.616886,6.379032,-19.129208,-18.649918,-3.036368,4.760219,12.940374,17.006956,1.1102061,6.0588465,-1.8769372,2.3101406,9.516514
-243.42015,161.92291,-31.377645,68.02057,23.169952,0.8751878,-1.1468619,21.12162,4.874448,-5.2342916,-12.413536,-5.7597265,6.937934,16.277594,13.961014,-5.9025135,-1.1144184,-0.8187891,1.4939466,5.516388
-255.3124,158.28156,-25.425978,69.73447,25.823368,-0.4337535,1.2849721,21.249794,10.60232,3.353261,-10.611105,-4.8604283,1.0020266,14.080692,13.544374,-2.6040926,-1.1745409,-7.64534,-1.3298131,5.2160435
-261.28583,164.23804,-24.45075,63.057274,14.495113,-10.023066,-4.9538445,15.559988,19.753046,1.1072967,-10.915707,-2.6782064,0.06351411,19.13655,11.347334,-3.3609836,0.94937736,-6.725357,-0.399503,6.107342
-230.3931,130.87677,-20.048862,63.990837,-4.120583,23.71907,-23.252735,27.57131,22.181293,-2.381282,10.20508,-3.1208227,2.5806315,13.185036,0.1434381,1.768697,-3.6061246,-7.5250063,2.5516944,1.0911359
-202.96558,103.20665,-7.3899574,64.25982,-22.969257,41.792397,-31.995756,29.136772,20.611603,-3.1053507,10.300183,-0.76527095,-2.8479998,19.016665,-1.408487,4.7188225,3.5122542,-5.9867687,-7.468832,-2.8372705
-240.88971,141.65393,-24.705765,60.715935,1.5161458,15.834377,-16.63283,11.5700245,13.15895,-3.5891361,9.326246,1.909266,2.8404484,19.47215,2.7482574,4.9275103,3.4296157,0.6490341,-5.13529,-8.225321
-259.8417,154.22858,-29.04382,50.253662,14.314329,7.8675413,-10.4439535,18.735744,15.684852,-1.7020495,12.388773,11.836142,10.825183,14.831707,2.7533967,3.8160994,-4.066483,-3.5010922,-8.252617,-10.490232
-266.91803,161.0158,-34.088196,45.674847,23.408112,4.8113947,-1.660106,12.899954,5.9999743,1.2765665,5.2661266,9.080847,9.814432,17.463112,5.9687166,0.64347446,-3.2907405,-4.277697,-3.2745693,-1.8324089
-277.80545,160.3215,-27.72475,48.197937,23.242836,-1.0000753,-0.4678548,13.557611,11.485636,3.7239594,2.8601198,12.086916,3.1054606,18.717884,14.421472,2.5483613,-3.7365177,-8.975457,-4.0785875,3.3009262
-281.34866,161.72083,-26.403282,52.649,31.939634,0.6574521,0.5771228,10.686106,4.4907084,1.6452875,-7.214869,3.5182016,4.2959743,20.178741,20.633297,6.8503304,-6.376233,-15.577234,-6.4437475,4.5398335
-283.61496,161.1124,-22.277575,50.55538,23.352581,-6.3869944,-2.736397,12.190256,12.19297,6.2973742,-4.370838,0.97356534,-1.1997697,16.885513,9.566039,3.1629374,-0.34157056,-3.2935834,-2.4025457,-3.225716
-277.62668,159.70996,-29.980484,47.090298,22.46521,-11.06542,-13.127163,6.03762,9.192876,-6.2576294,-7.812457,15.658539,7.601075,11.4193535,4.7374763,4.997116,4.6273203,1.7420642,-3.739274,1.0637062
-188.07626,144.38332,-30.581207,36.723595,-25.100658,19.609592,-32.23737,14.130247,5.4049263,-0.5351875,2.976725,5.779162,4.4803915,-2.7434416,-8.937197,-4.2435904,-7.4950976,-5.731708,-1.62476,3.669321
-113.56107,123.26835,-33.499203,50.008934,-40.033707,45.558968,-10.711252,15.874394,-28.995934,-8.222232,-7.57528,4.0190043,0.111070395,-1.3513985,-7.5806527,4.42531,-7.435855,-3.1679835,4.1477375,-7.286812
-218.17741,151.83505,-23.172222,46.892406,-11.076887,23.364761,-13.067118,17.613102,-12.225515,-18.058506,1.1636124,-2.5034847,3.8635218,2.2031236,-0.86812705,-7.224242,-7.2120943,-3.7170184,-6.2787657,-8.214787
-269.66705,143.84814,-31.194874,38.836803,1.1401795,5.666216,-11.018653,9.599276,-12.362774,-10.787496,-4.0871754,-4.8802204,3.0130043,-4.060836,-0.46350747,-5.1588554,-10.64942,-0.6886952,-9.631073,-13.226009
-260.99973,128.30861,-35.18541,49.308205,-16.870928,9.042105,-11.793471,-2.2391973,1.5232657,-10.84958,-5.978616,-4.2870893,-0.95874786,-0.0008994341,-0.0009624958,-3.4054122,-12.125152,1.0254486,3.9178998,-3.1592743
-229.87994,72.626755,-31.77734,74.78674,-44.959023,28.756868,-22.451406,-3.3642626,2.7455628,-10.599018,-10.25279,-7.263026,-9.316261,-4.2670774,7.6511188,-0.14236791,-15.7472515,-9.373606,-7.19925,-9.103384
-216.6543,44.22834,-36.30503,95.471725,-47.862274,32.86408,-21.212595,2.3227806,5.6665254,-2.0469012,-11.49836,-6.8979435,-9.479333,-0.8839406,8.494701,-1.6185722,-18.679024,-19.211506,-12.87985,-11.942347
-192.47292,32.9616,-42.64637,92.63616,-57.61143,33.820816,-19.899248,5.5233984,-5.0995893,0.5851932,-16.723392,-2.5609102,-5.399811,-4.441994,3.5663733,-3.1462045,-14.480008,-11.195402,-9.1388,-17.97601
-179.63496,36.6483,-51.522568,88.31832,-53.61006,30.166098,-23.725273,15.755489,-10.887322,5.7815847,-13.0563345,-8.993424,-6.830607,-9.245599,11.930777,4.961381,-8.758327,-4.4018764,-9.8112755,-16.692833
-180.77322,56.62041,-44.433067,83.84311,-41.324333,33.97383,-17.36599,18.896538,-10.317117,3.514632,-13.795406,-7.5518866,-6.6481667,-9.913014,7.497262,1.8401642,-4.9469943,-0.14741027,-8.465125,-12.4957485
-101.81836,134.62659,-59.477432,66.03344,-24.507696,30.290886,-33.366108,10.672754,-15.373694,-30.511559,-16.961071,7.7767696,2.0304458,-11.732376,-4.603717,-11.03917,-11.3073225,10.036396,-10.987806,-22.00135
-99.14969,141.39662,-89.76173,57.931763,-25.858856,13.086281,-28.156185,17.871582,-3.8439667,-23.829517,-2.3999767,12.950379,3.1088774,-8.530441,5.0832605,-5.525848,-13.869328,5.954828,-6.8082447,-18.397604
-97.588936,141.46265,-100.25486,53.303642,-27.057407,15.767656,-19.540054,21.334301,1.369595,-1.9008989,6.010314,4.0249968,-0.7765665,-19.838661,-1.4772406,-7.413299,-19.601143,6.7549486,0.023782998,-11.977518
-101.03342,127.02413,-91.922,48.2847,-31.909765,18.214432,-18.919785,25.980938,-12.1616535,-4.810737,2.0318418,5.007322,-5.6717834,-15.022236,1.1067094,-7.0950365,-18.409573,5.1000032,1.3664355,-5.0797415
-114.44627,128.76526,-94.72427,49.836163,-33.51986,18.873835,-14.600819,14.58428,-11.074779,-13.501636,5.1571097,0.98054653,-8.799886,-7.821972,-3.8607872,-11.47348,-22.28412,-2.6704009,5.99304,0.29821426
-133.71718,131.86258,-90.75656,50.795025,-31.195755,17.52976,-11.74688,9.341032,-5.0108337,-7.9926615,6.303801,3.0551622,-4.3615746,-3.3286302,-6.6601343,-16.65774,-17.41973,-10.022242,1.7093325,-4.820591
-166.08467,128.55975,-78.45987,62.2934,-18.978203,16.043451,-13.621164,4.715775,3.2379212,-0.8657208,10.025627,-3.754272,-4.7193317,1.2272626,-9.881201,-15.366642,-12.284466,-7.7953944,-6.90418,-10.553658
-185.9868,140.4046,-69.03464,65.672745,-2.586333,18.167305,-17.40031,-3.0678742,0.07866168,-8.850467,11.024679,-4.0753217,-7.4675584,-6.630026,-15.666357,-13.807722,-5.9212985,-0.5339438,-1.7345324,-8.260981
-205.73248,138.99207,-60.12089,65.56829,-0.9454439,18.26476,-11.14356,6.517767,7.210822,-14.802331,-5.2528243,-12.806553,-8.207735,-4.441276,-16.811625,-17.314056,-10.533643,-0.8032596,-0.17495131,-12.689297
-195.60013,153.73941,-53.091805,60.584927,-8.636212,17.216974,-8.751836,-2.0825574,4.3581953,-13.371374,-0.59179866,-4.8354363,-7.4477224,-4.137577,-14.252911,-8.758973,-3.9055686,6.6412334,1.9929314,-13.267087
-115.27191,112.282974,-55.478333,72.38293,-37.30932,26.159077,-20.902046,-1.5636811,-24.61224,2.3875833,-18.565813,2.2391136,-0.0028635263,-9.525797,-4.5366297,-14.480545,4.741576,3.2862825,7.7940445,-0.3137102
-61.83932,123.37659,-61.491844,59.913162,-47.688965,28.56958,-30.802828,11.192381,-18.30667,9.165115,-7.712195,11.50808,6.9759016,-9.092695,-0.40585303,0.7635728,6.1919723,2.129902,-3.1539533,-5.3086553
-70.34473,137.1317,-73.38797,56.040787,-44.047115,18.913837,-27.956038,21.371397,-14.52556,6.593705,-2.68166,9.392254,7.747074,-11.185257,4.6162977,1.5679201,1.3467362,-4.334619,-4.4256387,-8.199728
-95.65909,152.01772,-91.78032,42.699562,-40.01861,3.7149997,-12.901588,20.832851,-14.406534,2.165001,-1.6716722,10.413092,13.249893,-17.152386,-0.8158815,-7.931916,-7.319892,-2.3631098,-13.095985,-9.580075
-108.39121,146.92613,-90.80455,49.65725,-37.883484,-2.0677593,-11.316616,17.42812,-7.3321996,-5.2314186,-6.214596,6.1683702,7.1169972,-6.3381057,-0.6657367,-5.1303687,-8.739074,-3.4059112,-7.3368497,-6.6630177
-120.39948,154.05649,-88.28366,53.42236,-29.496578,0.81102693,-3.6419616,13.422649,-4.564392,-5.095892,-4.794365,6.3154125,5.1720757,-2.3250709,4.3241844,-3.1403928,-12.805424,-6.5727205,-11.304694,-10.105552
-129.57227,159.47635,-95.38913,44.213062,-23.989655,0.83958995,-8.861716,9.370517,-8.389979,2.3376253,4.1689954,1.593046,7.8846445,-8.396747,7.3468523,-1.4135851,-15.262545,-2.4700966,-8.237741,-5.2071753
-139.66103,164.14864,-90.79622,41.32423,-29.566479,-3.3038807,-6.165472,7.3795195,-9.057272,-6.07969,5.8557034,6.4485016,9.095885,-8.581165,5.2321963,3.5891728,-14.758635,-1.6982967,-6.555403,-3.4915583
-152.00812,165.75166,-81.35042,43.09903,-23.629213,-4.2304463,-10.186714,3.040015,-4.432633,-6.9789534,3.8350582,8.130461,5.267479,1.3776888,2.4064398,-4.059731,-12.734665,-5.8541646,-4.865163,5.2842245
-180.68872,164.8591,-78.319916,38.07006,-16.54051,-4.404088,4.781276,10.489712,-8.269478,-13.675726,-0.2960885,12.947672,6.389019,1.9264021,5.235259,-4.413909,-9.51959,-2.585105,-7.9065547,-3.0487657
-194.22488,172.26152,-65.65446,41.93789,-9.748738,1.836336,16.771696,13.547194,-5.589246,-12.933155,-7.968631,3.3036962,-0.10804701,3.7716677,6.367131,-10.237465,-13.673057,-0.20358671,-0.82634354,-2.7568483
-147.9609,165.15344,-56.451668,58.21937,-32.70844,14.570759,3.8617473,-8.660806,-23.112307,-10.793312,-2.9465525,-0.88455564,7.7775745,-8.24127,-9.074024,-2.4650877,-13.311441,0.6457788,3.65998,-6.865224
-168.77109,141.39197,-35.809532,43.42416,-30.14861,28.13794,-25.319637,19.43964,-6.1443305,-9.742164,7.94659,-3.2935205,4.335566,-7.007934,-9.719982,1.8517561,-6.2398796,-5.4839334,-5.772027,-8.641216
-187.45412,148.1561,-35.33288,42.52233,-21.615555,18.185904,-23.200047,14.597307,0.20444581,-0.1949954,11.545326,-3.0837488,-4.7453637,-4.823531,-1.9194555,3.6704822,-6.3440533,-1.4901705,-1.5779886,-8.836874
-215.39873,169.16153,-41.29061,41.31514,-9.706821,-4.153321,-2.985558,7.908576,0.44803756,-5.341803,2.824856,6.96681,-6.266014,-3.75417,-5.4860086,-1.798845,-7.1656084,-4.5143876,-6.6179714,-4.442852
-229.2873,175.13434,-47.050896,41.81637,4.8461967,-0.2082026,1.3603892,1.4017917,0.8347445,0.6213036,1.1993351,5.962188,-0.7791692,-10.079144,-7.568067,-4.88503,-10.3269825,-0.7825179,-11.565113,-6.882587
-230.71448,175.47266,-45.976753,35.521797,1.8249685,4.4541264,3.9528232,1.1659604,0.36088264,-2.7682743,2.8885498,7.557803,-2.364842,-5.1452036,-5.291393,-5.865321,-13.276588,3.3706453,-1.2165914,-5.458981
-240.09586,169.52008,-43.702045,38.96126,-0.97047234,-4.135761,6.3807564,4.684079,1.2459769,-2.9558203,-0.45420402,5.685942,-6.7047634,-0.16621375,0.07436633,-3.6634212,-11.288464,-0.43826437,-3.405927,-2.8465655
-243.69272,173.87985,-46.474392,34.62578,3.5109992,-2.640408,1.9063381,11.912357,4.356925,-5.978813,0.9081466,5.369649,-4.0774937,-5.9310927,-0.33719975,-3.4506931,-10.193041,-4.0390377,-4.199954,-6.5609465
-243.22536,168.15717,-52.53282,30.644417,9.4552765,6.943921,5.688429,7.8557878,5.263981,-5.6946793,-6.5406327,3.0822873,-3.6728957,1.4068872,1.518906,-5.138606,-14.533004,-8.696963,-17.104206,-13.288051
-206.79959,149.47382,-44.0597,35.0963,-15.249203,18.393887,-13.666292,11.620559,-9.385804,-7.589754,4.6870413,-7.317357,-6.4898663,-7.4852953,-4.730201,-5.743921,-6.1705666,2.5043335,-3.9959707,0.46818972
-101.30683,126.9051,-26.777916,61.06708,-35.17431,48.095924,-16.062672,28.810448,-15.038609,2.1300144,-1.4769106,-3.3928308,-7.7769594,-8.538514,-18.496426,-17.91773,-16.12502,-7.8088713,3.708903,4.6843786
-159.69208,155.33838,-24.999987,56.305367,-18.83398,24.57042,-13.665072,29.357365,-6.802288,-11.538594,-0.17513777,-4.5868664,-11.973236,-10.384327,-18.494335,-24.222364,-14.830604,-10.499201,-7.8394737,0.089118004
-196.74817,163.70001,-32.130573,65.675415,-3.3344698,14.976935,-4.1276383,17.724745,-1.4936541,-16.03664,-3.8727732,-9.097549,-12.819811,-3.3834052,-11.920181,-25.713804,-13.973898,-10.94573,-5.614594,1.596492
-196.24315,168.09818,-42.159847,56.11993,3.8904333,11.862661,-11.350193,16.893585,-1.3044844,-11.3449135,-2.3270233,-20.518337,-12.323813,-2.2349567,-17.526245,-26.660229,-10.498251,-1.2812499,-8.155016,1.3271096
-196.73376,165.61775,-46.307945,53.4995,3.3586965,9.345963,-13.154814,12.179433,-6.9054956,-13.296474,-3.9241772,-15.098808,-7.9709797,-5.0434904,-19.196411,-27.724686,-12.839497,2.0841389,-5.39027,-0.7870335
-201.84138,163.2665,-52.7986,51.374695,9.086609,13.770152,-8.835721,12.5189295,1.7522821,-8.211529,-6.1935816,-17.108252,-10.716674,0.66812754,-5.73808,-19.905235,-15.156921,-0.58850706,-3.142769,-0.8417721
-189.30173,171.2771,-62.51913,41.30195,7.5874343,19.463314,-10.153661,9.51171,1.1090587,-6.67356,3.8416588,-16.123829,-13.889427,-3.3856328,-4.7649574,-13.629882,-16.499975,-1.9356586,-1.2289774,-5.9528866
-203.01927,172.67337,-64.37488,41.915466,16.543493,19.438238,-7.214337,4.587968,-8.915224,-10.316003,5.455755,-13.196003,-5.7486744,-4.612306,-9.734582,-15.674581,-24.64758,-6.5732174,3.6410642,-4.017378
-214.65395,171.66133,-57.33525,51.74285,18.597235,13.176991,-0.3701325,2.5606008,-8.308901,-8.305527,0.9018222,-3.5985296,-3.7532468,-15.553331,-19.07291,-12.089683,-15.006252,-12.79664,-5.4231234,-3.3328056
-176.07524,162.60928,-73.884224,55.512352,12.485844,16.871761,-8.501051,7.090902,-1.4077406,-17.018341,-1.8707212,-2.329838,-12.562223,-11.392982,-10.638229,-15.05739,-14.90113,-11.631983,-5.66438,1.1859868
-122.00169,176.7554,-87.144745,52.93631,-1.249923,16.138405,-2.0398724,4.2100563,-8.47905,-19.957733,-6.5723906,1.7403041,-9.5334425,-9.576195,-14.27907,-12.111701,-7.3498464,-6.940158,-4.1564007,-0.51905036
-98.75654,161.56706,-90.334694,48.3395,-14.456985,16.588684,-7.7860584,26.123533,2.269082,-17.962513,-4.529375,8.846902,-11.710052,-10.290987,-15.078925,-13.151449,-17.80789,-15.05346,-0.96439767,-6.3215923
-95.61811,152.9061,-98.00712,42.61927,-16.348795,24.938751,-6.9373,23.088272,-8.338971,-22.158302,-4.287003,2.2553785,-13.883157,-11.153505,-6.3551073,-3.7551124,-22.13713,-17.132792,-7.0422573,-14.700505
-120.13822,141.0076,-103.540375,53.58181,-6.3387566,20.663874,-10.025805,15.944494,-0.35642076,-19.976406,-0.16579473,11.531717,-3.4964144,-7.510281,-10.921185,-6.618929,-24.012766,-10.340445,-2.8782134,-11.818506
-124.491066,132.87413,-99.182495,58.067635,-5.543569,20.476614,-20.245148,3.3848147,-7.6669726,-13.265522,-1.7751186,6.4665127,-10.8329315,-9.889147,-3.3911004,-6.5393867,-13.97863,-10.600313,-8.658972,-13.257288
-164.9453,147.4436,-75.71034,63.04064,2.4379978,21.644234,-9.219332,-3.2771645,-14.98382,-7.2239785,-0.18744922,-4.6233373,-5.347335,-5.6251316,-6.866723,-17.940807,-11.711157,-3.6043584,-10.253038,-8.131114
-239.6893,149.91992,-53.97303,51.83419,12.43542,13.265419,-0.26995027,8.6232,-4.1289873,-6.813766,3.8619137,0.81519306,-1.9383248,-14.6972685,-6.101328,-7.1471653,-16.442562,-6.4235525,-7.7607903,-5.5402055
-250.5222,152.00043,-56.037403,48.813114,10.864996,3.6439939,5.5072784,13.720914,11.137883,-1.5661922,3.8130567,4.8255987,-2.9697642,-6.322509,-6.307224,-16.71806,-17.833925,-0.24979782,-3.8220515,-8.809524
-233.39987,137.33012,-65.52689,48.517216,-4.100416,3.525946,6.3663845,15.859293,2.4088829,-8.354784,-3.183031,6.985924,8.478518,-9.938913,-10.16296,-8.99279,-11.682164,-1.1401076,-2.628004,-4.6799917
-174.84035,86.35945,-66.73636,81.30643,-35.077175,14.165562,4.664425,18.436161,-16.025024,-7.2728767,-9.359808,4.5591626,7.9239697,-14.325367,-11.003784,-7.3849382,-5.7488537,-5.0772557,0.2057038,0.6417103
-87.067535,72.78221,-50.366577,86.012405,-53.95651,22.285202,-12.609461,26.87973,-18.712658,23.293919,6.0188723,19.19542,-0.47403538,-1.2908788,-1.7891948,-3.3284526,-0.4654711,3.3887439,7.745807,7.712449
-85.09265,93.79242,-47.814186,92.37312,-31.033123,42.110962,-10.360828,26.172485,-11.337774,13.324373,-2.1811113,12.9232,3.9761615,-2.7786374,-3.025322,-6.6155252,-1.1054386,6.2242327,0.70234126,8.359997
-104.19062,115.45315,-71.804504,87.184616,-7.399572,32.120518,-10.110918,22.522362,-1.7159836,11.004039,-12.252519,8.023299,3.1951466,-9.857594,3.1168225,-14.4800415,5.1357226,2.1334167,3.630131,16.137032
-130.88046,120.53709,-76.435326,91.67191,5.271851,25.948261,-14.014099,20.903587,4.180669,6.3801866,-7.6126623,7.522341,1.6320164,-18.203346,5.175355,-9.940781,4.4276075,1.8385867,-1.1632296,14.285839
-147.80716,130.71078,-72.82645,98.23297,13.169188,20.276329,-13.96984,18.873718,12.9179535,-3.5143175,-10.468321,0.3924297,5.0336847,-8.007703,6.0123787,-8.8045,-1.8867342,6.488795,-2.8611174,10.507502
-166.22937,127.54601,-75.51875,97.189606,17.453506,13.655825,-15.458979,13.524685,11.232572,0.5670488,0.81448877,5.634262,0.7167585,-17.79266,-8.0469885,-12.471595,-1.2785594,13.3601,5.0354185,9.652934
-178.51442,127.52463,-75.3079,94.51816,22.053513,18.992664,-10.007616,12.12915,8.439357,-2.0066452,1.8994473,6.6651754,8.685961,-12.107891,-12.924955,-15.198839,1.5410128,20.351616,7.4394813,7.5522776
-176.56635,139.49188,-67.12158,85.60103,17.366314,12.674618,-8.112196,15.935581,5.750846,-7.2992563,-9.971859,3.078598,0.85391927,-10.415991,-2.7840514,-9.1917515,6.5630736,13.660351,5.1693125,8.934948
-200.4198,137.43648,-65.2442,84.792435,25.215872,11.715996,-3.3628955,14.388609,12.581291,-1.7759287,-15.962761,-1.480531,-4.2092485,-4.9740124,5.58078,-2.7787697,15.188934,17.0675,7.745248,14.110585
-217.10889,142.81241,-63.572685,69.85376,20.529224,13.2947445,4.0509844,16.05936,7.115841,-6.1069193,-10.739752,-1.3850939,-2.9774742,-8.9824505,4.408993,2.704474,9.530721,16.13036,16.044188,19.12391
-225.1852,153.52844,-49.488834,65.10646,13.365491,11.769712,8.671442,14.3533,7.819853,-7.444809,-7.7444873,5.0786877,-1.4362057,-7.768792,0.23266041,0.51475656,3.4354725,12.127037,15.3512,10.239936
-223.21454,150.27922,-37.17807,69.583084,13.151123,19.239372,-4.857151,10.817046,4.2604375,-2.787657,8.065922,6.7735434,-1.8796678,-7.906229,-1.4842496,2.4971077,-3.4864116,2.0029876,7.426259,4.2049966
-188.26422,100.0941,-18.558844,69.5518,-17.52444,47.553055,-23.964903,28.979301,7.45461,-3.6997516,13.25838,11.613024,1.1469219,1.1251065,-15.772534,0.3663516,-7.337408,-5.5004563,7.0236874,0.08952519
-222.85768,121.79152,-25.895885,66.91731,0.3744436,32.081997,-20.142765,26.314022,4.451524,-0.45980304,22.074337,9.412039,9.057579,-3.6208358,-15.034676,-4.952361,-9.3509445,-4.2250705,7.3966784,2.7736933
-250.91156,148.53107,-39.558937,61.037537,16.381195,3.8262482,2.5599327,15.06949,10.993992,7.6661453,10.001303,11.21719,5.1128736,1.1694152,-11.611776,-8.390501,-6.194392,9.0385895,8.230763,0.16634178
-261.86002,147.86009,-44.099144,59.467537,20.535301,4.809428,12.516132,12.203106,11.546847,8.656555,6.1755295,13.879427,2.0774791,0.04684019,-6.765175,-5.718318,-5.078497,11.55308,10.663956,-1.3921446
-263.69354,150.16592,-49.53252,55.481297,23.559843,10.188613,17.854696,15.041865,8.133781,3.3909712,2.9895864,12.234558,7.482932,-1.6195401,-2.5366583,1.2873178,0.13798875,2.5379364,-0.33927608,1.0924808
-270.27832,149.88559,-49.76894,46.330627,26.315548,15.016139,21.096973,16.153057,9.852462,11.869204,9.713114,9.91209,0.45745867,0.46469364,-0.77459264,0.0014877915,-2.8831716,4.7675714,1.6600201,-1.6657734
-275.52628,145.82217,-49.783653,48.002056,21.71675,4.4682436,15.582283,17.7002,13.799249,12.333288,7.0707397,18.409985,6.180104,-4.6052814,-7.658555,-7.057272,-5.985036,3.5927362,5.527568,-0.09298359
-275.4802,144.48483,-47.115612,50.28313,20.626099,1.732475,8.797985,6.550808,9.716378,6.2153897,1.6331992,13.554844,-4.875389,-8.943026,-12.67974,-3.6894276,4.3905983,6.898205,2.3097835,4.0989585
-202.99316,117.150764,-27.077393,50.492428,-28.700201,22.237602,-29.99165,11.571351,-5.5119133,0.29865444,8.460707,6.4416656,-0.29736093,-0.67699873,-4.7726727,-2.2926395,-5.6147985,-6.815548,-1.6624627,-5.633867
-116.64148,111.73908,-26.667572,46.178387,-45.67833,40.44538,-30.811634,8.580473,-28.537317,-6.427672,-6.006487,1.2221453,-8.8572445,2.917378,-11.354748,-2.4234166,-14.088745,-7.2809143,4.333803,-0.35944366
-190.28929,136.24957,-31.027504,40.02175,-15.736959,27.476326,-32.277016,3.0064359,-16.015972,-11.797408,-8.061786,1.1413598,5.63067,1.3462013,-7.630253,-8.8618355,-13.829798,-10.896269,-5.4796667,1.618778
-238.66528,141.44441,-30.779276,43.95417,-7.3113594,10.151882,-17.26791,7.149587,-14.148261,-16.360283,-11.913352,-11.660393,-2.0194101,-5.127008,-13.4617195,-12.501651,-12.611458,-10.896957,-6.6702733,-5.2505918
-258.82312,155.30307,-40.40573,38.527023,7.3775225,-6.9838896,-12.852018,0.2011872,-10.703205,-12.922495,-7.6297474,-4.671361,-3.9694357,-3.8699958,-18.95772,-17.436699,-14.204252,-2.6580985,-0.7495408,-4.6246014
-267.04233,159.60388,-43.233536,31.19871,16.486315,-5.707775,-12.5227375,-5.438776,-13.635113,-7.618952,-7.8989687,-4.94323,-13.846888,-12.377724,-19.168554,-18.342184,-12.083248,-9.757832,-10.568274,-6.534357
-277.99072,159.0257,-41.15746,31.10183,23.936687,-0.47494352,-11.525776,-3.1810603,-15.418142,-9.498649,-5.243695,-2.9061544,-8.870052,-8.830988,-13.361357,-19.380276,-21.686981,-12.558095,-5.9636984,-5.1949024
-289.89163,153.4198,-39.48966,25.477947,12.645854,-7.97707,-10.293016,-4.854492,-14.8854065,-10.918043,-9.859358,0.2815354,-10.867645,-13.075968,-14.199806,-14.102442,-15.378069,-12.119879,-8.910804,-4.3216352
-297.093,146.52278,-40.43037,28.69754,10.751854,-12.462214,-4.4288397,0.8192972,-12.814476,-15.244782,-18.474598,2.452669,-4.5104485,-6.8792515,-11.918879,-15.027949,-10.377816,-8.09633,-8.498745,-3.1979861
-309.02304,143.91232,-36.221848,36.469437,17.741674,-4.3069263,-7.1152496,-6.0742855,-13.870161,-9.856552,-9.014423,4.8274097,6.0848236,-2.6115808,-10.388805,-18.26467,-16.577526,-10.936319,-5.8587303,-2.3085713
-300.7309,145.02634,-37.364246,34.757576,13.826366,-3.949568,-7.0152016,-7.1001883,-3.9912634,-5.3652115,-3.5908613,12.396076,0.3178861,-5.13526,-12.14331,-9.628269,-4.8080897,-8.087366,-8.301313,0.5702783
-258.79056,150.9985,-31.386768,50.674698,11.567794,9.393942,-1.767986,-8.187074,-7.8313756,3.651196,-5.395008,2.8407166,-10.221682,-9.963064,-6.6810102,-4.8056016,3.1428127,-0.5230385,-3.5867848,-3.9789033
-205.91025,151.69324,-19.661346,47.248062,-9.642726,30.01831,-10.427813,16.078945,-1.7878544,-8.674118,-1.8124526,0.09721348,-9.550831,-4.6352835,-7.7737894,-4.475009,7.9824815,4.4937363,-0.43063784,-10.519053
-216.98726,127.936356,9.11726,52.579147,-13.303015,37.677605,-27.295261,20.7374,-12.820608,-2.9517028,-1.2542188,1.2472825,-7.9528904,-8.885571,-10.11293,-4.3535147,5.5295715,-0.30494446,-0.15616035,-7.7633066
-260.8302,155.60904,-10.211007,54.28009,10.746445,22.559109,-7.147084,9.279004,-8.338203,-10.014446,-3.6809573,-4.091853,-1.7890264,-5.445877,-1.852978,-0.8231826,-3.2539911,-5.7636023,-8.338092,-15.709072
-277.5119,160.37039,-9.074827,50.868034,15.816471,16.917679,-5.299473,4.0393796,3.4729702,-15.40165,-9.827335,-3.0422492,-3.4340978,4.941844,-4.960671,-2.155704,-5.614067,-7.1025963,-6.768687,-7.426244
-265.82175,170.92845,-12.847034,49.27028,4.579505,-7.0447216,-7.822769,-4.599778,1.7305777,0.3839329,-0.7800909,7.0633087,-8.767325,-0.83816385,-9.232781,-4.6538153,0.64407754,-8.611034,-7.7231236,-2.539659
-288.60522,172.20633,-14.054213,34.90896,19.886765,8.118135,2.3089514,-4.1644425,-9.092388,-4.0538764,-1.7352272,9.50309,0.12316379,-3.190404,-13.575901,-7.964813,-3.6919065,-5.0961714,-8.615141,-4.270427
-297.57132,169.53888,-13.694962,35.745304,23.582699,8.348909,2.4826336,-5.487569,-15.233687,-0.29755515,2.544919,8.860069,-2.8604143,1.7951384,0.3490454,-9.949186,-10.184811,-5.745594,1.6963997,1.0312798
-312.0805,173.04666,-13.305647,33.275547,31.719505,8.483398,3.3225615,1.5418963,-9.032344,1.374427,-0.009176135,3.9391835,0.3267293,-7.395896,-4.751924,-5.589322,-4.8452806,0.9216846,-0.92246115,-1.5986595
-279.97467,145.98346,-10.470425,37.550117,9.768589,30.767433,-17.516518,19.867966,-5.003497,-1.231763,8.346321,-12.371807,13.058651,-6.781636,-4.6023293,-3.8913836,-4.3840675,1.8726344,-0.31510007,-4.7436614
-112.65556,86.48151,-33.777634,58.152676,-67.663315,31.941326,-13.582992,13.7048235,-17.992447,16.480703,-13.50848,5.8853817,-3.2315335,-2.7362177,-3.67479,1.9174273,-0.29939166,-12.063144,-8.735218,10.039946
-134.80516,86.45593,-34.643677,77.70645,-32.114166,53.725872,1.5530546,23.07421,-13.74796,16.698761,-24.97226,4.0221133,6.859006,-6.5234823,0.5066565,-8.954699,4.048093,-9.185631,-11.90133,-2.2117498
-180.72397,90.13998,-19.121677,84.42088,-39.12999,43.61091,15.4389305,10.54438,-18.414505,17.718414,-19.22435,4.5353403,0.706881,-6.5043063,-0.58216494,-15.087788,1.8543077,-16.746298,-4.7826867,2.2600236
-217.21295,105.03177,-17.493324,79.6167,-25.722729,30.178818,9.332659,13.7760105,-10.165587,7.5217505,-11.833771,5.7582397,0.3335411,-10.150533,4.472027,-15.850366,0.5517149,-12.703859,-8.618832,2.516444
-252.2014,122.92973,-15.688362,68.82146,-14.614498,25.992252,10.67872,11.696785,4.3949537,4.7162123,-11.219483,6.269669,-0.44737738,-9.4755,4.483968,-24.47778,-6.963734,-6.9508266,-10.998959,1.2763591
-283.17987,130.72366,-10.879889,64.16907,2.2936833,20.446167,7.826621,11.544187,9.20932,9.296403,-3.6067972,4.646037,-8.878899,-9.757709,3.7404163,-22.24147,-8.187824,-5.774935,-9.001374,-7.7725754
-287.8021,125.725426,-14.887281,66.43687,7.234103,22.261166,11.464607,3.5540662,3.2160168,8.859493,0.37337184,8.70724,-11.105846,-8.948153,2.5569406,-18.043886,-8.23271,-7.2140493,-6.349615,-1.2409601
-283.1309,123.103714,-17.140408,71.501564,11.273663,20.92112,13.660498,3.2479808,-1.4380789,9.743723,1.3444333,14.037029,-8.18507,-7.422269,4.4666634,-11.639419,-5.5258975,-11.484684,-4.838707,5.4329824
-293.31473,136.69696,-12.917137,63.651413,10.148216,16.040144,14.27787,-0.14597034,1.2034376,6.378002,0.11423198,9.216781,-13.090412,-1.2465786,5.837566,-11.760295,-7.3660164,-11.269395,-10.551558,-5.812233
-280.02847,147.81506,-19.445297,53.10876,11.756363,10.426355,5.433648,3.596053,8.169968,7.8385997,2.8350682,16.661243,-2.8825169,-2.2597818,-4.721408,-12.857508,-7.4166718,-7.833396,-2.6593459,0.5027329
-243.94603,170.00806,-31.472668,45.923386,5.424827,1.9485227,-2.0219226,1.2806687,-5.509414,-2.9319386,-3.5341122,2.750856,-0.49965352,-1.100744,-5.2183924,-10.204227,-4.8202505,-3.1923618,2.4354937,1.8092618
-177.75433,158.34995,-27.538174,46.401337,-27.004784,33.968666,-0.47466928,10.7335,-8.894049,-7.503574,9.581935,0.99472415,-0.6288438,6.7162175,1.5627496,3.7539744,-5.991658,-1.4421456,8.924904,-1.6477207
-184.3091,138.05527,-7.9151917,47.42437,-32.07451,52.75687,-16.71113,17.277958,-16.433086,-12.868692,12.313538,-0.48149377,3.4706676,2.176747,0.45547724,1.2275527,-5.4679546,-3.2584624,4.589824,-0.98573446
-246.50565,150.9439,-8.016327,53.382538,-0.49000487,24.995605,-11.994621,20.027508,-3.366571,-11.471341,1.6901494,5.0068502,9.879646,-3.2620978,-1.0285323,-1.9108119,-2.9594247,-1.9458966,-3.4502542,-1.8292177
-286.55594,159.80438,0.6088098,53.554527,17.384403,14.856209,-7.964881,5.2746725,5.0847006,-1.5058753,4.496794,12.658727,0.4316524,-0.26361108,-5.067916,-5.9991684,-0.6483456,1.3131132,-1.2155675,-3.9256136
-298.57117,161.14043,-1.6119683,42.693245,17.662334,14.233831,-0.9967315,5.5212126,1.3567901,3.7159019,10.08819,15.30641,-1.4178772,0.48305357,-3.3477912,-7.3464985,-3.474541,0.8873756,4.8067336,-0.11321235
-310.29593,165.05075,-0.060836405,35.77664,18.275684,11.303783,6.394083,10.570237,-1.0762819,-3.9293592,13.00436,23.129898,-0.6868087,2.2002022,-3.2343328,-5.729748,-7.8200397,2.9306622,7.15544,2.792951
-316.2327,163.07846,-2.5124202,35.20574,24.994843,15.592876,10.525835,10.72031,-7.759163,-1.4533436,9.1005125,19.950787,6.032674,2.6600742,-0.9887523,-6.629535,-11.480523,-5.0861063,6.001975,6.594662
-303.69104,170.04282,-2.769155,37.508015,23.90437,13.16685,8.534567,10.7719345,-4.889991,1.2325823,8.279931,8.415868,7.6888824,8.739356,-9.31911,-6.0866337,-5.5251503,-3.2800016,5.356046,2.2211056
-277.21674,180.03116,-2.5031466,44.705795,25.52553,12.98432,6.009969,13.32412,8.062338,4.1418877,-7.3515186,-4.357156,-0.7647725,4.3915777,-18.012667,-9.090575,-3.440672,-11.039005,-6.663679,2.828683
-226.33018,169.67282,-14.8363495,50.341637,16.76771,29.489723,-8.253026,26.716255,8.383511,-4.067804,-4.571205,-15.025925,-6.765113,-4.8929734,-18.47454,-14.483021,0.8589964,-6.006157,-14.614906,-1.2261454
-111.09174,125.65694,-16.887466,66.63932,-39.57904,33.70035,-16.40202,28.114449,-9.875498,6.7158537,-5.8790355,-6.5873966,-16.362251,7.01737,-4.040983,-10.253205,-6.7888627,-4.776182,-10.702913,-11.003683
-115.51843,180.3331,-49.613297,51.75434,-15.443023,21.203163,-8.9942255,38.94678,-3.6221101,-16.190022,-2.8801932,-11.246817,-9.237371,4.608282,9.040763,-3.5567493,-4.2866273,-8.285741,-14.08345,-18.183266
-125.93406,187.15512,-67.37871,60.33167,-6.2605762,-1.921998,-6.378587,34.393578,-7.5174923,-19.886719,-3.3410552,-7.045894,-2.776898,-1.5064183,15.738863,-1.1509657,-11.678799,-7.4696946,-13.542611,-19.808365
-126.9147,173.35077,-69.610146,59.83958,-10.777611,-0.5086952,-4.978903,28.839243,-2.070345,-14.436806,-2.0538714,2.6291378,-6.4980497,8.793053,16.976698,-5.4719276,-19.263493,-13.992817,-10.026386,-13.330506
-144.6998,175.29312,-63.054234,57.932472,-9.967085,2.9397829,0.33118963,26.100842,-4.125371,-16.387564,0.026868656,0.089630246,-13.178719,1.5742822,12.942875,-3.9587731,-8.519389,0.95886827,-4.1035833,-18.37033
-174.17656,168.50372,-58.241455,56.34704,7.5316753,13.259812,1.9979277,28.716713,-4.0677924,-16.716946,5.788844,7.1582384,-8.221232,-1.2022715,-1.703624,-20.597328,-12.679701,-3.0463042,-10.188385,-11.817471
-199.65266,168.82112,-53.08253,51.877,9.466513,14.646043,3.7562423,25.045843,-3.7702005,-7.787055,8.778011,0.03847921,-4.29261,3.6472344,1.2733095,-20.978373,-8.12014,-2.3461869,-6.690132,-8.055881
-220.16412,173.36935,-42.494434,50.199844,9.34214,11.623758,6.449967,28.0597,9.848615,-5.4596696,2.281752,-12.291274,-5.0224447,9.881838,-4.453517,-20.210365,-7.521208,-1.4649217,-11.611719,-11.380719
-233.4133,170.50339,-40.703934,60.801117,23.048466,11.662195,2.742929,21.816427,6.6372147,-8.625948,3.2845516,-8.467359,-6.5292645,2.6061757,-4.2634006,-15.358289,-3.2409618,1.7842689,-8.350719,-11.481569
-237.83475,159.35974,-42.94554,63.943726,19.793581,14.004849,9.350097,22.197083,8.482453,-5.7623096,-0.32805538,-10.867419,-8.333944,4.760414,4.631775,-8.314283,-2.140668,3.6654172,-7.8960896,-10.77457
-196.74165,166.81067,-31.615597,71.7296,6.174487,16.580496,3.8683403,16.553848,2.4520082,-4.752659,-4.4096193,-10.8183975,-12.548826,0.13628355,-3.996881,-15.934837,-10.103117,-14.014711,-15.65428,-1.1020992
-200.82005,154.90166,-13.52229,69.8038,1.965802,37.840263,-7.330621,25.25895,1.7707205,-14.377218,-1.1798321,-14.773492,-13.813292,0.53600293,-9.865136,-22.464788,-7.484551,-10.439145,-9.375722,-4.4906526
-218.39778,154.22067,-15.42172,62.777927,3.0967996,35.26743,-4.0476236,22.4596,6.3904867,-14.957366,-0.42902482,-12.554327,-14.713716,3.0923579,-15.390269,-20.961628,0.148152,-2.6108778,-9.212052,-4.9432044
-242.77853,155.9744,-23.040533,63.92843,21.067757,26.71061,0.009579003,23.449774,7.7834187,-3.0655909,7.1258106,-16.723837,-13.402107,3.5653038,-11.015889,-15.780632,-2.6042752,-0.87158173,-14.654198,-18.004932
-249.2676,161.30081,-24.607555,59.620495,17.793247,22.68972,-4.66704,17.161314,10.392487,-9.09116,8.221968,-14.873404,-8.719852,8.939941,-5.5162926,-7.134413,-1.7772603,1.0127017,-17.407532,-23.187119
-257.52615,156.85278,-25.35361,61.882854,28.861652,23.128742,-1.4814734,22.510838,11.318235,-3.457396,3.0367374,-24.153107,-16.928362,5.7068863,-1.532652,-3.090816,0.6447493,9.860793,-7.3274813,-21.257818
-271.8236,154.05403,-22.583656,58.869854,26.02314,19.151075,-1.5324531,24.604313,16.089504,-2.7750955,2.8940148,-17.545164,-7.3276453,6.263295,-1.9772998,-1.6760578,-1.0603921,10.03512,-13.429598,-28.943998
-273.4729,157.30441,-26.532585,61.366623,30.022867,18.063686,1.3638648,16.819418,10.871202,-1.7061268,3.594886,-17.119009,-0.665264,12.1865225,-2.430173,-6.889748,-4.069748,6.609559,-9.935042,-21.550846
-254.6692,162.03497,-35.31629,58.04432,29.440287,19.303303,-1.9764191,15.202486,11.564699,-3.9433234,-1.753021,-18.880802,-7.1775036,-1.1868309,-6.60001,-6.3353133,-9.289392,-0.69604516,-10.078712,-8.383716
-172.70085,123.49811,-39.485794,79.95076,-7.4229565,34.108963,-13.935229,14.886698,-0.14552069,-2.2668326,-19.097458,-3.9004228,-3.2943091,-8.965502,4.9572325,-16.396458,8.187846,-8.543721,-6.641033,4.316507
-117.655334,106.6232,-42.207756,80.161865,-33.400978,26.762665,-36.961258,8.867927,-18.650728,7.2974935,-10.263279,-0.11770767,-6.8254595,-17.858006,-3.1988823,-10.722446,8.510679,-5.461566,-4.95222,1.765094
-100.04411,104.79643,-51.43235,86.560425,-12.201998,37.547226,-36.316925,18.159962,-3.4422455,10.98438,-10.932039,1.2652272,-4.047315,-5.4470654,-3.8649049,-6.6094217,9.234505,4.417508,1.0551257,5.7182407
-125.56718,130.87866,-59.4674,88.334465,5.3867044,29.751537,-16.924147,20.477837,-8.646114,-5.1639266,-5.7626467,6.4610176,-4.1070566,-5.937129,-8.278829,-19.74385,7.557945,5.8771706,9.141205,13.524841
-163.01192,135.06223,-68.92602,89.15717,9.095989,8.691212,-10.968033,28.01186,-5.171047,-11.50165,-4.131757,-3.3473701,0.9080633,-8.224012,-3.579855,-19.863674,1.6860337,4.3507204,2.1494572,10.023386
-197.731,138.62723,-65.917465,92.86274,31.4758,2.3605733,-5.697851,32.408245,-13.967482,-18.60403,-6.8438225,-7.125153,8.580944,-13.256123,3.12866,-3.8029134,1.5466312,1.7136965,-11.6080265,3.4894757
-207.04335,144.28003,-59.268738,88.404144,24.22211,-14.83865,-7.1289787,35.871952,-3.7880268,-0.90425193,-4.0885057,-8.62172,5.1938906,-10.670334,-0.9005895,-10.394313,6.4931316,2.595191,-8.336362,9.320376
-209.71878,148.84805,-55.719055,81.37487,19.926311,-7.754095,-5.467,28.059378,-1.2274613,-6.3873467,-6.682008,-2.8835201,-3.9174845,-12.2790165,-0.15188241,-13.914999,7.200513,2.1318657,-4.810559,6.311769
-224.90376,150.36636,-42.5146,76.543915,21.817432,-5.531022,-4.4563017,24.21801,3.5356834,-5.2327766,-6.895547,0.9586935,-10.809559,-9.642486,-1.9717108,-7.690395,9.199968,4.5436196,-3.2098217,1.0861547
-250.2602,158.23212,-33.84671,66.06262,23.314953,-0.47177297,0.47639716,22.664673,5.2160525,-6.0329876,-7.680607,-3.2461743,-12.046567,-12.641403,-1.2071927,-4.6064496,5.901944,4.08124,-4.941922,-7.68303
-265.54745,164.75085,-24.570358,60.780235,25.741852,-5.5747566,-10.855549,2.2698128,2.0871022,1.1065582,-7.4107046,-5.1242948,-13.987478,-7.171088,-1.6389074,-0.47285268,4.1347046,0.60746634,-5.3569994,-10.042725
-270.15826,161.80594,-30.261364,52.872757,19.409554,-1.5433754,-0.84884596,3.0981903,1.8054931,2.860004,2.841154,-0.025016308,-14.202193,-4.1818557,-2.4188693,1.4055973,4.155721,-3.4934902,-7.274498,-6.564619
-240.09369,127.08209,-20.564587,50.305584,1.1053491,29.889912,-20.272251,28.173618,0.9856216,1.4493116,16.12424,-9.50042,-10.183855,-3.0766063,-5.5488834,-1.249726,-2.9630857,-4.722085,-11.006472,-11.9987335
-214.3127,97.47633,-8.087841,60.821587,-13.952941,35.450768,-37.706306,14.360258,13.683851,-3.7894197,10.916312,7.2764816,-21.63782,0.28166276,-22.588562,-6.627107,-6.2091484,-5.9555397,-5.7777386,-4.367183
-239.04231,122.96446,-11.384653,61.345932,-5.942419,19.987492,-27.928173,21.289085,13.204367,1.1011969,12.924722,-2.1290298,-15.725268,-2.9497588,-10.782089,-6.1623507,-1.7046118,-3.5041437,-5.9156284,-9.001197
-262.57846,145.62927,-26.119423,59.34436,13.644622,6.2073617,-5.5918865,14.153231,10.230949,0.057091713,4.1154933,-0.97540236,-15.143053,1.6606373,-0.81902766,-2.403996,2.9324594,2.324998,-7.1806383,-9.626819
-281.16046,153.87216,-25.44362,54.22867,26.648693,0.7705898,-6.14137,7.956704,3.6079412,3.064663,4.775489,2.5660238,-11.466188,-0.6461568,-0.7241802,2.703265,2.4598045,-3.0345387,-8.33864,-12.368377
-284.70557,153.52188,-25.176304,58.176796,32.735157,-3.972496,-7.251548,7.157723,0.5505228,-1.9697108,-0.12384677,2.1679058,-9.081093,5.229864,-0.8019737,2.4467955,2.3793538,-10.494581,-13.3574295,-4.5791235
-290.55255,165.85983,-15.099629,51.889618,29.881409,-4.0329204,-6.5975375,7.696817,2.5888343,-0.8963368,-0.9906461,-4.228304,-11.993824,3.833083,1.0052058,6.2384396,6.490755,-2.642387,-5.8873444,-0.36262226
-294.32013,167.31093,-13.403215,48.762184,27.009855,-4.803643,-2.3858972,9.415081,-5.045455,-6.4902096,3.0584154,-0.4207328,-12.277287,3.2110522,-0.9417077,-1.322562,3.8948197,0.53315824,-2.7874513,-2.1342883
-301.1434,161.48204,-15.486106,43.918716,24.768803,-1.0034056,-2.3235931,9.534689,-0.76226115,-1.8325963,0.13360187,0.26982844,-8.378633,-1.666528,-1.9201553,2.2345796,3.7846508,-1.5385623,-8.34952,-1.1892328
-286.35614,148.3935,-15.170036,45.96639,17.704592,12.564053,-11.444633,16.830791,1.9047003,-3.2025065,7.279823,-4.90713,-3.9606838,-2.5455465,-0.03084606,3.8114457,-1.6490357,1.4330599,-4.6358347,0.31902224
-137.4404,116.05228,-14.406584,47.33693,-52.823677,28.730759,-20.47609,30.317268,-22.005089,-11.876488,1.2516928,6.1207104,-2.2016108,9.502526,-16.202536,-0.80280495,-5.97293,-2.7338917,2.6578462,-3.0436654
-198.61089,125.39869,-2.7303824,42.596317,-24.62813,41.516376,-25.750492,22.651579,-8.364898,-13.084444,5.3556247,3.948811,-5.8671246,6.0072865,-5.230722,4.83924,-9.302642,-14.743816,-12.923769,-9.9120455
-266.573,132.93861,-8.509588,38.823776,-6.4988804,25.366524,-14.3962,24.461403,2.0958047,-8.060493,6.723741,0.37870196,-5.062932,-1.6150773,-7.7328463,-0.6174915,-3.1615753,-12.878934,-12.241402,-6.9941893
-304.21378,140.0458,-20.407225,33.117218,16.583921,22.246033,1.1050206,15.766783,4.048203,-0.28373176,4.9415154,-4.6116652,-6.532283,5.351774,-2.3912106,-1.4130616,-7.4989653,-10.026635,-14.687571,-7.0889225
-319.8508,144.55759,-16.294447,34.91604,27.142376,9.811709,-3.6240063,20.063908,7.7054796,4.613735,8.153328,-3.566938,-9.3582325,4.6260614,3.368429,5.7291207,-2.9905846,-9.638752,-9.961935,-10.450143
-330.40445,142.5726,-16.639418,31.801092,23.094612,3.7787132,-2.3554235,17.536753,8.657581,10.048849,11.742324,-0.02361989,-6.521078,7.910771,4.9626923,2.4144633,-4.6912446,-14.168453,-19.880852,-7.111957
-318.89514,152.31516,-12.502696,36.322693,26.433311,6.3530083,3.2231586,14.491392,-1.4773374,-0.47898924,3.8405604,3.346376,-8.687717,-1.6045377,0.14212632,5.7120256,-6.9602103,-13.644327,-10.317321,-6.047126
-318.23956,155.2102,-13.622464,35.09581,27.090237,6.4160013,0.8988658,14.659118,-1.0549225,-5.93869,0.56052697,-1.4744873,-10.111953,-1.7919185,-2.4156723,3.342194,3.302692,-1.8814129,-9.949126,-7.375386
-302.88757,158.5669,-12.316021,44.224884,28.880611,11.855982,1.8437755,16.754452,6.862628,-1.5758511,0.99760795,-7.1479692,-11.999205,-3.0565126,-13.890377,-2.6933095,0.72927475,-3.9493794,-10.507091,-11.60499
-267.51837,166.52048,-25.873219,42.56543,32.455406,18.591887,-3.8062754,15.9187155,10.252864,-3.337844,-9.6929,-12.709061,-9.409178,-0.10384488,-13.715562,-9.635828,2.1769867,3.4722943,-8.481522,-7.7651997
-186.25902,186.72592,-47.62474,37.753525,0.8890189,1.5827494,-17.616339,11.228218,3.3620093,-10.073448,-6.0854254,-0.83149624,-6.5930047,-10.218462,0.51278484,4.9214783,-2.8671584,0.09570001,-10.174882,-12.214707
-121.35965,167.80185,-71.47125,30.087433,-31.05497,2.0169938,-19.141403,20.532742,-1.048806,-18.849422,-8.9344225,6.214597,-8.408116,-2.667615,-3.5221024,-5.4202795,-12.5376835,-17.496975,-11.928143,-11.788994
-109.49801,171.02922,-74.88004,39.674248,-22.22834,11.41683,-14.522337,38.83312,-3.5546021,-15.866507,-2.0608814,4.0356627,6.2665567,-3.8598123,0.24510984,-5.6103673,-13.084288,-11.590964,-3.5161357,-5.461383
-126.377014,166.35257,-93.04108,33.95397,-12.499662,11.371561,-1.2479647,30.941189,-5.5670137,-16.952644,0.35701132,5.9574146,3.63947,0.8526678,-1.2085876,-4.3804445,-20.735996,-3.6583576,-4.4019322,-5.5612154
-131.7312,155.1146,-96.94716,51.339462,-7.3560157,7.585123,-7.232975,12.95228,-9.233244,-15.176657,5.4995117,4.6975427,-1.3878313,5.5450315,-1.7539173,-2.232934,-11.427807,-4.5503683,-5.0653133,-10.87943
-138.36485,153.97987,-84.25765,64.0685,-0.24875438,6.68313,-16.607128,4.601221,-15.966278,-11.494402,-2.0366888,-2.3834238,-5.021596,-8.044369,-0.5632477,-0.7616338,0.6589377,-5.711631,-11.182804,-12.826712
-193.10887,155.28418,-62.871017,56.78026,4.5682335,6.865143,-2.5667,8.403809,-11.882872,-8.739983,3.7149491,-0.191778,-12.419387,-4.840134,-3.0050678,-14.8402405,-7.6829453,-13.520467,-13.012066,-0.89284813
-231.83992,156.73233,-46.93263,55.91284,1.3240973,0.3770207,1.2493268,11.4029665,2.344314,-6.6724253,4.977779,-1.574247,-13.068722,-0.61571383,0.1951944,-13.695294,-15.776661,-18.757355,-10.233459,3.832034
-211.99538,124.366875,-48.218193,73.55841,-12.371454,13.148229,4.0176277,20.176569,-0.83092934,-7.470498,-6.759366,-5.61389,6.6603546,-11.529875,-12.258225,-11.3918495,-14.258139,-8.618485,-10.686459,-1.8400401
-152.40689,75.293884,-59.795975,95.211784,-33.412304,17.247164,8.147629,30.762247,-16.530132,3.902968,0.44168395,2.0633771,-3.952169,-3.785395,-3.6095796,-9.051716,-17.238392,-11.010299,-4.0036154,-12.238815
-109.12882,103.49148,-67.41808,63.848637,-40.79503,23.65512,-12.068531,29.295982,-18.205637,6.527361,6.08874,0.5793325,-6.3056216,-8.049038,0.5809072,-3.3733315,-17.140888,-2.5723753,6.74761,-4.7424154
-101.10339,114.5997,-39.995903,68.68651,-35.779015,40.479473,-18.851795,21.626625,-11.964849,8.928465,-3.1949434,7.0531807,2.0840583,2.490257,6.5824146,-9.194713,-7.7605014,-4.8656793,-10.736191,-2.8314924
-60.086483,121.12505,-59.884815,65.98251,-42.73024,36.292168,-19.38139,9.882748,-22.418102,17.672192,-9.527683,12.886566,-0.19807184,-11.000535,10.603291,-10.003567,-2.2184474,-11.545731,-13.859003,-1.967498
-67.119026,139.15158,-81.28551,55.775887,-30.902683,27.55231,-15.271299,10.894318,-16.846191,14.885564,-7.303436,12.834023,-2.175772,-8.25251,11.29774,-7.9871993,1.5435064,-16.02666,-14.881155,-6.938315
-95.96112,147.7038,-86.64693,49.036835,-17.879124,26.547592,-12.89333,9.509064,-15.337254,0.76471335,-9.917128,15.135978,4.087063,-3.5248458,12.697513,-12.195801,-6.6852264,-20.464977,-15.992815,-7.6150575
-110.53376,158.02339,-92.823586,42.20631,-22.133213,14.496298,-3.5002244,11.233604,-13.216562,-7.1144104,-9.27303,3.666777,-4.2020626,-1.5414755,9.61623,-11.469083,-3.6966476,-19.552402,-15.71789,-1.3841363
-132.24164,164.2624,-95.238846,39.706978,-21.160004,5.5813885,0.082374156,5.1959095,-12.113173,-11.421108,1.0098765,7.107727,-8.439206,-5.5183144,11.301218,0.5041704,-9.446966,-16.252096,-17.256048,-13.483494
-156.11618,168.59344,-90.76611,38.578773,-18.31925,1.231132,5.7424383,7.196334,-12.863584,-17.623251,-0.6403831,-0.56380105,-11.402605,-8.046387,4.164423,0.8420223,-1.6962787,-12.315701,-20.210987,-19.128462
-179.52745,170.57695,-73.40294,40.467087,-5.1600227,7.2637634,12.429181,8.576519,-8.390121,-9.813151,-4.090615,2.5482483,-11.291311,-9.329018,-4.029953,3.8595672,3.1099896,-12.999375,-15.021231,-17.644297
-201.20163,175.1048,-58.384155,43.44973,-3.198328,4.9926786,13.196311,5.799743,-7.4071913,-8.946197,2.3869402,11.147018,-8.645973,-8.380867,-8.5727625,-5.4584875,0.7200801,-9.752337,-10.793542,-17.768702
-210.65974,172.2469,-52.06956,43.732914,-6.321783,-0.20872903,10.145163,1.8475527,-8.073772,-6.54498,3.4523478,8.922791,-8.920109,-0.7580495,-3.6948981,-2.9358149,-5.3594017,-10.821484,-2.8231359,-12.612019
-156.72717,158.71295,-36.966606,36.25754,-35.00046,33.756714,-15.143549,7.817549,-15.819268,-9.791088,9.102817,-5.4491854,-3.0203795,-6.868331,-10.10333,2.1357355,-10.93058,-6.973274,6.5054226,-9.952966
-194.309,133.699,-31.026375,52.214302,-18.798817,37.59893,-10.626968,11.168273,-7.465351,-9.388958,5.5163674,4.526373,-4.159852,-5.364328,-8.51582,-1.5691106,-2.9429827,-10.746536,-4.191928,1.576259
-218.21559,137.02802,-39.60884,43.282665,-13.526958,28.290684,0.23113203,19.794712,-1.4389118,-4.3494196,6.853545,-0.025655389,-5.5525417,-8.428809,-6.528487,-1.1760635,-10.43231,-11.169502,-3.754574,-3.1967957
-244.82005,160.58817,-40.39113,37.015915,-1.0599273,5.726574,6.8207407,16.011772,-2.568799,-4.945663,11.158993,3.3986185,-6.4415646,-3.4872696,-11.34733,-2.3636947,-8.206031,-8.421999,-2.919452,-12.597758
-249.2014,168.71231,-43.59307,30.035461,9.703758,4.256214,0.9961248,4.9600344,-7.0859604,-2.1578536,6.5907774,1.3111666,-0.8661531,1.7093408,-9.983394,-4.7265673,-10.59958,-4.9082375,-6.0745635,-12.433306
-256.87582,165.74533,-41.38541,36.075905,12.207494,0.80026025,13.491403,7.0752153,-10.197408,-0.9096813,6.1657677,9.424614,-2.0628905,-1.2382782,-10.541785,-6.2299967,-8.485862,-6.4811106,-8.53018,-5.7248125
-265.8974,171.8165,-40.09307,33.65099,12.637918,-3.4734747,8.779912,8.650454,-8.282884,-0.3643322,0.77658236,0.9434973,-1.8520341,-0.7853723,-0.57953835,-6.025215,-11.950841,-3.8557355,-6.5629635,-7.7043023
-269.37042,175.63916,-33.477245,28.122063,7.6356773,1.0618379,17.205708,7.3767176,-13.599752,-9.679937,0.520918,6.4591894,0.0470846,3.512597,-4.592676,-1.9498456,-8.3974495,-4.049241,-1.4069028,-6.821332
-270.7293,173.94913,-34.92003,30.623909,11.985405,0.37957168,12.895732,10.201748,-7.4686656,-7.375704,-2.5703998,4.860984,-2.6742308,-3.2732372,-0.7062235,6.50943,2.0486507,-1.620615,-2.3942773,-2.172381
-176.41858,176.31607,-55.531403,28.486088,-20.496841,2.4954274,-9.479738,19.249313,-3.7792368,-10.24165,3.53693,10.208795,7.785144,-9.036512,-5.1026177,-0.22558844,-7.8734717,-7.293644,-8.992093,-6.545742
-86.07019,156.70708,-38.22664,47.899906,-44.72703,17.34011,-30.182514,27.658594,-9.155865,-9.79961,-7.651121,5.425408,-10.178476,-12.960316,-4.0513444,-1.3393764,-6.219333,-9.9133415,-11.382396,-18.151337
-106.740105,152.87495,-53.554672,55.252335,-31.0526,13.619288,-18.056587,32.16378,-16.04988,-17.21156,-11.16597,-0.08897853,-0.7011832,-10.634633,-2.0095258,-7.9072304,-11.818333,-16.520342,-17.932482,-9.4667
-147.81401,180.12161,-50.431446,47.54482,-31.977095,-11.964393,-13.923428,13.952835,-5.065533,-19.126347,-10.653278,-4.7243633,-10.546783,-5.979186,-11.721659,-7.8120236,2.9237008,-10.358814,-19.092358,-8.853777
-224.96025,174.83649,-32.950363,43.668747,-7.315428,0.45928478,4.460746,12.434459,-4.5831184,-15.9189415,-3.9982696,5.232462,-4.8764825,-4.824687,-15.634478,-10.738001,-5.663593,-18.60268,-11.945593,-0.33302167
-253.59935,165.49646,-35.531418,33.927887,-5.8669834,-4.6903143,-1.4932625,10.539598,-7.2001147,-17.56653,-0.50173855,6.3753924,-4.8829956,-2.8228269,-7.0002875,-5.2397485,-0.065463096,-9.503326,-3.6215587,1.4243867
-277.58627,163.60785,-37.19523,25.490166,-5.011484,-20.786358,-0.8913084,11.968435,-3.11851,-15.0182705,-10.149885,6.133194,-2.3469572,-3.322449,-5.8997345,4.5321627,9.968723,-0.6625187,-6.7411222,-0.8738905
-286.71548,164.36186,-35.00932,27.755184,9.077936,-17.179901,-5.5254326,4.0144076,-9.997249,-9.597404,-3.5627325,14.948156,0.5362084,-9.904808,-3.8918972,1.6223956,3.778604,4.919036,-6.9191484,-4.9920945
-284.1659,163.9192,-40.715645,22.81398,6.4034495,-14.746643,-9.020904,0.8703548,-8.484108,-6.7425394,-2.414545,7.972168,-1.0579677,-7.8825355,-1.0291812,3.2258935,6.7700067,7.601923,-7.008887,-4.4108105
-287.7884,163.43365,-38.1114,21.165758,7.3903155,-16.725887,-7.6149826,3.7641249,-7.6039133,-5.185447,-1.7828572,11.212607,-5.724452,-7.964879,-1.8355008,2.2128928,6.796837,5.8643894,-2.1498647,-3.8620176
-259.80215,171.76836,-45.601128,21.376991,-6.2227488,-18.121689,-7.249498,4.9636326,1.4991009,-10.254471,-8.526215,10.123184,2.895745,-2.1703959,-5.26311,-1.4679593,1.8917806,-5.815757,-9.815596,-4.356937
-145.48618,187.13242,-60.42186,43.314896,-25.435797,-13.329322,-8.853215,2.9331384,0.18645296,-6.3876677,-8.376506,11.94288,0.25812256,-2.9945436,3.0291457,6.7196817,-4.7117414,-4.8271847,-11.535401,-21.488787
-98.596725,177.78638,-72.60222,48.56935,-18.091228,13.523092,-22.531277,14.266941,-6.949378,-19.403381,-4.1848297,1.8342793,0.7948555,-8.259092,0.48279148,2.4924932,-12.4012985,-10.768156,-15.093866,-14.194183
-120.512146,161.40945,-85.687584,48.990276,-12.433956,10.519146,-21.726274,7.8781886,-15.266869,-22.518171,3.3946536,6.1244307,-2.8296072,-9.928908,-5.3324995,-5.6331215,-12.849026,-10.412352,-19.392395,-19.301914
-159.32216,155.43073,-77.8115,53.6506,4.601258,11.196165,-15.242901,-0.41912425,-16.983593,-13.322572,-4.849066,-5.8337994,-11.311862,-4.922681,-2.1632435,-8.128315,-7.458644,-10.946885,-18.318989,-15.114826
-209.65915,159.62048,-53.211937,56.097225,7.915251,1.6829852,-7.8590565,4.126415,-6.354576,-10.357197,-8.615111,-11.359467,-11.959724,3.52419,-6.2299695,-11.246851,-4.630536,-24.028801,-23.517204,-9.77178
-250.12059,172.33604,-31.060738,46.40194,12.747748,7.7940598,0.020575047,-3.37474,-9.453728,-12.900928,-6.011568,-6.7045054,-10.637926,-2.8810358,-15.369525,-13.1245,-7.476343,-13.782209,-17.872856,-9.20059
-265.24963,167.9945,-28.119719,43.242607,12.134005,3.0183275,1.8729697,1.1208887,-5.126475,-4.984046,-8.863279,-7.1503496,-7.924035,-1.2997112,-6.9725256,-9.116164,-12.3064575,-14.252768,-11.369266,-9.581081
-271.9431,148.95079,-39.905094,45.687,2.609028,-7.3281865,4.4687934,0.37313932,-4.733288,-2.3626642,-3.7891836,4.582182,-7.6803355,-7.4042273,-11.061525,-7.780298,-9.967165,-13.165067,-13.29132,-13.0479
-256.95813,132.21786,-54.907887,51.754795,-15.189283,0.74769497,5.3133736,-7.840218,-2.1571555,-8.50189,-8.312428,0.4798298,2.3125632,-4.3825836,0.24814984,1.0099647,-8.9420595,-5.0512486,-17.230621,-15.194466
-218.10416,111.89261,-62.1613,62.250145,-28.640608,1.7983787,7.058215,-1.5080361,-15.103969,-5.0910716,-11.72385,0.3872552,-2.0065374,-4.839926,4.1200213,-4.6834106,-9.091034,-8.320015,-15.204802,-13.121618
-153.48448,94.92081,-56.439682,76.41458,-38.388542,11.06986,-18.420633,6.1091986,-20.925371,1.6761632,-5.747549,0.3909483,-7.480115,-4.6518974,1.8418415,-7.4774723,-6.5102215,-14.955299,-9.875105,-7.6657205
-78.825874,84.354774,-42.903526,84.42351,-46.915024,37.940414,-8.206045,24.130651,-22.580692,19.627289,-9.477968,12.61262,4.2528567,-2.1022654,1.1600562,-5.6042624,2.3296301,-1.6915889,-4.59859,8.310554
-122.09946,102.4637,-47.737488,92.24509,-18.110523,41.944576,-3.7065916,21.081924,-14.012234,11.764049,-15.902749,4.346539,0.8949008,-10.72829,5.735963,-11.580845,3.7134182,-10.777607,-6.2491064,4.525325
-142.9743,111.68965,-50.48912,95.289345,-1.497544,29.883553,-10.059841,22.494015,-9.780148,4.729002,-18.222775,2.9357133,5.081232,-10.897934,4.820344,-20.75313,-3.385456,-13.129421,-11.003185,7.1889296
-164.42778,129.66629,-53.165012,92.0909,7.9185543,16.326424,-10.325125,17.913193,-6.913023,0.72596264,-11.213722,3.9637938,4.6446943,-16.593012,-3.3191538,-16.507214,-1.2583152,-12.041243,-13.5069275,3.8515275
-191.82869,130.55396,-55.33251,95.512665,26.495255,18.324747,-7.4112515,17.972523,-4.026211,-6.0054765,-9.253408,2.0102024,3.78464,-10.827552,3.8473582,-13.681416,-8.274862,-17.929438,-17.382263,0.559926
-209.79755,134.79764,-53.92453,94.07872,30.908424,17.47097,5.8468475,16.465778,-3.284028,-9.776709,-18.385902,-7.3730655,1.8045955,-0.87100697,5.586034,-7.3845453,-5.662979,-18.018543,-19.429047,1.4686193
-223.75877,144.92113,-53.350273,81.50333,29.79108,7.822341,5.179179,27.03173,1.4446808,-10.085807,-19.242565,-5.868602,3.9765759,-6.4471807,6.5476055,-9.036029,-8.701086,-14.9797,-22.041302,1.6030289
-242.66241,151.4508,-47.923573,70.883286,26.977722,-3.2284253,-2.632071,26.161901,7.0633183,-2.5472755,-11.149265,-7.052521,8.394254,1.9088484,8.657463,-9.583666,-13.649214,-11.234901,-20.711103,-2.0178967
-261.34738,157.28253,-34.806942,61.48932,22.690739,8.368202,10.766766,18.354647,0.6111654,-12.172824,-9.305318,2.4759374,2.7270021,-0.6446743,3.633638,-2.7082734,-5.293695,-12.083517,-18.641743,-10.945585
-263.11752,158.46783,-34.767525,57.44763,17.859798,7.6381826,15.688776,12.616482,-1.1253123,-6.278142,-3.440383,7.3049097,0.24203742,-4.515852,-4.3268747,-6.7539964,-7.494215,-12.132101,-14.2853565,-6.6239862
-237.4584,124.0645,-15.441301,54.407707,-6.9426723,35.215134,-3.9271219,22.240711,-3.5337276,-6.922546,-4.9719934,0.06894529,-4.840499,-3.471696,-6.518161,-0.66755986,-13.032989,-14.820877,-3.0325136,-7.9045343
-209.40286,97.68854,-4.890396,64.36903,-15.385773,48.961933,-15.895661,17.126144,-2.6861353,-17.06047,-0.9275913,5.441325,-17.9554,7.5794315,-14.46126,-0.44516617,-6.9303284,-16.550037,-6.192404,-3.130493
-246.68018,117.52054,-21.632317,62.35456,-0.7766168,38.02478,-10.219579,10.151686,-9.934274,-23.765516,-3.9284844,-8.417522,-10.254223,-4.075893,-10.732813,-2.7235532,-7.557358,-18.09625,-5.6035795,-5.0713043
-268.90033,139.66177,-25.524498,53.032677,4.3339167,15.019526,1.5869683,2.313211,-16.100882,-23.621847,-11.62904,-6.9301667,-10.316,0.10530615,-2.2878902,3.6675575,-4.296731,-17.251587,-13.835395,-12.542664
-286.50095,150.15479,-23.436686,46.967655,11.708986,2.3734052,3.6456246,-0.4490254,-15.282524,-22.204771,-16.708067,-3.6797254,-6.9011383,3.07869,-8.290452,-4.297581,-7.674268,-19.378613,-12.151717,-5.1098137
-291.7663,146.74484,-25.393963,45.821518,11.44821,-1.6652015,2.4643517,0.74076945,-9.2108555,-9.808466,-11.663351,-1.4338837,-9.594343,1.3662388,-3.4983122,-8.6488495,-15.882489,-13.069984,-3.2068207,-8.417065
-298.43924,150.31805,-18.438255,44.752937,13.200853,-4.150354,5.6263404,7.0046597,-4.4549046,-11.414205,-9.118612,0.5456288,-16.782047,-5.6953316,-7.227293,-4.008649,-9.09543,-9.55278,-7.826898,-2.9838407
-303.1588,148.3886,-23.992367,39.149166,13.981724,3.3304367,7.6491213,5.4226594,-5.7364483,-8.255943,-5.700856,-1.7416239,-15.033016,-10.604408,-14.611951,-14.406204,-16.255543,-15.455312,-15.811652,-7.750386
-312.97003,150.8829,-20.157106,43.534416,23.540627,8.738175,14.466579,10.576347,2.0312622,-0.96837735,-8.366871,-1.5567453,-9.564982,-9.277261,-13.02871,-9.079322,-8.74925,-10.256427,-4.541453,-4.166573
-281.1222,133.30246,-20.7847,51.29103,4.253146,3.9118664,-6.9145308,14.21415,-3.3568745,2.6120853,-7.153614,-4.8931074,-5.1644793,-11.639915,-5.0319834,-9.17742,-5.808644,-10.498665,-5.2308707,-3.803194
-163.70332,126.072556,-21.233162,41.678604,-39.51837,23.583298,-35.596676,9.481155,-20.188625,-10.986725,-9.073473,-6.823407,-9.583117,3.3820767,-8.852039,-6.647331,-5.3717756,-8.332419,0.28484404,-3.1885705
-142.44766,128.82425,-33.292847,41.486435,-46.826626,31.14386,-20.957472,6.147502,-30.734444,-5.7732577,-4.5609446,-3.3587797,-0.7979802,2.0486789,-4.9610796,4.683645,-0.8369266,-7.2990828,3.4784758,-7.7405205
-235.75848,156.92108,-28.697248,32.922256,-15.09293,4.85737,-13.04438,0.06773509,-23.293228,-19.700012,-12.491503,-7.241584,-2.0688837,0.21691251,-3.26577,-5.868003,-7.061634,-4.4396863,-5.559739,-3.857354
-271.8083,159.30379,-35.711735,32.974026,10.304503,-3.0589588,-12.692797,-0.5647212,-17.19786,-17.122152,-21.926983,-7.5030136,3.7102842,-2.252862,-2.8837857,-6.6700687,-1.6684538,1.1221125,-1.2029073,-1.9929851
-298.8302,151.72943,-22.908623,38.665165,24.014374,-0.7315386,-10.311394,-0.8813411,-12.293766,-14.769312,-20.594448,-7.4574375,-0.87261164,6.9340763,-2.4194036,1.6521392,2.72424,-4.2821064,-7.1225414,-6.2789574
-317.58972,151.87434,-21.940212,29.73776,22.40946,-0.74444985,0.13143235,3.4774446,-12.431109,-11.638398,-14.56932,2.1869423,-1.906043,0.3153239,-0.8135627,-0.8422131,0.007968783,-1.4961636,-6.4193983,-7.057393
-330.44257,145.02551,-17.285408,28.76044,21.60653,-0.88740635,-3.5680969,1.7295142,-6.203771,0.23793364,-1.7678405,7.2267127,-3.065208,-2.1220608,-13.024101,-7.555581,-3.6426835,-5.4048586,-7.0182066,-13.993151
-331.31647,147.229,-10.161011,30.893175,15.829291,-9.851385,-11.365225,-2.1074357,-5.5652704,-0.00043559074,-6.9452333,5.035699,-0.7730386,-1.5393564,-10.377592,-5.5850906,-6.580126,-11.842632,-11.955854,-12.77489
-326.25995,147.99857,-12.1713295,35.378593,20.361568,-3.553884,-5.574712,0.9891118,-9.605062,-3.1264338,-4.668269,7.62985,-0.7601867,-1.4381113,-8.30525,-7.2068257,-7.391313,-11.742161,-10.666392,-13.1417885
-332.58377,148.40741,-8.585167,27.779259,11.050974,-1.5856749,-0.69904214,0.14376086,-5.3671017,-4.290246,-3.657774,7.929963,-3.0867589,5.7113085,-0.11186044,-1.4917924,-4.839117,-6.6763334,-3.7717495,-5.208969
-294.9656,135.73492,-22.031042,46.23937,4.385804,-8.89322,-14.926983,-0.27411196,-6.3097925,-6.0370083,-16.87194,-4.2512083,-6.499012,1.17383,0.6666224,-6.210617,-3.19381,-7.6817355,-2.1522255,-4.726944
-233.95079,143.14725,-30.23774,51.791794,-0.4650917,21.182442,-5.2499094,8.412203,-10.311293,-8.652206,-0.92380655,0.13673422,-5.4973936,-3.3114018,1.1442081,-4.0350075,-13.8744335,-17.128157,-5.1566935,-6.7200503
-209.6292,108.171524,-5.787071,49.095543,-15.834692,59.86106,-17.959839,17.40573,-8.866686,-10.080942,9.240823,6.6269655,-16.246346,-0.44203502,-14.791243,-14.837746,-12.649846,-16.196331,-2.0788596,3.1171367
-244.71913,130.51108,-7.3992863,42.314316,-11.26918,39.90947,-12.381446,19.297287,-4.246473,-13.817196,4.165642,-2.9191117,-11.685471,-3.5491323,-10.962227,-14.790359,-14.363456,-13.416166,-3.1923556,-3.3776424
-272.53488,149.41481,-11.104969,37.015247,5.0651803,25.641714,-9.565336,8.493814,7.9168973,-4.777952,7.7148466,1.4894176,-13.826944,2.7037015,-9.704165,-11.553154,-10.337828,-9.786613,-4.488205,-3.559194
-265.96964,168.63184,-14.204702,44.56698,3.1962671,5.493524,-10.104467,2.387368,8.677095,7.3450036,13.503815,3.3837497,-7.579136,-1.3965237,-12.800295,-9.106186,1.5317867,-8.698332,-4.340553,-0.6276253
-298.6166,163.99469,-10.916351,31.957287,8.0828,6.193962,7.8197784,6.916416,2.5989633,1.1298344,0.8477394,10.437141,-4.921267,-1.36637,-4.543556,-3.7966177,-10.693452,-11.616749,-2.6071303,-2.9656224
-310.20706,162.6861,-9.241862,32.166924,14.832298,4.505534,2.1219375,0.9889144,-0.8251889,0.67709035,-1.3546022,10.14195,-2.8507347,-3.775471,-7.8502207,-5.6620693,-9.153776,-8.323005,-4.633311,-4.766773
-318.09012,149.9577,-14.022604,29.499498,13.790859,4.555138,1.0756056,-1.2565273,-4.556298,5.5068464,5.8251095,17.50771,1.2368877,0.5524446,-5.3334737,-8.3030205,-12.964043,-16.103813,-13.215327,-10.371464
-313.93607,154.07132,-18.558323,23.998795,10.8109665,0.89172584,-0.92242926,7.9227095,-2.3443313,5.630809,6.1462545,10.115211,0.5152837,-1.9112587,-3.1028068,-10.143072,-13.122113,-12.742956,-12.830177,-13.922899
-242.87169,147.44467,-25.889484,29.564583,-20.908329,11.662673,-17.141163,12.529068,3.9000363,8.089526,17.81058,5.2387466,-0.44391012,-6.900298,-1.3560991,0.12829083,-3.9934185,-3.5004878,-13.077408,-0.055342615
-120.39683,114.24684,-43.189236,46.6285,-37.85498,44.55429,-11.311438,23.381638,-10.381779,9.082183,1.4150829,11.882595,3.6815665,3.808065,3.6193423,7.247178,-10.179055,-11.206174,-6.011919,-14.626274
-164.09975,70.71828,-29.616398,82.970245,-44.931908,48.41126,0.8211013,13.835207,-11.363431,14.660328,-10.44047,6.371002,-0.47614843,-7.2727656,-1.166646,-6.505799,-7.3208637,-26.387835,-13.352085,-7.5108204
-185.22272,65.441605,-17.154768,102.019,-41.806297,33.844925,-0.38212743,14.479576,-15.300743,19.05244,-15.494738,6.032586,3.183554,-2.7304256,4.844388,-18.267883,-7.938364,-25.658731,-5.767002,1.2011005
-209.24251,69.34914,-20.532337,95.20024,-42.750687,35.36299,7.274127,1.9000603,-15.610994,19.183369,-8.842003,7.789585,8.262575,-0.73412025,3.0905838,-18.559572,-1.9275587,-16.594173,-7.991354,-0.48891604
-230.1443,94.60554,-18.356293,81.0262,-29.95045,24.946947,-1.3012868,-0.7860044,-19.190552,6.7824736,-12.277906,9.396194,8.664711,-9.574745,4.769825,-20.552586,-5.2831917,-16.520638,-9.56793,-0.5837347
-231.84811,124.494064,-20.55508,62.71994,-22.148191,15.553234,-13.473846,-6.5770683,-14.400629,-5.546325,-13.793847,5.3422084,3.673439,-4.983177,2.8451278,-22.064812,-7.3325405,-8.301684,-2.3468146,7.358122
-262.38373,140.4747,-16.60207,59.89244,1.6031681,14.706467,-2.7776988,-11.029504,-11.052473,-2.4219708,-8.105059,8.515663,-3.0705657,-2.8675444,2.0749846,-18.591629,-11.192227,-3.5673604,-0.0005236864,7.085682
-272.549,142.35565,-14.2838545,60.666306,3.1565518,12.831919,6.1307445,-4.8291883,-11.478518,-6.437518,-14.024994,4.8146687,-7.8260365,-7.754728,-1.9876393,-13.588634,-1.9756833,-5.4506617,2.9339213,6.2565126
-285.78116,137.81319,-12.663755,61.711052,7.484643,11.278029,2.8922682,-7.306321,-4.4202037,-5.18715,-20.55598,6.6056175,-3.834231,-2.4720335,3.9980695,-11.005999,0.031102836,-0.44038445,1.8306856,-0.09837043
-283.98184,133.17271,-23.566845,52.894802,9.466302,13.798325,-0.95986515,-8.219102,-8.489567,-11.6720295,-18.431225,4.8079734,-2.4496927,-5.081855,-8.3622265,-13.248356,-3.5190225,2.5026197,-4.3641453,-8.290677
-208.71524,159.53336,-43.893364,43.456932,-29.616898,15.682171,8.88977,-3.7526755,1.4495625,5.8869414,8.486198,2.5582235,3.7804036,-6.057226,-9.140924,-0.87686765,-4.167648,3.431777,5.438418,-5.632062
-166.05038,130.05263,-13.363276,49.34145,-39.33983,56.086914,5.0273943,9.593413,-21.738533,-5.8733397,-6.755705,-9.021126,-1.211079,6.3418975,-3.8587475,6.9271784,-2.4300506,-1.830201,2.2931495,-10.503684
-236.0662,118.186455,2.6191266,36.872433,-25.372858,51.63549,-22.860409,22.244808,0.16614512,-2.4569898,7.3681245,1.3782147,3.124436,-1.2020686,-8.953273,0.83047825,-0.9354453,-6.1135693,-5.561425,-8.026012
-284.38837,124.71725,2.2510848,29.22544,-11.974914,40.765755,-13.568237,26.50956,10.103004,1.5754821,14.222181,-1.1711886,5.1348686,-0.36117446,-4.747941,8.441707,-6.851511,-7.8537054,-12.92049,-9.224615
-318.3949,143.11707,-0.93770075,29.525776,1.3011394,18.876322,-1.2391505,17.28499,10.105709,-0.422296,7.3058805,3.5266538,-4.4884214,2.367579,0.65556717,0.6382331,-3.213675,-6.0007653,-6.9987993,-6.7977424
-326.30396,150.70425,1.7134805,34.56231,4.045729,5.8909516,0.40907323,9.508852,10.551643,2.2434056,6.8242736,15.697287,-1.3544041,-4.0431705,-3.4012918,3.1605353,-1.7692144,-7.5998626,-11.163242,-6.8715124
-282.48608,161.06839,-15.824255,42.35652,11.410308,2.398159,2.7859542,6.2746053,1.4347794,5.3726215,-5.4328465,3.8072062,-9.1597805,-0.21043816,-1.7698187,-16.221474,-10.55426,-4.605592,-1.9923177,2.1355062
-288.00674,171.99956,-10.689993,42.60626,20.187729,4.7290316,7.720618,4.7306466,-6.875856,6.351659,-9.046358,1.0838478,-2.4066749,-5.1940613,-0.60302544,-12.416249,-14.079563,-9.413038,-9.846708,-3.2713032
-295.86597,173.5091,-9.029364,42.565628,23.245111,4.178777,6.27915,7.787982,-6.698354,0.39240724,-8.890104,-0.3671181,-2.2801654,-7.7903595,-4.102956,-7.9170065,-10.959536,-12.928867,-7.466441,-8.028367
-272.08862,156.6406,-7.236127,47.73047,14.25783,24.69035,-15.523127,7.638989,-5.7246213,-5.004649,0.95359486,-5.2504926,7.993914,-15.033458,-7.4516907,0.045943856,-8.673031,-9.027272,-12.776426,-1.689249
-147.56384,131.19215,-13.64697,63.972595,-29.09425,30.71894,-16.934832,14.06111,-18.03516,0.67949885,-2.2974958,2.7900364,-15.165134,-12.889566,-12.554565,-6.323448,-14.529577,-8.208905,5.2516685,1.8273385
-156.44064,130.32376,-19.066952,62.50732,-11.662985,30.66471,-29.365723,27.959972,-11.631171,-11.75503,-12.896397,-5.0759497,-7.645276,-4.4966145,-16.625633,-18.30363,-18.298431,-19.36515,-4.3535757,11.104951
-180.95987,141.82933,-57.284237,76.503494,21.88778,8.524551,-14.614828,22.868015,-5.753329,-15.568329,-10.653171,-12.971077,-14.266478,0.0726493,-13.163006,-9.65428,-11.329437,-13.433218,-11.147814,2.219186
-187.38388,129.50142,-64.152725,84.97409,30.16703,6.568258,-22.309883,21.07618,-1.6711401,-12.308186,-5.488326,-7.886588,-12.661226,3.849512,-9.533004,-16.403673,-12.133015,-11.4181185,-15.261749,-2.7797747
-207.12566,119.449135,-59.5736,95.925186,34.029858,2.0656617,-25.7762,16.693779,6.584403,-4.8368382,-4.2665014,-5.9041266,-19.298126,-4.702091,-9.008839,-16.766132,-5.2429013,-5.225215,-13.940541,0.7189565
-225.99023,123.27035,-57.755318,77.26586,46.8685,18.530663,-24.22049,23.683859,13.665079,1.0656768,-7.113266,-23.723106,-13.461167,0.6523689,-14.171714,-15.654314,-12.338101,-2.340632,-18.135233,-6.9233255
-244.21396,135.48776,-48.911316,54.139503,35.943027,29.432495,-17.05955,16.934486,1.4332309,1.0764118,10.754152,-24.346601,-17.736408,1.0663368,-11.599315,-11.887793,-13.781279,-6.9609776,-20.806934,-14.585703
-284.96066,143.5086,-29.874336,57.375385,25.091114,4.6187363,-9.301538,19.003761,-1.936824,-5.2497807,7.7862635,-5.6521864,0.12042689,-5.9948015,-5.5943685,-3.0274663,-8.827511,-4.9877176,-13.978743,-8.428832
-300.92062,145.25946,-29.550243,56.872215,32.36192,-1.3404562,-6.3815336,23.73297,8.232173,1.2315533,9.60355,2.3538475,2.6617362,-1.8680224,-5.6568527,-11.109083,-3.9646227,0.606025,-13.290338,-9.261008
-284.64258,121.34508,-32.823845,55.775352,17.727028,6.65342,-14.64749,27.348274,9.529511,-2.379828,-0.141604,-2.791979,0.62495565,-0.38619027,-3.9847105,-4.4320283,0.34787372,-6.130844,-13.689901,-8.861643
-201.90686,146.95078,-17.520655,76.32822,-1.5542836,17.566439,-8.998877,13.568215,0.5144141,-4.970569,-15.017653,-4.4357777,-0.8174287,2.7215195,1.4115188,-0.90946436,-3.656405,-7.461314,-4.406907,-3.6243732
-167.12372,171.0964,-20.57463,66.87986,-11.483585,11.993349,-18.172676,19.317684,9.914524,-4.7638884,-17.348629,-14.464825,-10.830682,-6.4489417,-8.2853365,-10.028789,-1.3130419,-6.17108,-6.0885067,-5.489942
-163.28622,151.9271,-32.834778,70.075165,-9.129459,24.553177,-15.0488825,22.262989,16.366922,-10.602552,-21.044037,-6.674161,-5.640408,-6.3628635,-19.272573,-15.208055,-2.4945529,-7.170656,-2.6873307,-6.302248
-160.04517,142.23633,-49.3916,63.258865,-3.010658,33.87471,-6.335392,21.125246,-3.540048,-20.796822,-21.289577,-2.6877837,11.780791,0.3868637,-13.659405,-12.418444,-11.567355,-4.8437243,-2.9172375,-5.9685345
-150.55122,137.02936,-64.11401,60.944878,0.7417488,41.94879,-14.580753,8.284713,-12.770913,-6.8542542,-4.449478,-3.1085765,9.659474,-8.897628,-11.02331,-1.543534,1.4945381,7.155075,-3.2218404,-21.789734
-140.62431,116.68973,-63.92076,65.451675,1.0332264,51.55912,-23.978346,5.3612165,-16.126005,-2.0937617,4.5180054,-4.299719,-6.2283,-15.712731,-1.9784915,5.431508,-8.3491125,10.293524,-2.1042278,-21.611519
-170.09799,127.98263,-55.66143,72.78666,12.450795,39.244946,-24.642677,8.080038,-10.651621,-19.680496,3.243641,-2.444932,-9.874378,-19.408186,-7.237409,4.6793604,-10.500986,9.038198,-1.7803211,-12.326567
-225.2274,136.71956,-62.012016,76.268036,25.55117,18.33415,-9.827299,27.629036,14.743069,-18.409306,11.561413,3.0368638,1.3956277,-19.242794,-11.860052,0.07763183,-16.842094,1.1842883,-6.392819,-9.521351
-228.55492,135.25781,-65.32109,70.870544,21.154528,12.637041,-11.0205345,23.866253,16.001846,-14.044366,10.83902,7.795194,7.4985776,-12.460997,-8.968178,1.4024746,-11.357325,6.8572035,-3.9369416,-11.573849
-220.79375,126.436325,-65.4122,76.24335,24.650864,23.1085,-13.158038,10.137657,6.5058613,-12.286222,9.589725,14.070765,2.6588054,-11.403146,-0.44834584,4.102232,-8.237097,-5.528571,-3.7956548,-9.267896
-144.0964,138.2579,-70.97006,64.05041,-1.7792356,34.756714,-34.310555,-13.302596,0.016935945,-9.711395,-4.798781,-6.658649,-6.661944,-20.960135,-8.68795,12.192807,-13.072632,2.4289587,0.3837201,-2.0765772
-92.99867,129.15742,-63.424496,60.2164,-11.3586235,44.08268,-28.949154,10.763739,-8.877733,-1.6725122,-3.194659,4.109226,3.1556468,0.64803106,5.287446,15.822022,-10.495051,-0.6806129,-2.9137812,-1.9192679
-82.81842,124.32454,-58.6043,68.299965,-20.439709,43.903778,-31.169563,11.382213,-7.391833,10.064676,2.7726343,12.523508,8.707548,-5.71677,2.2246022,8.703699,-1.2535712,-2.7703204,-7.974786,-1.8177028
-89.34064,110.634415,-61.92482,71.15726,-38.449673,34.9447,-20.091717,15.371464,-3.816917,12.267139,-8.835386,21.094582,20.805153,-6.6098714,-1.9458061,-5.327895,-3.9454844,-7.8787856,-5.8863144,-2.8637104
-109.955154,125.80287,-55.206245,65.492065,-37.071465,30.132107,-11.902212,21.526535,7.087702,15.974631,-13.76668,21.072151,17.085989,-12.267522,2.1316388,-10.920443,0.6938937,-4.9169135,-3.2700844,-0.7521975
-121.38987,150.87257,-60.198692,47.12021,-34.085407,26.383816,-13.60532,31.567783,9.39059,7.3644114,-11.290501,9.921684,25.108173,-11.772688,4.7397585,-7.130494,-8.052032,-7.0871525,-2.349742,-2.2229838
-130.07645,159.75697,-62.248535,43.526596,-23.532497,16.195324,-10.504387,30.512493,-3.3373277,10.416302,-14.951867,5.9639583,39.277885,-11.192357,-0.19824369,1.7470334,-14.264711,-1.9622617,-5.6106787,-9.618782
-144.27647,143.88747,-64.411224,49.1726,-21.107754,13.42256,-5.0640035,38.53905,-2.154972,14.364462,-11.122612,4.883884,28.691357,-14.321784,3.6797729,3.1582341,-13.695285,-3.540943,-7.0442057,-6.8778625
-129.17422,156.22717,-64.94803,37.601166,-36.25023,9.572893,-6.991189,34.448288,2.1763046,8.691913,-15.522911,7.9799266,28.68671,-6.7858167,1.4548131,3.6619065,-10.231507,-10.895767,-10.015156,-8.87685
-136.9175,153.86868,-56.12742,50.28097,-37.84961,-1.092575,-14.552721,34.613552,21.889969,7.8564873,-17.504923,10.864264,21.669464,-2.9658442,2.5620542,1.0098124,-14.807518,-10.032135,-4.2192965,-6.4678025
-139.78207,147.48212,-62.721313,49.70367,-39.48577,0.025787085,-10.579542,33.96767,21.660046,8.285838,-14.30965,9.631334,15.73694,-6.075923,3.6431077,2.290814,-15.299822,-8.387414,-5.1854315,-7.80114
-136.35645,154.5846,-66.45297,47.833412,-35.308914,-1.5345219,-16.004536,31.689308,13.71538,6.525816,-10.740715,10.236144,21.960976,-8.213845,9.729405,7.490119,-15.739198,-8.320139,-8.358159,-11.752399
-143.10716,142.64838,-65.99431,50.395374,-35.703552,6.356749,-15.612307,29.00483,13.495781,2.598698,-13.410022,8.525324,25.043879,1.1484169,6.5479746,2.1252306,-13.210363,-14.852538,-10.814091,-6.824335
-140.86606,123.89157,-49.044373,52.711117,-45.29818,23.525997,-17.936111,25.567753,9.443304,-1.2598108,-7.6584697,11.550972,21.002098,4.4380074,-1.3285444,1.5272641,-17.467112,-23.479128,-8.581313,-3.1968427
-148.94662,137.25073,-52.240597,48.261784,-40.48275,17.451496,-17.308401,26.08702,7.4087534,-1.8975672,-6.7569056,7.5020247,22.439552,0.81190205,2.8156943,2.8870473,-22.73274,-19.304394,-7.410823,-1.9707264
-156.90427,144.50795,-59.68266,40.95231,-32.458214,19.53115,-16.48449,30.431684,13.054349,-4.714634,-8.3681,5.3047,26.327145,-2.0789533,4.9102,8.094556,-26.629662,-11.722152,-9.278797,-12.182141
-155.7782,144.4289,-62.732807,47.72705,-29.525564,14.655962,-15.675369,27.779442,6.435215,-7.094495,-6.9915414,6.639838,24.96253,-6.543045,4.199996,6.670633,-24.602825,-8.232092,-5.8800178,-16.74271
-147.49495,137.69162,-62.819366,44.581093,-28.554646,19.28233,-13.419432,29.148708,7.0876985,-10.998963,-9.137795,18.86792,25.455975,1.280647,-5.066035,2.2889109,-24.691433,-9.161717,0.6297934,-14.753761
-153.87302,134.48935,-73.331894,46.5196,-14.253469,27.341421,-17.095835,13.897983,-14.350975,-16.331367,-7.696487,12.908276,32.475456,-2.0028472,-11.034671,2.0216079,-12.886738,-8.045704,3.1007805,-8.195369
-149.31235,130.18015,-82.571846,52.399925,-9.416757,26.610703,-28.665142,-1.0633311,-13.576309,-12.874071,-8.534243,-5.7444057,10.918129,-9.147623,-8.166586,9.575762,-6.926049,-11.358456,-10.099766,-10.092454
-147.58429,131.48038,-79.54518,55.106087,-15.006661,14.786987,-38.78328,-13.336855,-9.178532,-6.122368,-17.273079,-21.305492,-3.0672586,-5.876507,-7.9874315,10.287027,-7.3617444,-19.812096,-4.494992,5.513691
-135.44095,130.88173,-79.73928,46.40383,-30.110016,11.401979,-27.319645,12.401392,-6.222799,2.5508687,-7.648119,-13.544281,1.3846812,-9.707516,-8.420522,-2.2263322,-7.300179,-15.635094,-13.44763,-6.237631
-103.65439,121.41655,-52.02716,54.301407,-29.856083,30.678085,-32.86419,14.32736,-20.674362,-13.011437,-17.33965,-8.814615,-2.8050091,-0.2486524,-9.723467,3.9622703,-4.6167326,-10.830658,-11.237875,-6.889474
-132.66223,119.70332,-69.28459,60.964676,-22.635586,19.27136,-32.27777,14.932024,-16.156105,-9.13535,-16.85463,-17.15932,4.941761,-1.1161598,-0.8728562,-4.0914984,-16.595512,-22.926586,-19.534187,-13.335783
-153.6455,120.09248,-76.780624,72.13104,-20.831972,9.629682,-24.812271,9.61953,-10.648615,-13.239746,-18.649954,-21.304413,6.6401596,-3.8356538,-4.4191284,-5.6610823,-11.481098,-16.186146,-13.355728,-16.779102
-155.8048,111.44075,-76.885414,68.05764,-23.23187,7.885308,-32.269775,5.0278854,-7.0691557,-18.328592,-24.010096,-15.356865,4.424596,0.47483984,-8.805595,-12.819812,-15.966394,-21.392338,-14.909119,-15.482911
-170.24338,112.2496,-72.103,71.1246,-13.5917425,8.913443,-33.9775,5.2324142,-6.2198524,-15.551395,-21.075092,-21.654697,4.517566,4.848935,-7.314571,-12.5747385,-15.21883,-22.839798,-13.513126,-11.695352
-177.58589,126.908585,-79.58634,43.49946,-13.48209,20.088154,-32.085228,3.8705373,-1.0799198,-16.494143,-9.860503,-27.326458,1.3897105,2.7950246,-9.063425,0.5866833,-14.932991,-14.898987,-13.924116,-15.6634035
-208.04614,140.22678,-65.9613,34.372158,-14.657722,9.483124,-27.079609,-5.8633466,-5.8618402,-14.133621,-1.9103667,-11.898462,3.341223,-2.5185056,-17.900835,-1.637959,-14.82167,-14.448895,-21.637135,-23.649734
-233.91095,147.74179,-61.02446,29.627726,-14.791934,-4.369746,-11.261419,6.2897444,7.339843,-5.5293946,-11.215958,-9.033815,11.889942,-0.23584712,-15.564316,-10.339034,-29.42746,-21.635517,-20.208942,-20.811287
-227.86676,139.3825,-61.389305,33.56255,-9.25266,1.2670974,-18.87757,9.771418,-5.881852,-6.465621,-14.335661,-11.116819,19.494846,-1.5957174,-10.75205,-8.564307,-21.126827,-19.663147,-18.107647,-18.729053
-205.43062,152.4,-51.658615,42.525352,-13.220562,-0.85469913,-15.018049,14.208043,1.0632399,0.026411772,-15.83079,-11.952984,2.3665767,-11.077513,0.56133,3.2106135,-5.0559688,-8.773495,-16.225582,-17.9356
-157.51181,167.15286,-43.837307,59.122826,-13.200251,7.549902,-11.857295,16.51853,6.0428724,0.95517313,-14.056314,-3.2910593,5.4642324,-2.4367363,-5.1393585,1.6191356,7.76129,-5.1680408,-11.667477,-14.257388
-153.15898,157.45377,-54.37643,61.524323,-22.005814,2.876067,-14.454632,2.6422231,-1.3459787,-9.532215,-24.592056,2.4233427,10.578838,5.148592,-1.6509876,-6.110564,-3.7275512,-11.873686,-8.454528,-12.671447
-132.5839,133.17029,-50.097485,59.61057,-25.499895,17.880072,-23.269882,11.214463,-5.452869,-3.9612436,-14.118887,9.047173,3.7318897,1.3799751,-7.946821,-1.4832624,-0.6592042,-6.21296,-3.9183686,-16.801434
-150.76456,145.6032,-51.82962,65.85668,-28.288227,18.192764,-19.936558,-3.4441955,-9.765438,-8.963933,-6.7609553,4.395149,25.28742,-9.356632,-16.195967,-0.35359105,-14.773963,-3.1114383,-3.9489064,-17.176987
-144.4676,139.15643,-57.592133,66.21059,-30.070152,22.154194,-21.75394,-3.3289888,-7.976781,3.2617857,1.1918849,-0.7168897,20.529728,-10.869326,-9.580129,2.476429,-9.65657,-4.4374,-10.237323,-15.2483425
-145.83426,139.62146,-61.86155,68.27268,-20.207954,21.014011,-24.168823,-9.338986,-15.615775,-4.7520823,1.4746046,-5.488025,4.223219,-8.374267,-2.207015,1.8457417,-8.974522,-0.6155729,-6.571146,-13.709597
-173.72247,135.29771,-61.231655,72.781525,-10.295542,21.33478,-17.17408,-1.5391463,-14.383563,-21.368809,-6.488738,-5.6161633,5.392632,-13.539807,-0.38855028,2.97539,-15.239706,1.2642858,-8.481862,-22.251991
-189.72917,138.73177,-58.19723,79.14586,-10.291177,9.812187,-10.251726,11.709427,2.373843,-32.648895,-4.3416476,0.45985442,3.6803577,-10.170399,-8.228064,-2.6111324,-17.282244,0.9773515,-13.43922,-15.869057
-187.20802,137.02841,-63.978153,84.81207,-1.4741349,14.603359,-7.00683,9.587841,4.749222,-36.048523,-4.4734488,4.7079706,-0.3122561,-10.245724,-4.2997556,4.1164865,-16.54806,-6.2401166,-18.57899,-15.9467745
-121.30957,105.257965,-59.1299,77.07558,-28.728092,26.832355,-25.57052,5.949243,-13.405633,1.1740744,-14.765185,11.116352,-7.291814,-26.488838,-4.434724,-12.045179,-8.7268915,-17.890665,-4.4718685,-3.6729596
-75.47319,114.15772,-61.16061,66.42871,-37.249817,39.22193,-22.12512,12.621058,-13.023424,12.61583,-12.671467,6.7439203,1.405346,-11.044215,1.5000713,-7.90327,-8.8013115,-13.059227,-13.708923,0.16430117
-89.09699,117.17638,-51.684586,60.5028,-37.021492,44.703625,-29.501614,5.9335012,-13.771369,8.385057,-4.4498286,12.823626,0.7347266,-12.82707,-6.2875376,-1.2064168,-5.9594665,-9.229783,-15.851288,-16.72002
-116.701866,131.2381,-60.76672,64.3426,-31.08229,28.485348,-20.610441,13.557123,-9.20497,3.7427285,-5.6105947,-8.86343,3.8021135,-10.303919,-9.707179,-11.705559,-5.0716863,-0.37283543,-11.2886715,-18.690613
-133.6405,139.79448,-57.64202,63.880863,-33.43588,17.205093,-20.46231,12.586224,-13.268332,2.9684422,-6.407298,-11.484165,11.840585,-15.796539,-8.773421,-14.355997,-8.051529,8.3987465,-6.8485494,-19.337029
-150.33557,141.44781,-57.4253,61.966465,-19.811754,12.272872,-22.764584,12.069924,-13.869051,5.8951006,-12.76057,-11.769064,13.264629,-21.154062,-4.4229627,-12.481001,-17.97578,10.927406,-7.123988,-22.478897
-150.6152,136.43471,-59.04374,62.298103,-24.85196,7.8741074,-17.588543,14.811864,-8.74498,9.359299,-17.683079,-8.348443,10.235372,-22.535807,-7.022258,-14.126766,-14.270945,3.2997928,-11.2306385,-19.286722
-146.56572,135.78793,-59.02433,60.3578,-31.187832,10.192163,-12.82162,13.665173,-9.561245,6.6338162,-18.459328,-11.345098,9.977326,-15.3411875,-10.910553,-8.502821,-9.544744,-0.5496428,-8.046618,-19.976288
-144.79155,135.9054,-57.015083,64.733284,-34.718994,6.8705397,-12.806786,16.810614,-7.805045,-3.479302,-23.145222,-6.0891876,14.15562,-8.98196,-5.8932657,-5.152766,-5.1073284,-4.641609,-11.155462,-19.114132
-135.88832,135.2893,-62.74101,60.346024,-34.27487,13.03348,-9.474016,20.94457,-6.720249,0.7981763,-18.739899,-4.0937915,15.618715,-10.094271,-7.6348076,-5.81297,-4.6543055,-2.0700543,-5.9599586,-16.62648
-122.01983,125.700134,-62.997974,63.20795,-35.813545,14.844008,-24.639364,21.425068,-5.0409937,-0.23340903,-17.270798,-5.6574984,16.899294,-7.881758,-10.347908,-7.24136,-10.479455,-2.065588,-0.3063863,-8.611011
-115.75604,136.74591,-56.315292,55.570442,-45.60032,17.164053,-26.027218,12.558054,-5.371697,-3.8183205,-16.774513,-3.932448,14.627639,-10.290672,-10.80151,-2.1294982,-9.706625,5.664695,2.6828861,-12.621933
-123.409836,133.07114,-54.840363,60.388275,-44.187954,12.708975,-24.26715,13.709736,-12.20123,-7.5664353,-17.47309,-6.6351576,13.70294,-9.636768,-15.146361,-4.440243,-7.3367567,0.60928196,-5.165024,-22.086662
-137.64964,115.01034,-57.779778,62.056778,-43.693096,12.490597,-18.355534,16.751183,-7.9334626,-0.99316335,-15.247896,0.98275495,18.292112,-5.2661076,-16.312286,-7.6243563,-7.59701,0.21593398,-6.8260365,-19.627106
-150.16368,117.400314,-61.511505,67.67673,-37.135567,13.132979,-17.43755,10.907101,-5.017769,-3.3404517,-11.863304,-0.9270675,18.984509,-8.330758,-19.095009,-7.66415,-6.130124,6.494815,-4.028241,-19.844753
-147.29099,123.92039,-62.377842,71.72235,-36.151245,8.205738,-17.07913,8.571154,-9.25187,-3.5469525,-12.841307,-2.3535454,25.142742,-2.9601417,-13.868225,-15.392124,-0.68559986,14.297459,-7.0802393,-17.771873
-152.50194,145.66245,-59.03476,57.77294,-36.295002,11.035374,-4.1061954,3.6149478,-22.131922,-7.285838,-13.222812,-6.3010073,22.325865,-1.9219427,-9.236404,-17.381702,-2.330419,16.318844,-10.92834,-22.259823
-224.54283,144.91995,-57.355705,48.77567,-12.630279,4.32961,-3.9845243,8.948914,7.2555285,9.680235,-0.8661697,-1.2215278,24.773338,-7.961694,-10.307545,-3.697909,-8.546576,2.745351,-13.293789,-18.729034
-238.18547,140.14777,-61.33841,52.6217,-10.86989,1.3778124,3.293005,-1.8230598,2.4310875,-2.3931112,-5.2343807,-0.26882052,16.111734,-1.7376038,-14.644827,-6.947585,-11.265408,-0.9421766,-8.819441,-12.849747
-237.3424,137.17929,-58.425076,52.13539,-17.47895,1.9477298,0.1681429,-1.2204823,-0.53509873,-8.845087,-6.796058,-2.267446,15.198437,-6.511033,-17.295218,-13.425531,-15.255289,4.5977955,-9.0107765,-16.08878
-191.30116,140.3494,-53.853386,48.158295,-27.42809,16.165903,-0.121492,6.1231165,-7.051182,-12.976892,-7.709549,2.0024192,7.3714504,-10.967342,-16.136257,0.86359465,3.8057046,4.0315585,-9.896031,-10.507215
-141.54695,156.41927,-38.807167,59.37301,-26.216564,17.30206,-14.090518,9.297468,-8.376937,1.3455536,-8.082362,-6.948508,3.5873866,-2.4095502,-8.115483,0.48027873,-2.7093844,-4.255163,-10.831099,-16.995338
-109.184265,138.81357,-12.357969,53.795765,-27.928677,45.168472,-25.965298,23.96888,-7.988863,4.9305463,-4.574568,4.7646976,-7.3097706,-3.8113015,-11.915106,-6.3750057,-8.576576,2.4624128,-2.365234,-8.913186
-145.01459,162.7009,-46.210434,48.374645,-18.017834,27.745941,-15.079644,11.545576,-4.367728,-6.5351734,-4.0960884,7.387039,8.526459,-7.334594,-9.971348,-8.617862,-3.054799,7.6622257,-2.5643973,-15.58641
-143.11447,151.39664,-54.47036,54.716225,-14.558462,27.457159,-17.083647,10.484265,-3.749289,1.2061787,1.5812504,12.56934,14.400209,-11.359327,-7.490857,1.8425436,-4.6120977,5.1585917,0.8737856,-23.852146
-147.56622,139.75989,-58.219822,60.99795,-21.600372,31.739136,-14.9108925,3.3551111,0.7815536,-1.2811722,-0.008345544,13.151157,9.533371,-15.481857,-4.242602,8.119664,-4.086051,6.4780154,3.0910738,-25.636263
-153.66069,136.12924,-62.036255,61.177063,-17.921593,31.954893,-14.537138,8.341982,-1.3441166,5.95807,-4.777628,4.6001954,21.834875,-18.392277,-3.8672771,12.290237,1.4455566,9.610356,3.5870242,-20.720295
-174.77252,158.55966,-55.261,48.11212,-1.7410634,33.632164,-17.405909,-0.23464906,-8.206749,-4.2629013,-5.496637,1.777178,21.314972,-14.893987,-3.3646436,9.267036,2.275548,15.89089,-6.6561728,-19.380875
-223.96953,155.62115,-44.768444,45.066353,-0.8023234,27.731653,0.8278775,5.8549123,3.3818445,6.4088545,6.3819704,7.5961394,26.65143,2.0353134,-5.9806795,1.1442771,-3.8745658,3.9631007,-5.697311,-19.366539
-227.05067,154.0222,-34.360683,54.218887,-2.3361056,21.974457,1.412013,6.200839,4.0246882,1.3446809,1.5247321,9.563825,21.770504,5.0526834,-6.859069,-0.9957521,-0.20702767,5.2857533,-4.4757338,-10.445773
-181.92253,150.30373,-56.661476,44.576683,6.042597,49.386414,-19.90292,-2.6123085,0.96204746,2.5052466,11.245176,-0.14956069,17.053946,-2.808748,-5.5543556,15.194552,6.5895834,5.7613034,-13.760663,-20.5251
-146.83893,157.87672,-51.260147,52.95423,-4.5227833,48.20884,-33.494278,-4.848832,-0.86719406,-7.843151,4.594037,-5.8710093,6.8500185,-14.240049,-9.341518,14.245597,1.8816751,3.4701798,-1.9143022,-3.2284322
-136.90086,148.42319,-54.09143,55.927444,-7.771678,43.616806,-37.9443,-3.2806804,-12.047747,-7.9689527,9.109846,-7.020765,4.4025736,-13.35529,-10.5545845,10.428364,-8.609931,-7.036374,-1.7839411,-5.6442633
-151.01247,140.0507,-51.683212,53.841476,-11.09465,48.746284,-35.982635,-3.5741272,3.31524,-9.170429,12.26795,1.238642,2.7142043,-1.0797703,-4.5582757,11.962908,-10.218801,-6.70342,2.5003037,-6.8347
-172.15323,141.10242,-52.147377,46.89183,-4.0032425,51.060394,-34.50173,-6.971051,5.4225893,2.1453881,11.551472,-2.9003944,0.25217998,-9.353753,6.176535,20.38454,-9.913109,-7.5513487,3.9570692,-5.553979
-196.68018,153.31819,-52.153473,33.957886,5.517191,50.940582,-24.840963,-10.253805,3.6297948,11.247348,13.455322,-11.058922,-0.2654767,-7.9609184,3.409286,16.127821,-11.204773,-8.023861,5.4194736,-0.43459582
-257.03104,151.98059,-36.51449,41.03711,16.489433,39.029472,-1.4371803,-2.1857486,2.8695827,-1.2240357,8.356686,-2.1637964,0.58358455,-3.4619515,1.1555016,13.822544,3.1284347,8.723502,-4.527394,-7.2458606
-256.39465,159.76627,-39.97602,34.391647,10.242057,25.601976,-6.970106,-4.1317835,5.1345353,3.055887,13.313673,10.769566,15.046932,-0.577703,-1.9864777,12.133643,-0.1703819,6.3523016,-4.0857177,-14.782313
-251.9496,157.7302,-42.4153,35.035793,7.353254,21.090315,-6.5714087,-0.89195734,8.328683,4.813866,11.159849,2.5556097,5.2886543,0.72970706,7.3776097,24.134523,0.14603731,-0.6722158,-4.33096,-12.748575
-247.47469,160.38971,-43.02456,35.036415,11.789042,23.91623,-9.3844185,-5.2743506,13.265699,6.726139,5.412134,6.194476,9.963319,-1.4680097,-1.8768017,15.2487755,-6.435464,-1.1845376,-8.196601,-12.72357
-185.15744,146.27316,-56.57404,71.537895,16.50727,34.011497,-24.053486,-6.511821,4.727852,-10.73147,-2.8627834,-3.8252318,-2.6952605,-14.756741,2.670002,9.457907,-14.331904,0.6989504,-1.8467213,-1.7869745
-90.24155,96.64487,-60.6426,76.719925,-19.800869,44.42446,-43.122307,-5.8632383,-14.983183,21.621166,-1.4716686,4.804285,-5.133939,-15.050138,6.9525127,7.4904404,2.9774842,-0.12845546,1.9927562,9.607142
-60.84422,113.908676,-68.80038,55.03985,-32.08541,48.999855,-25.660763,8.461316,-17.509617,18.982649,-7.336825,12.482143,10.307201,1.4634213,10.67593,2.828943,-2.961123,-5.0318384,-8.615133,-2.4052546
-88.95011,127.68446,-65.89366,47.176693,-35.02494,40.697876,-17.347115,7.6678934,-12.821258,17.349504,-12.397515,20.537718,19.69719,-3.7931273,6.1245832,-9.2402315,-4.183831,-5.3360596,-2.8563223,-2.6032915
-135.019,150.84482,-56.77274,52.278984,-23.706945,26.738182,-16.220352,11.263918,-4.6807384,8.372343,-12.171861,15.491726,23.82156,-13.679201,2.812703,-22.930567,-11.151339,-6.6566257,-6.9133935,-2.6958597
-146.85567,166.85637,-62.784348,50.052605,-21.112991,15.68221,-0.32300144,14.6184635,0.5928475,5.1721916,-11.567613,13.8600855,22.571625,-15.525577,5.425319,-14.683162,-10.998186,-0.36629775,-10.333988,-1.5640984
-152.15364,165.26352,-64.93734,44.248436,-23.169579,6.807846,-6.454463,11.484999,1.7798276,-1.6590248,-15.262862,12.615822,17.837196,-8.301853,8.001047,-1.2570983,-10.461498,-7.5790396,-10.738029,-6.16791
-161.3414,170.27487,-57.63578,51.02999,-22.242615,0.8317621,-1.1591694,8.987286,7.91937,4.5929384,-17.531538,8.850077,12.347858,-1.9239033,9.256906,0.06715232,-11.458789,-12.889693,-9.094112,-7.4944143
-167.93553,166.30692,-58.93066,53.232635,-17.704798,2.8424578,1.2738221,8.3409605,8.252596,1.6727613,-17.623325,12.625406,11.241621,-4.947454,11.904325,3.3375297,-13.774849,-9.912549,-6.557722,-10.2753105
-178.37137,161.46948,-67.8188,49.211678,-10.865892,4.315111,6.714869,14.237118,2.7996945,-0.9595011,-18.471144,5.677477,13.17021,-7.2715373,7.1060658,-1.03602,-18.200323,-12.002413,-10.522853,-8.635106
-177.47005,169.89587,-62.11348,58.533035,-13.946094,-8.128948,10.428417,15.104107,8.232036,-1.838199,-14.111198,14.747879,18.65033,3.3409383,10.723757,4.6765585,-12.317402,-7.5153856,-9.988102,-13.219114
-178.51576,169.29227,-69.24939,56.28349,-14.805541,-13.850903,10.457882,14.846272,7.8194876,0.09599883,-8.549608,16.808231,14.873767,-0.39451987,6.0036564,2.0450454,-12.582214,-11.146149,-7.3174276,-8.008116
-178.35976,172.57135,-71.96016,48.229202,-16.316946,-17.155716,4.2828364,12.195223,-2.1799362,-3.214102,-5.546353,14.743927,16.69444,-1.6825272,4.334101,4.6139855,-11.56653,-10.05747,-4.7098475,-10.925713
-165.14403,170.40665,-76.90433,45.413723,-20.020302,-11.973728,1.8288443,14.452789,7.926978,-0.55307794,-4.9769397,11.038993,10.039837,6.375471,2.256012,-5.5452604,-13.931715,-12.59853,-3.18588,-13.746856
-151.09235,135.26706,-54.50144,39.680286,-31.45196,5.805275,-29.38018,19.273169,-2.770319,-10.607967,-7.1557817,8.716778,2.2056103,5.996862,-7.422218,-1.2210883,-10.306289,-9.201447,-1.166664,-20.797882
-152.78474,125.78784,-52.629818,39.35417,-28.16637,14.361515,-36.99894,14.751635,-12.400321,-19.36502,-1.4574748,15.908901,8.525849,9.128517,-8.481122,-2.9314342,-12.30056,-10.987415,-4.7340107,-18.042309
-191.45503,168.07776,-60.007698,37.569843,-9.620017,1.0015775,-11.736514,9.56632,-11.459934,-22.887096,-7.435459,3.845971,8.514466,-4.222909,-4.139535,-1.4870915,-14.542114,-4.7124033,-15.422401,-33.35637
-231.74876,168.0404,-52.906338,33.088814,1.6855419,-0.19325799,-1.303366,3.378213,3.0144424,1.0261794,-3.956698,7.224658,8.254078,-1.5763886,1.7894096,4.413009,-16.618862,-11.097275,-17.464108,-17.645313
-248.53091,162.0257,-56.34417,24.817139,1.1398654,-4.585862,-2.3394513,-0.1658109,-1.3457918,-0.85901034,-3.8134313,8.350576,6.868018,2.128235,-1.4860703,0.8247552,-10.393543,-7.5949435,-11.356272,-15.497454
-251.72997,167.44934,-50.247982,20.674198,-4.066856,-3.5973752,2.16931,0.09934831,-1.6163123,-5.736437,-7.8484964,10.270502,0.8217501,-9.841291,-2.257968,3.0179768,-17.918741,-8.826876,-8.090508,-12.130192
-253.13324,168.46611,-44.96411,29.850246,-0.7968466,-4.59566,3.042351,9.523729,-2.351956,4.3038945,-8.80842,-5.0330033,3.205295,-10.903919,8.891508,7.0544643,-10.425225,-6.014619,-8.392563,-8.878324
-229.45999,168.38492,-45.288063,42.268772,-4.6678505,-6.6140018,-4.9190063,-4.317539,-10.370392,-1.6735886,-3.434811,10.096785,8.269865,-6.273526,0.27568084,-3.5084047,-10.064159,-8.527781,-8.196859,-10.547176
-156.18549,166.54291,-53.04699,54.28125,-10.940956,16.182373,-15.336609,-5.0004673,-17.565796,-10.678713,-5.0804415,2.2114558,4.873133,-16.796867,-8.785832,-8.927081,-7.0532503,10.295559,-8.724243,-11.729551
-91.64202,111.599045,-32.70776,57.958694,-33.49742,39.609726,-33.344223,15.1644535,-30.481281,-19.139648,-17.466042,0.12535189,-7.1649,3.036222,-10.718721,4.4806714,-9.165327,2.6189313,-8.363001,-19.026676
-166.07674,133.66519,-53.630135,61.077114,-18.041569,17.917439,-18.974312,5.2257957,-19.214872,-22.13897,-17.118277,-2.7650523,-0.079803705,-8.614602,-0.3625284,-6.7127914,-11.618431,4.0421143,-4.9533978,-22.908482
-182.48163,148.24596,-62.179146,59.34583,-12.30031,2.3102345,-13.274148,-8.315075,-18.823874,-19.026798,-20.971092,-0.9114266,1.5965478,-13.033449,2.023607,-7.6734037,-8.411641,3.9156973,-12.582226,-24.315945
-198.97491,148.4234,-61.162468,60.064747,-8.756941,-5.2366457,-15.695648,-5.966509,-23.687862,-17.967678,-22.247292,-4.586323,12.64183,-14.870446,3.0380533,-9.162962,-15.50672,3.6923249,-8.071917,-21.396193
-206.029,149.87279,-64.67239,50.493065,-7.340831,-9.55022,-14.434435,0.08440223,-25.700531,-14.971595,-26.75391,-11.386055,13.443417,-24.835375,0.6035452,-9.951983,-19.197773,9.334801,-15.175137,-24.564196
-205.7862,144.77496,-60.737595,54.812332,-1.8985825,0.3667538,-6.850916,2.1194832,-25.751896,-9.420386,-18.979176,-1.5146754,14.734341,-19.311586,-0.9351761,-11.27585,-20.193134,8.734835,-8.887267,-20.468775
-208.84717,135.83923,-64.81584,51.933475,-8.797762,-2.4157548,-11.507008,-2.9100251,-23.1125,-9.2898035,-19.232338,2.803392,10.449869,-19.507868,-2.6584315,-12.928952,-15.589843,6.1386642,-11.188488,-21.612576
-210.03557,131.26111,-62.06582,58.723907,-3.631507,-0.30015653,-3.9098058,-1.8475654,-30.810081,-20.35063,-24.993252,4.434801,5.5721807,-13.080336,-6.7194347,-16.992123,-10.194551,3.118599,-10.733325,-16.747965
-195.82347,146.75546,-59.057144,56.636436,-2.29224,3.3674889,-2.4608376,2.4853165,-28.745905,-22.51305,-23.89273,-0.56567055,1.8370543,-12.303913,-3.8296857,-11.181766,-9.392899,-0.666509,-11.774203,-17.114552
-180.9391,159.07327,-53.384956,58.801575,-8.926355,-2.1386747,-6.9904814,-3.2546768,-23.97499,-18.081291,-21.08913,1.5906317,-0.14626038,-5.343325,-1.231289,-9.641953,-7.33962,-0.2931369,-8.838604,-20.218285
-183.5917,162.25089,-51.3748,56.09604,-7.755352,-0.49907127,-5.2177505,0.585467,-22.98441,-20.208538,-15.741076,5.589243,2.0890794,-7.104079,-0.3166551,-4.905069,-5.51229,-0.43237174,-12.004343,-19.011757
-184.87039,139.25165,-46.410072,62.171852,-7.2341733,20.53601,-8.9004135,8.8138485,-19.197487,-22.909786,-17.583237,-1.2298949,0.10529351,3.785634,4.856287,-9.937741,-5.873747,-2.5553975,-12.025969,-27.085468
-150.36647,114.98817,-43.416595,52.00782,-13.672541,44.39848,-24.865433,13.735575,-23.039957,-19.713326,-12.619086,0.46369743,-1.2329397,6.1403513,0.7766565,-0.6071954,-8.600484,-9.274879,-3.3721712,-16.87204
-189.26991,146.8596,-50.606445,54.46033,-4.2891407,19.878666,-6.117893,1.129113,-21.233982,-25.495285,-14.477777,0.25091624,-2.4368296,-3.006063,-0.9657035,-5.123704,-11.634895,-5.178322,-8.827152,-21.423767
-196.51993,154.84055,-55.75641,46.968376,-9.23296,9.081108,-1.9998095,4.983937,-16.030312,-23.657585,-15.088569,0.024683952,-3.7621403,-12.297821,-9.890381,-12.9907055,-9.760056,2.1919103,-4.7408724,-15.62927
-214.67519,158.93027,-45.483208,41.501293,-10.552149,2.2348537,-0.6030308,2.6113849,-17.724663,-16.875927,-10.529618,3.5914469,-4.797839,-14.6208105,-11.584168,-12.349989,-10.800793,4.444607,-8.506929,-16.981396
-230.39104,153.75238,-46.67343,43.67601,1.5985382,9.191563,3.8749933,12.612324,-9.033493,-17.918741,-17.459234,0.8394895,2.2373304,-10.92483,-9.818972,-13.039712,-11.91797,1.7469327,-10.748718,-12.627713
-248.14285,157.74915,-44.209923,38.888245,5.3309565,0.013637722,3.0883563,13.8476715,-11.684307,-11.80463,-17.065794,-3.1549735,-0.78928703,-12.539652,-7.361522,-15.596306,-17.257359,0.12647128,-7.3600087,-20.315159
-255.62228,168.6247,-34.71774,42.977272,16.611118,2.7505128,4.1619425,11.949558,-7.634155,-6.821464,-16.373224,-5.2581778,5.768586,0.5995562,7.3462496,-5.305576,-17.727587,0.035455555,-5.905861,-14.030084
-203.26068,155.22125,-47.503998,35.93032,-18.141212,13.859167,-4.2343235,11.949612,-12.2438545,-22.922169,-7.2771544,-6.821642,-9.048965,-6.0537996,4.084733,5.2906914,-8.135963,-7.924138,-3.8954926,-5.2598047
-120.58563,91.89661,-32.070732,68.89577,-50.29757,47.810627,-7.144495,18.895481,-23.158545,8.068837,-7.117184,5.77645,-6.336078,-4.3440776,6.868637,0.7080035,-5.7532225,-18.199158,-1.9399635,5.275599
-140.60292,74.04055,-29.11976,78.87666,-47.926247,49.706924,-11.38537,16.633682,-19.547684,9.393768,-11.800234,6.741829,2.1082573,-3.9891725,9.852055,-3.9101148,-5.5288944,-13.337502,0.9518257,2.9987736
-156.94936,93.42873,-40.37001,73.529526,-38.62018,42.840828,-6.423459,7.0886335,-13.545858,12.734268,-14.056733,5.569376,2.6616135,-12.0192795,8.29772,-12.063524,-4.673516,-13.148832,-2.4155126,1.8016248
-200.7167,102.83176,-32.081932,70.49367,-32.289726,27.98634,-5.6886845,10.910744,-4.9953213,7.9904575,-11.656237,11.056458,8.654115,-10.683081,3.9528408,-18.05497,1.4091316,-8.235964,-5.8897963,-0.09141445
-225.68945,119.23071,-35.68338,58.905746,-18.31099,21.79597,-3.114475,1.115345,-12.045503,-0.57913375,-7.395215,11.48554,10.314541,-3.897071,4.2333145,-24.118622,-7.5589337,-3.9003587,-10.108922,1.506464
-250.31021,136.3056,-27.413883,54.836452,-9.073681,13.637045,-1.0832688,3.3475535,1.7813009,-1.3163071,-8.52402,6.121771,-3.0723965,-0.5429517,12.338124,-12.495192,-5.0786467,-2.9409246,-10.547234,-3.916164
-256.1289,131.7826,-32.90703,50.412964,-8.595095,15.314658,5.264266,7.4050527,1.1493208,-3.036303,-10.139912,12.227482,2.5777974,-4.4515467,5.0516376,-14.881379,-3.6662586,-1.1151175,-7.955906,-4.306424
-272.79794,129.80551,-25.665215,54.89371,-0.350636,10.34704,3.9926698,5.09741,3.3198738,-1.0863401,-16.44641,6.51833,-4.0395136,-1.6633048,0.009115934,-20.713488,-6.814639,-7.0716186,-8.881435,-4.014826
-283.98672,139.81711,-24.546177,50.77156,8.146847,10.128467,6.0857697,7.6414,-1.5293696,-12.371659,-12.22447,9.188992,-1.6225259,-7.331337,-10.033739,-16.722155,-4.9591627,-6.085063,-10.505755,-2.2554476
-286.9927,147.67993,-29.712051,51.3371,13.262869,-0.9001698,6.224516,9.594051,-8.557772,-14.934225,-11.558096,5.432479,2.8887494,-3.2799096,-10.358542,-11.9789915,-3.6589549,-6.4908776,-6.5350585,-7.728142
-188.34532,145.26282,-44.001934,44.420784,-39.843666,21.118105,-7.925719,-9.351658,-8.189968,-14.816126,-6.0362997,-1.7777579,-2.2359228,-6.233756,-7.6638575,-6.0165677,-13.554026,-4.182192,-5.42588,-7.051783
-189.33983,152.69427,-35.001015,38.729183,-28.014244,33.964798,-12.723606,-2.4159484,-13.795267,-15.116695,-2.2398338,-4.1029987,1.0729465,-3.4188287,-0.26492867,-3.4633856,-12.210497,-7.0285397,-4.9002357,-7.554682
-210.06569,109.52968,-12.272036,40.047432,-26.757889,51.002487,-22.722996,20.364962,-15.226504,-20.975956,0.23392162,2.0156221,1.35417,2.8330846,-5.9832354,-1.0643085,-14.673285,-12.630049,-0.19798124,-6.4056225
-268.29572,143.33295,-21.548634,32.939007,-4.476177,19.406132,-10.597897,10.243167,-18.353033,-16.819756,2.8792348,-3.6091375,-5.4790893,-8.436486,-7.963484,-7.8322334,-17.390503,-14.348042,-9.527916,-14.798426
-293.43286,153.56172,-26.182554,32.82641,14.333096,6.7777615,-3.7900066,6.187932,-15.888827,-6.582869,-1.0581727,-0.031543255,3.0483146,-10.142517,-6.6934166,-5.853829,-19.696697,-15.004721,-9.631012,-14.159763
-298.9258,150.10947,-20.43341,29.235489,12.730274,11.516533,-1.6202074,3.6508026,-7.604781,-7.696374,2.9518037,9.595733,-8.438099,-10.101056,-10.307398,-9.854955,-19.727283,-12.155854,-11.515255,-11.902771
-316.32883,147.92935,-16.893831,29.965979,17.92453,13.010471,0.97413146,7.5671587,-6.280837,-8.689675,-1.8404944,6.738263,-3.1095915,-11.840954,-12.974814,-7.9412613,-13.117912,-14.07887,-12.2425785,-11.169956
-307.0156,149.44675,-23.963207,24.387703,16.058367,15.801949,8.364178,10.69072,-6.696379,-5.670377,-5.5942817,2.1143155,-4.320167,-12.431714,-13.922815,-7.8174047,-16.560257,-17.943544,-13.45682,-10.894912
-318.6274,144.61151,-19.415129,29.055046,19.44611,12.502003,9.144698,13.990837,-4.35577,-5.3147144,-9.612051,0.7103193,-4.254108,-7.3976116,-14.912218,-13.589359,-13.878718,-13.569965,-10.057727,-13.214354
-315.48642,131.17352,-22.051178,32.83226,16.866844,8.954657,-3.722824,14.107687,-10.153978,-6.4979987,-9.900055,-11.325941,-8.41181,-4.0551343,-7.725494,-9.33054,-14.845667,-11.745349,-5.372399,-5.2302265
-176.37578,93.35881,-28.196465,57.09558,-50.876083,19.97649,-26.663948,19.27668,-7.9534674,12.712314,-5.5864363,2.9167404,4.9460306,-5.963419,-4.477328,-10.980608,-12.128012,-8.043486,3.1359894,-2.9531827
-110.4891,126.51363,-21.543129,65.28179,-36.67993,34.63137,-16.614471,38.8417,-12.353849,0.9306898,-4.57852,-2.3892045,-8.230806,-2.2726169,-9.288519,-9.279042,-13.190062,-10.263264,-4.4375024,-2.8440247
-173.15625,123.5434,-40.359703,80.92557,-8.497441,15.026295,-7.780485,31.599976,-11.242826,-23.104897,-13.752834,0.04322213,-10.6232815,-2.7582393,-5.0410624,-12.45808,-16.151413,-20.373669,-9.231274,-13.064291
-201.32927,135.2955,-53.61654,68.704926,13.926584,19.971865,-27.548042,20.005667,21.383533,-16.621984,-13.285526,-12.041933,-3.8282425,-4.7801304,-14.979494,-7.3306813,-18.428013,-16.213327,-7.97138,-2.9761019
-208.35147,141.16498,-57.462833,73.99981,33.15154,27.112871,-32.1795,14.962006,27.620998,-19.375748,-14.790196,-18.96909,-2.005927,-4.6430407,-22.220253,-15.434738,-24.205532,-8.966612,-8.68027,0.14906421
-210.4922,131.13123,-62.8494,79.545555,31.684574,27.40625,-23.42331,7.6332293,18.021162,-10.363343,-18.201359,-23.428913,-6.3997526,2.0495474,-15.388529,-20.580862,-11.18936,-2.2721915,-3.6826348,-5.614983
-217.45178,131.62311,-57.359074,72.60281,25.839527,35.466328,-4.951334,-3.1098857,1.6138067,-0.9981061,-11.004402,-20.439964,-16.970997,-1.4412189,-10.032124,-14.953309,-4.027345,-6.8478074,-9.542638,-4.9397182
-246.74004,143.67824,-39.850998,65.858444,29.013493,25.094316,-3.643449,-0.009537637,4.5861344,-9.605701,-15.764317,-16.09802,-12.385657,3.8113968,-14.136515,-20.034267,-8.038095,-0.7836952,-11.040864,-19.271667
-268.38358,149.38068,-39.974342,59.834854,35.222572,16.979633,-10.7392235,4.308538,10.957192,-5.0578337,-6.165021,-12.597294,-5.5571575,4.291404,-11.777395,-19.316826,-9.6244755,-0.9211713,-12.345147,-20.041214
-279.73965,147.38303,-44.44403,53.35933,38.56903,21.42158,-10.665829,4.514353,10.672045,-3.2348661,-1.6014053,-9.810917,2.004051,-1.5373116,-18.79924,-25.221716,-15.892632,0.19115472,-6.7471313,-13.512301
-256.3836,151.08061,-40.96045,56.782784,26.023216,18.544868,-7.279346,4.8684397,11.739973,-3.9324355,-4.2691402,-2.7823358,1.2306759,3.2277975,-12.91428,-19.84554,-17.045666,-3.039046,-4.6258535,-15.9584255
-182.73268,160.37915,-26.307535,64.22633,5.736862,32.087288,-27.990425,7.3164406,-6.006898,-15.322542,5.0232496,-10.070076,-4.3331943,2.540036,-10.26265,-19.068863,-23.78999,-13.508541,-4.248147,-5.318044
-175.88309,161.85107,-31.745075,53.546288,-10.713131,16.396168,-30.46364,10.571513,1.9647318,-27.96512,-8.6510935,-16.497414,-28.284006,-1.270112,-7.9409904,-18.380009,-19.210365,-14.568489,-0.7801862,-1.3492358
-192.7108,167.6705,-48.080093,45.08333,-7.24022,3.2973163,-21.569561,14.44919,-7.71175,-33.385925,-13.996477,-13.605389,-8.104834,-2.20788,-11.445156,-17.094057,-22.335793,-10.2268915,5.5787315,-13.71776
-192.26364,162.92375,-56.808685,47.498783,3.0846853,12.554937,-19.1582,5.133935,-3.455876,-34.777588,-9.095934,1.5866535,-7.928394,-1.5981491,-16.228752,-16.542887,-19.10473,-2.2931495,6.2660856,-17.590225
-192.13387,152.58902,-63.320595,51.719032,15.214896,25.58144,-20.986954,1.9047154,-5.4269433,-26.84995,-0.8312998,0.24404514,-7.7374525,-1.7484045,-8.379823,-8.747272,-12.485712,3.0160475,5.5761213,-19.986952
-196.40326,150.72766,-65.00588,51.647736,19.970486,31.13372,-22.110542,-0.9312799,1.6912167,-18.26247,2.8376164,2.3434796,-8.741808,-6.81668,-9.019296,-4.471809,-6.3115063,4.258912,0.8644385,-21.022688
-193.21117,140.92383,-71.0162,50.377197,18.056198,40.373177,-27.266346,-12.150119,-1.4556644,-14.502941,8.89101,0.7418237,-6.50388,-8.161528,-8.099125,0.6030035,-14.965416,-4.1453733,-1.3370225,-16.24442
-194.21577,144.69931,-67.62157,50.519413,13.401832,38.564137,-29.499699,-16.680437,5.370182,-11.478048,5.4005213,-3.0888011,-15.488579,-10.793489,-2.087446,5.3857307,-17.002113,-12.216873,-4.294915,-7.430064
-175.4369,110.04054,-59.41539,73.17667,-3.293253,43.92008,-14.548754,-12.90739,-11.844293,6.532675,-13.938303,-0.1826675,-8.361788,-18.177898,2.8170104,-4.2525454,0.26512036,-16.484,-7.784947,-8.417635
-138.32451,65.94777,-34.79379,89.4766,-30.121212,44.334377,-15.070242,10.373243,-22.095259,12.227364,-31.56681,9.085852,5.5181065,-14.954969,-3.7295394,-16.749441,-4.1345296,-3.3232422,-1.1068921,1.6749586
-74.6151,117.91322,-49.5807,56.605476,-43.95806,39.273666,-24.658302,24.411005,-11.473002,9.860971,-10.624871,20.984074,10.924077,-6.551859,4.8407974,1.6066717,-3.4204016,-12.961329,-1.699677,2.9367218
-100.38706,141.5289,-51.544037,66.71883,-24.45249,28.03532,-19.068497,19.93666,-10.889563,-1.7558097,-7.0303164,22.42757,5.8600636,-14.865238,3.955018,-7.3262224,-7.023251,-6.5805674,7.439087,4.4961967
-133.72473,156.11533,-48.55186,67.28847,-23.329298,13.69853,-13.545221,18.933739,-3.025934,-9.210226,-5.7246275,15.331339,-2.0307164,-14.232311,8.819849,-17.064957,-17.477715,-11.084412,4.992613,1.5080967
-151.57133,158.71428,-49.903778,69.82791,-21.19516,3.4136672,-18.047813,15.475113,2.572108,-17.775326,-4.1300435,10.871872,-3.8086872,-15.68737,2.6154861,-15.511007,-24.237007,-6.6439104,5.581036,-6.719208
-151.75285,163.9133,-53.93653,70.303406,-13.50742,9.240225,-10.378138,13.819267,3.7946062,-17.310175,1.7043744,10.303444,-4.3510733,-5.0368385,8.469852,-8.547821,-25.181076,-6.5948586,1.585074,-7.476059
-153.46655,163.39279,-55.422955,74.41667,-14.239194,1.1748483,-1.0423093,22.700039,2.337172,-20.50674,-4.1073275,8.392286,-6.5315094,-5.012204,9.083229,-5.5716877,-25.49815,-10.641451,0.30532682,-14.001949
-162.19467,158.91809,-67.7491,71.06557,-11.799236,-9.347834,-5.7540517,21.09779,-8.801319,-21.62801,-6.013054,-0.73500574,-2.692204,-9.115597,11.093075,-4.3189025,-27.43336,-6.474084,4.5962734,-10.496651
-164.5966,167.46417,-63.280018,69.89284,-7.360245,-17.254108,-3.3599274,32.010628,-7.4028206,-12.133706,-3.311015,0.3330259,4.425729,-14.026827,14.05979,0.3821779,-27.371374,1.3710053,2.2193556,-13.980001
-168.0267,166.74268,-67.21595,68.5166,-6.7465672,-26.966324,-4.5839205,30.867601,-4.4579253,-10.397326,-6.4506106,5.2780914,3.7465048,-9.519623,18.702156,3.2504199,-30.537743,-3.2292297,7.8804307,-8.353833
-172.09853,167.78607,-71.879295,64.228355,-7.83505,-27.96432,0.8987211,27.831274,-8.602592,-8.737749,-1.4605739,5.849835,1.263306,-11.631306,15.124962,1.2426214,-31.099207,-4.477052,3.8382006,-12.287125
-161.48029,167.03555,-74.85566,61.446083,-15.809488,-27.836708,1.1883236,30.483166,-7.049988,-7.665559,-2.3727276,3.2124736,0.052997947,-12.762575,11.16498,-5.083291,-35.836243,-10.448502,2.0724556,-11.412462
-148.51837,153.84203,-62.782036,63.863266,-15.0759735,-7.7559814,-4.3906717,45.8649,-6.452969,-6.8465,-5.51567,0.15315127,8.555443,-14.656948,6.17854,-0.8017123,-33.3154,-4.61346,9.200855,-14.915931
-132.68596,139.17432,-53.66191,60.31499,-15.822847,0.6704568,-22.121094,50.360676,-14.845902,-4.90975,-9.885539,4.043084,10.880151,-15.01053,4.2585707,-2.8114228,-30.989334,-2.377195,10.054371,-18.73249
-149.20831,154.272,-77.88317,65.8744,-6.3981924,-3.67522,-10.42462,22.749939,-11.434536,-17.375875,0.56377614,12.815702,13.944681,-8.965934,-4.138459,-14.3913965,-32.401356,-8.0944805,3.8676505,-11.435507
-150.93713,152.707,-76.706314,68.339714,-0.71448886,-2.6471705,-13.247883,19.74633,-7.621724,-20.507185,-0.9833199,17.23354,10.692704,-9.258633,-12.461064,-17.600563,-21.638927,-2.383007,5.203571,-18.260605
-165.85452,150.25574,-73.87602,64.98331,6.4600544,8.556871,-10.054094,17.897831,-17.771385,-21.74862,2.7591958,5.7784967,3.2246072,-10.042597,-9.282399,-6.863126,-9.379894,-8.113619,-10.557561,-22.95116
-237.12062,152.47758,-50.628967,57.508644,4.894647,-2.4759274,7.8364315,16.739025,-1.8929727,-13.881031,5.8281174,12.367246,-4.9834175,-6.548273,-4.7313504,-11.700769,-25.915356,-15.382483,-12.051851,-15.087793
-251.39629,154.2201,-54.92337,53.54501,9.5998125,-8.497958,9.780432,24.306665,4.936443,-21.675152,2.1721184,9.92158,-8.154095,-6.7497797,1.2002785,-3.5521035,-21.776302,-9.748496,-3.6231482,-6.704775
-249.55121,157.69807,-49.931175,54.018806,11.406571,-12.367038,8.019662,24.720695,7.0941143,-13.880526,-1.8319054,12.93004,0.70941865,-4.3068585,-7.429655,-9.131114,-22.575727,-5.8513393,2.9935498,-8.793122
-220.44792,156.87088,-46.829712,56.737854,-5.332819,-7.8341293,-0.08816278,17.176592,-1.8467939,-5.700753,3.1315653,1.1656601,-4.505176,0.3887638,-1.9302377,-13.408298,-15.49479,-4.0375834,2.6551204,-5.816471
-145.01244,109.66817,-46.57587,74.53115,-26.387222,3.779816,-20.945396,26.991352,-11.159994,1.158654,-2.7861447,3.1814084,-6.084626,-1.1719749,-3.0957026,-7.779908,-14.367813,-11.60474,-3.0197191,5.340123
-100.09136,102.28684,-59.133224,75.54543,-30.926228,20.032574,-17.387854,23.600567,-30.854996,-18.14624,-12.023569,2.706848,-4.827343,0.87908983,0.28954542,3.6761217,-9.150733,-2.3360643,-2.9590802,-2.9397905
-144.27376,117.59476,-61.052338,81.55548,-14.968642,6.0862355,-22.509985,26.660547,-7.627369,0.40336198,-5.9430003,3.5343504,2.9945412,-14.423227,2.5778263,-3.396934,-13.321636,-5.6069083,1.2308127,0.78447163
-170.42767,148.79427,-77.57448,66.24982,21.948515,12.22001,-16.396992,13.500023,9.196583,0.76696706,-18.04076,-9.120946,-2.4162712,-11.148457,-4.8243594,-6.4547243,-18.828447,-5.6624804,1.4005443,-3.9079907
-177.59703,135.13493,-81.423676,67.952,23.52715,18.211403,-14.100557,6.138508,5.7320085,-6.2197003,-19.11168,-2.6127973,-2.3696673,0.8134995,-2.7189503,-9.013911,-11.962522,-2.457169,2.5475514,-7.0515785
-173.65619,136.02615,-71.48422,71.03154,18.93107,16.09324,-24.25391,7.350728,7.6677837,3.8098037,-14.940688,-12.023811,-9.902818,-4.5391083,-4.3080606,-10.150215,-5.968526,-3.8440852,-0.85449505,-8.854209
-180.30206,128.5703,-70.761635,65.40018,15.409706,26.580181,-33.036034,2.1761584,-5.1713276,-8.889754,-8.185724,-15.057795,-3.5321975,-1.5153567,2.4964404,-1.8924682,-10.9369335,-15.680077,-9.42184,-6.174246
-197.3647,130.05188,-65.94343,56.07506,9.965305,37.331635,-15.963846,7.486104,-10.658185,-28.67558,-8.14246,-10.912782,-0.68110055,-3.410366,-9.726108,-0.85491943,-4.750477,-7.46358,-0.23760593,-10.982453
-213.5298,145.14551,-47.09952,58.517605,1.4393654,19.707766,-14.839115,12.301283,1.5292171,-25.343208,-15.296553,-23.67917,-3.9667068,0.13954185,-8.705215,-4.316125,-16.200748,-0.8775549,1.7461951,-15.619858
-232.09949,139.31067,-50.06523,64.57303,13.990206,11.194273,-13.024937,9.634422,5.233759,-12.262772,-9.316547,-13.99572,-0.40992308,-1.8727992,-13.897085,-9.368514,-21.19867,-0.08772135,0.12087792,-10.636396
-230.6314,143.1098,-49.87079,65.38996,11.123846,13.650927,-14.557404,3.306134,9.7390175,-11.273277,-1.0010428,-3.3474727,-1.3134496,-4.694777,-15.621231,-11.729744,-13.382709,-0.63661706,-5.728928,-13.678614
-207.83421,159.6001,-47.66815,63.052773,7.355607,18.82366,-9.365761,7.590249,17.238052,-3.1454537,6.29691,-2.8106925,3.5702474,5.1959953,-11.496288,-9.5020275,-16.476658,-2.8807645,-1.952704,-9.650424
-173.07202,167.24371,-34.002434,46.6442,-8.863634,16.074593,-25.298355,19.815758,0.42352703,-5.297418,-12.100124,-10.320596,-6.1943192,-8.015226,4.9092116,-1.8457103,-5.22607,2.3677516,-6.8299885,-17.54124
-145.28983,145.29692,-34.959614,50.099182,-25.83698,19.099764,-34.965645,31.755642,-2.7602267,-14.846914,-13.955508,0.9965922,3.5564585,3.6939046,8.236306,-9.681323,-7.946308,-1.4108269,-2.3762567,-10.511152
-158.71785,144.77884,-49.812424,60.139347,-13.385969,16.01024,-30.942898,15.441615,-2.7549195,-22.06003,-5.124994,9.526682,4.861016,1.209676,-2.4313507,-16.525658,-8.217492,1.597403,-0.9026818,-6.3462763
-154.3487,137.30765,-65.153824,57.23485,-13.547921,10.876691,-34.10792,10.233421,-1.5169775,-16.117006,2.4926107,9.737741,-1.9110194,3.0762606,-8.561568,-14.903017,-3.3330708,4.55914,-1.72404,-10.507163
-160.7371,123.70647,-71.47307,57.245926,-0.5184043,28.176998,-36.036057,10.187043,0.075822204,-11.460986,8.457196,6.055583,-8.19558,3.8231733,-5.6237483,-16.51748,-1.646781,1.022495,-7.7895775,-9.597405
-165.85605,124.41455,-72.60205,57.59872,3.358776,29.681435,-42.388954,3.789556,1.1430838,-6.7890434,9.411549,-0.28659874,-8.212664,3.266847,2.1878064,-9.18554,-5.8044662,-7.1877475,-10.256162,-12.70616
-173.66402,120.84175,-71.24718,62.061836,13.223774,32.53575,-40.06691,2.9914293,0.5738152,0.67343533,13.257177,-0.8927145,-8.864164,7.958645,-0.2835576,-13.942379,-6.3311687,-5.642062,0.58944696,-1.3631499
-180.651,120.44068,-71.57888,63.21927,12.494606,28.015747,-38.688934,2.9840221,3.0627975,6.5903263,9.088154,-2.4607372,0.9016504,10.336138,3.0022094,-15.639242,-6.911222,-7.223201,1.2053397,-0.10369551
-140.591,123.7892,-60.217884,58.668182,-16.278828,37.16403,-29.89346,1.4759486,4.901093,16.047352,-14.497028,2.6027074,-0.01226145,-9.63427,7.8137155,-9.786194,-4.728916,-21.785437,-0.47740984,3.636745
-94.66396,106.167465,-43.01648,71.40407,-43.89458,40.732605,-18.35806,17.042238,-16.155212,16.23547,-11.580271,1.7768257,1.9218922,-7.926408,10.527949,-1.3180537,-11.156096,-23.304968,-15.3124485,-0.30271184
-112.48345,106.98898,-38.750748,90.10957,-17.888618,44.580864,-29.17733,16.191341,-2.4730844,12.857829,-14.881045,0.21010202,9.170461,-2.664495,0.46939832,-0.63829744,-1.1931046,-13.189659,-12.477864,-3.351435
-147.01561,108.737595,-55.08786,94.92732,-1.2721124,28.681942,-25.662888,15.269064,5.0817957,10.608681,-10.6696615,2.8286715,1.1485204,-8.671242,-3.105133,-17.36959,0.45990574,-18.63232,-16.554214,-2.7693734
-163.7665,113.36895,-51.000553,104.51576,4.3815584,22.883717,-22.729548,9.783035,-2.5083263,5.7738533,-5.758483,-1.2544239,3.4724405,-11.228849,-3.1123636,-11.952141,6.6981936,-11.437017,-16.156578,-4.3249736
-170.2157,116.13026,-59.491352,101.63035,7.52253,16.263712,-16.523722,11.655771,-1.1013148,-1.2818894,-11.94745,-0.3164897,4.000675,-6.257362,1.8490491,-11.040078,4.26234,-15.700536,-21.06153,-4.803384
-184.76035,114.63755,-60.95615,107.60275,15.941213,15.324177,-19.09592,2.9140577,1.929964,0.06552029,-10.292881,3.1936548,11.809351,-6.74962,-3.8664534,-11.040907,0.5496784,-12.056189,-15.105421,-3.5340133
-187.47147,116.49129,-61.580757,107.328415,13.78909,18.426846,-11.934299,2.5506923,6.8869376,-1.0997353,-15.477863,-6.874655,10.203571,-1.2307175,-6.729857,-9.120554,-2.5957327,-19.007248,-19.284306,-5.236721
-180.2406,107.62793,-65.31694,111.80586,16.029572,17.407663,-18.299229,-4.4407,2.8763819,1.3865724,-15.387548,2.5331917,19.306139,2.6137698,-12.657386,-13.80043,-8.679064,-22.24321,-18.54376,-2.0026872
-174.0689,107.09903,-73.497536,113.810486,15.571144,11.702505,-16.52258,0.5241587,5.313236,5.7497234,-14.429516,-6.663911,6.5223627,1.5877054,-3.3341677,-12.144264,0.96100104,-15.142533,-19.118877,-2.6400163
-161.93562,111.69215,-79.078125,102.59613,6.0382376,15.221535,-14.721302,9.397202,14.512571,2.3403244,-17.50763,-10.221762,10.155333,5.5211706,-3.546129,-11.242282,-1.250832,-9.455191,-13.177774,-5.24219
-151.37903,124.00058,-80.898254,92.98142,-2.870263,9.763901,-21.281641,4.878379,12.325768,-2.1918354,-11.48344,-6.4050775,10.295649,-2.314939,-12.177372,-9.407239,2.265179,-8.548693,-18.230034,-6.677055
-120.03644,144.3775,-70.88344,83.85388,-2.22577,22.73736,-17.381607,6.7834253,-13.277489,-5.104142,-12.451597,-9.58033,12.220076,-6.562437,-14.213734,-12.676829,-2.26033,-2.7503147,-13.443026,-6.8931246
-156.6162,116.15556,-74.85887,92.76053,7.4368863,14.766579,-20.070715,14.133631,4.868575,6.2260065,-13.812502,-5.547429,9.606073,-3.0181391,-7.5910683,-16.747444,-3.2667563,-7.9352283,-23.104599,-13.148714
-172.22438,99.81059,-75.49538,102.48902,7.3231177,18.279318,-22.856644,6.39415,16.244583,6.9577856,-23.417976,-18.501175,7.8745136,4.281839,1.4424188,-4.4155416,-5.6795187,-17.558865,-18.394085,-10.077658
-183.25299,91.24822,-74.4563,109.67416,11.090671,17.198475,-23.683846,5.4303684,19.820162,9.795628,-20.551813,-16.336857,12.654551,9.540788,2.892275,-4.3863993,-10.183283,-21.608068,-15.984073,-5.1214104
-164.83951,98.88895,-74.4301,109.39455,10.474039,19.845152,-29.708723,-11.0645895,3.1173785,10.427513,-6.539336,-5.382512,11.636997,8.147863,2.3113296,-8.009495,-15.221838,-21.88287,-16.37519,0.038981676
-167.28836,102.44195,-74.35556,99.68663,5.583212,32.473534,-23.784569,-15.328797,-0.797899,5.709574,4.3506374,1.5001073,9.874031,-1.315341,-2.4289002,1.2719513,-11.503452,-15.197432,-12.703059,-4.9968214
-191.74846,130.74948,-67.85418,74.20357,3.8407645,22.73729,-16.68925,8.641186,11.220091,-0.45656368,12.531349,2.6265454,5.198772,-11.711066,-5.376558,4.904406,-4.9227333,-7.835639,-18.605742,-16.65834
-202.12408,131.62558,-67.40741,75.52425,11.122417,12.639681,-16.98679,8.773426,3.1904545,2.9648042,7.078951,0.30928656,15.242777,-7.3453455,-5.79961,-0.319031,-5.1129813,4.5204897,-8.529116,-19.345264
-161.12666,143.08447,-67.384094,72.4433,11.233402,23.935087,-30.345812,-0.9555185,-0.20077956,-15.904853,2.8193812,4.2965775,10.727871,5.040534,-0.8102275,5.4676437,0.10917711,10.037033,-12.073896,-17.29787
-122.89299,141.9956,-66.96645,66.103035,-6.1539364,25.610096,-39.084362,4.299357,-1.6783893,-15.099865,-6.73394,14.83345,6.6842213,-2.993129,-0.07242885,-12.384957,-5.3117733,6.7567945,-10.043119,-12.386976
-87.478065,138.22166,-43.59269,58.411728,-26.749048,33.97491,-33.633846,30.2481,-3.3661165,-15.310695,-16.674091,10.168406,2.3244061,-2.126019,-9.319237,-23.179739,-18.48238,-1.7831328,-2.1669564,-5.8181696
-143.60579,155.3645,-56.646706,57.165474,-14.299748,14.593081,-16.302416,20.100986,2.6295238,-10.632919,-16.731392,5.077715,9.394509,-3.5906124,-3.6537266,-17.268925,-18.766571,-7.1023054,-8.627392,-12.215957
-156.04063,156.15256,-64.3507,47.579494,-21.3105,6.6100016,-8.959766,10.621788,0.68361866,4.3650603,-16.443459,4.1916933,13.856968,-5.203516,-4.44812,-10.872685,-14.693471,-8.931293,-6.119403,-14.396133
-153.72963,154.6854,-72.33686,44.471375,-25.632233,-1.0368646,-4.0079484,10.163198,1.7207984,7.0841455,-17.945713,9.677537,10.605774,-4.93336,-3.7715793,-15.151257,-13.086255,-9.300717,0.6575051,-6.284417
-162.48657,145.37631,-70.521965,51.48692,-19.393898,-3.7318149,-11.084581,12.081099,3.4494996,16.154408,-7.5845246,13.742733,12.836047,-9.641278,-9.240137,-15.569017,-9.149047,-5.6071863,-4.9078546,-8.547779
-168.42876,138.47746,-67.417366,59.664284,-24.08865,-13.662296,-8.244744,18.270706,2.9888508,11.044117,-18.34607,8.972058,10.701324,-9.826373,-5.3453894,-8.350503,0.8365873,-4.8973556,-5.34441,-8.288527
-165.36395,135.06107,-68.29553,56.364212,-27.641785,-15.994621,-18.446293,13.584099,-6.349678,2.052474,-14.703535,10.369526,13.226847,-8.153015,-2.3796954,-7.787635,-9.382601,-6.843705,-2.3697639,-7.277293
-160.27043,144.8695,-75.51193,38.72718,-32.19801,-10.104635,-11.596194,20.107601,-7.878057,-0.9182501,-9.357472,14.672649,19.678059,-10.257904,-3.3947635,-6.246807,-6.7938147,-5.820698,-9.074942,-12.088456
-180.49672,153.55826,-57.638714,40.758762,-29.84885,-10.865211,-14.944876,12.106175,-6.6366177,-5.3752975,-19.107586,-3.0233917,7.6596193,-11.074039,-13.327635,-12.335388,-11.131906,-7.5979857,-8.648508,-19.149046
-185.98714,152.96161,-45.92521,55.659557,-18.450594,-1.7114589,2.2565053,20.696564,-7.0276175,0.58086723,-8.675337,9.240385,17.561874,2.5084333,-7.624997,-8.558195,-7.884495,-9.661238,-2.3917217,-9.707269
-148.90146,166.92998,-38.149445,61.11934,-18.37183,14.67761,-5.1722736,10.20224,-3.5319915,5.1982765,-7.767294,1.8660166,-2.0549164,-13.388312,-16.41515,-12.163525,-12.970261,-14.062765,-0.59383905,-3.3765461
-145.36617,155.4938,-41.013206,59.087975,-28.232456,16.245945,-13.657719,13.986763,8.737993,-2.1013527,-5.4823604,9.007064,-1.8424076,-7.595772,-19.63164,-8.247239,-1.4952966,-10.433069,4.9812055,-10.35932
-145.45712,147.45166,-54.241516,63.223965,-31.876097,5.0999746,-5.820737,19.348625,-0.23154497,-4.5145826,-4.764513,20.60083,15.540648,-8.239186,-16.870739,-7.4265347,-4.7689905,-8.064938,2.9734364,-12.099688
-157.68596,144.3501,-61.73785,67.37966,-21.883743,10.567986,-7.0363436,9.827181,-5.0400825,-9.744247,2.3707128,17.744576,20.996256,-4.6176357,-14.863185,-11.395924,-12.564427,0.1206173,6.61648,-3.5622916
-191.46988,162.22096,-47.260235,54.91942,-10.370695,12.881426,-6.1053886,-0.53118485,-4.322868,-8.520071,-3.013718,6.578144,15.207596,-7.8231287,-13.25911,-5.322316,-7.0934577,15.634041,-0.7944126,-6.5867724
-236.87732,162.05899,-46.14872,48.70815,2.3854523,-3.3277383,7.642501,8.917604,4.1164255,5.820202,-6.4016304,7.942046,15.910713,-2.7879739,-7.2114873,-2.6639545,-5.656882,7.2099667,0.43530667,-4.783492
-245.68448,163.84949,-52.274376,40.781235,0.5437709,-9.173241,7.2632427,14.467953,12.342454,9.820715,2.3883917,8.90799,16.113932,-0.8157202,-13.859414,-9.525477,-6.480296,6.6644845,3.154745,-2.222953
-248.13748,155.86024,-47.01322,46.527298,0.18676648,-9.756245,4.4765577,10.157842,10.630411,5.6045218,1.425424,20.170849,15.958458,5.181551,-3.6792204,-2.9161105,-6.2282267,3.2412624,1.1100345,2.0866551
-226.15677,159.31982,-45.717037,52.22442,-3.3692548,-1.8419282,5.1939774,1.0834091,5.7331495,2.7448325,-5.663361,11.358509,3.0587199,1.4057988,-7.409425,-4.858696,-4.4010353,4.922995,4.253766,-6.891608
-164.0333,161.81677,-49.86833,55.055954,-24.159256,5.779025,-13.724794,0.06784326,-13.217547,-18.799305,-11.908281,5.847619,9.0062275,-3.3696218,-0.33429283,-1.5766339,-16.142467,-8.346504,-5.034581,-12.737398
-76.9582,133.98515,-51.399673,60.082718,-49.092896,24.246552,-26.339592,20.579975,-8.928676,-0.755916,-16.17392,11.528227,11.196145,4.7411194,3.5764365,-12.487623,-5.9525585,-9.875508,-4.662389,-5.9121256
-76.75723,124.935455,-45.711365,61.14086,-51.960716,34.226562,-12.013605,25.688126,-3.7158308,12.92285,-13.663658,20.580147,15.007323,1.3672659,10.849143,-1.560175,-2.20044,-8.090267,-4.066084,3.4368384
-105.592804,139.36769,-48.55661,64.0601,-40.978874,23.700256,-8.755787,20.319574,-2.709834,9.695162,-20.254597,14.280864,18.799606,-0.46822286,10.544178,-10.600569,-1.7231619,-19.06209,-12.843797,3.1613767
-138.17152,152.07144,-48.27677,65.42309,-26.603144,17.345535,-5.7148314,17.348286,-1.8579937,2.367789,-13.843689,15.462971,18.463432,-2.8156748,11.599369,-15.9102745,-0.5579958,-12.293809,-3.5959165,12.0313425
-153.15703,160.81187,-46.88301,65.95526,-17.530815,8.898149,-7.039661,16.458576,-1.5125961,-1.6891602,-7.8491774,18.93721,21.242506,-1.3041363,9.4926815,-14.247204,-12.998629,-13.851646,-3.7141323,11.009233
-159.29091,172.62875,-59.22828,55.68563,-19.678165,-1.9452075,-7.4468436,21.799885,1.472185,-16.450096,-6.140729,19.118042,27.767479,-4.298903,6.076915,-4.285103,-17.896225,-10.223955,0.9243254,5.231325
-169.77664,171.56604,-57.7508,58.010674,-12.784227,-3.5329652,-1.7224003,22.247728,5.185844,-12.7886505,-7.621628,16.71329,21.478746,0.6837634,12.947581,6.81638,-12.406815,-11.779515,-1.4303955,-3.766868
-178.2881,173.99477,-55.389416,59.626045,-14.233204,-11.7147,-1.0624686,21.08223,10.014097,-13.721704,-12.302219,14.292931,18.430891,3.512267,9.644676,0.23557895,-15.179765,-9.850064,-0.8552687,-4.9906015
-177.88435,170.81595,-57.62011,59.031944,-10.1983185,-6.3447833,2.1465058,18.468739,9.544785,-8.170835,-10.67713,22.299322,24.478115,2.2987757,8.664599,0.2540065,-13.7462845,-6.0345716,-1.1754329,-0.5158763
-179.83887,170.26215,-57.182396,60.804817,-6.566043,-7.138998,4.4685774,21.543064,2.807412,-7.365748,-10.85565,15.758627,20.654226,-3.4216473,7.892887,-0.2455225,-18.076283,-13.329795,-2.8691378,0.41819406
-187.70512,171.72876,-64.897644,56.583946,-11.9030075,-13.9457245,9.199528,24.008446,2.1331594,-5.412717,-1.1743026,13.746184,22.46864,-3.3907394,10.540895,9.164762,-14.602726,-8.748043,-5.6470327,-3.8421931
-168.23033,158.49184,-50.380875,54.14442,-17.754707,-11.227795,-9.714591,36.115646,-2.2650898,0.26024216,-5.8733664,10.945953,24.823854,1.3802445,8.369687,5.378612,-17.588886,-7.3433723,-4.334895,-10.287445
-161.34366,150.42769,-45.327415,51.108887,-20.699211,5.5129724,-18.275124,43.858948,-3.1296132,0.40105537,-2.6785345,4.2397633,28.574963,0.47819835,10.408123,4.044163,-19.599194,-7.171027,0.7525984,-13.47123
-181.29807,182.37329,-53.65468,47.627613,-16.868362,-19.895386,8.006689,30.43834,-2.5686753,0.24670649,-6.7059813,9.703252,25.96936,-0.63338256,5.983377,5.4921927,-14.451761,-5.8528533,-6.7616634,-10.023699
-185.04465,190.31244,-53.034332,47.370934,-6.673424,-16.727627,3.1349711,21.412798,-4.5317163,-2.0452375,-3.339911,14.29862,29.49086,-0.47940004,-0.75545335,7.66509,-7.9493494,-4.573915,-8.607867,-16.144987
-196.31056,188.62958,-55.332813,43.50301,-3.440889,-13.633168,3.0909464,16.238646,-3.4986618,-4.6736374,-2.2705467,15.721224,26.430706,4.638086,6.116363,3.9388945,-11.576885,6.090209,0.28148508,-15.724842
-207.25323,191.11746,-46.923702,44.5867,6.936434,-5.690219,1.0733895,9.591527,-3.8046498,-7.3343277,-8.467481,10.3111,16.218237,1.4219072,6.5164385,4.242413,-6.979307,10.531689,-0.2441485,-9.703777
-247.14923,184.80998,-36.720497,44.09099,13.743656,-4.3959026,13.45443,16.524446,1.4555286,-4.4221377,-9.409513,12.042018,19.36325,0.6617445,3.9685452,3.0223684,-10.594984,2.6741233,-3.0239782,-8.635227
-260.90695,174.11487,-33.789948,48.9218,14.481974,-9.454058,11.555849,17.561504,0.7013695,-6.513133,-9.7822075,16.72491,17.952652,9.189921,13.069342,8.250513,-2.4861374,-3.7259228,-4.2755427,-13.428553
-262.91193,176.2925,-30.42418,46.232933,14.159995,-8.141037,11.990432,19.20689,7.445591,-5.66712,-10.252512,16.45216,12.805239,4.331888,8.824968,6.9448156,-3.6442888,-3.4554102,-1.3433257,-3.2370598
-192.10536,143.73914,-24.767292,45.247574,-22.44278,22.916756,-20.050205,26.84375,5.154063,3.5712314,7.4908934,4.1188035,4.358893,-0.5612674,3.1419804,5.8701134,1.2931454,-5.4423504,-7.5085497,-7.247713
-128.83427,121.83362,-15.304106,51.215424,-43.65216,42.89473,-18.138115,23.219204,-25.917896,-12.57988,0.7634098,-2.7613544,-9.081183,6.386725,-2.7849758,6.836343,-2.153926,-1.036785,3.1572332,2.1271927
-169.55492,163.41495,-41.914818,55.64518,-5.3033876,19.748938,-16.210144,6.559705,-16.489418,-22.190937,-17.59071,-6.2048016,-1.568837,-13.518946,-12.774075,-8.625891,-0.45933694,5.2791376,-3.8758028,-10.077014
-175.96161,158.82983,-64.90214,57.926826,0.11135626,2.993107,-4.164383,0.8963428,-16.192356,-15.925781,-11.050872,9.364671,2.6155927,-11.10261,-11.1612,-13.264698,-14.562355,-0.2143197,-12.43153,-16.055141
-184.82693,161.53525,-65.03294,61.231686,2.4007893,-5.381219,-4.335151,-5.773278,-15.957523,-12.937626,-20.675577,5.7686653,-0.8649745,-18.886189,-7.1686707,-12.709459,-14.578375,8.8371105,-5.1442842,-14.652924
-193.66063,154.23264,-71.45332,58.996315,3.1180384,-3.413744,-1.0727713,-5.2189207,-24.636341,-24.492805,-26.593494,2.015566,2.2605414,-16.4656,-3.4550762,-11.52663,-17.751024,1.9214704,-11.485833,-24.620264
-192.52188,150.49652,-68.61107,68.18161,0.5863383,-5.4284997,1.2545233,1.3800795,-17.314007,-19.721298,-24.27536,2.0949888,4.798487,-17.02483,-5.6083746,-11.84359,-12.359449,4.4306593,-1.3847814,-15.15482
-190.59174,151.3441,-67.63422,66.08201,-5.3769073,-2.9390955,2.7216663,5.566731,-8.445725,-22.491413,-25.864447,5.330268,7.54204,-16.895374,-3.5267653,-8.544623,-16.356487,-0.34221613,-6.9191575,-17.297464
-198.73593,144.03314,-62.01462,67.49608,-8.15624,-0.13021135,1.3592964,1.5265839,-11.113645,-26.438599,-34.4701,-2.2305257,2.416463,-17.44528,-2.471216,-8.126497,-10.5711355,4.281003,-5.4093018,-18.319637
-197.65295,147.4511,-63.02932,66.50316,-1.5735021,2.1629703,-4.5434327,-4.830873,-20.292057,-20.526007,-21.773624,-2.767986,1.422503,-21.063553,-1.0056655,-5.7908535,-8.42729,9.929226,-2.4156737,-19.535347
-187.3668,146.54984,-65.25922,62.033653,-9.458156,1.887955,-7.442856,-5.1786575,-12.856464,-16.078514,-16.526041,3.7553093,-3.4514008,-24.292427,-5.846408,-9.557028,-11.7401085,4.968197,1.7107301,-9.6645565
-163.75964,147.89165,-66.16225,64.368195,-10.047398,11.203218,-8.965163,2.943429,-10.754132,-14.561137,-9.643878,5.0149903,1.2676599,-11.206006,-3.9384944,-10.035574,-9.664242,-1.4538324,3.2853255,-6.5091257
-142.91489,122.160355,-46.24592,68.39136,-13.73387,27.423143,-16.599892,15.197401,-16.308151,-12.48007,-3.1723373,9.951073,-4.2824583,-3.6834078,-7.778712,-5.0431952,-10.136614,-12.094759,-2.1304169,-9.399204
-170.58217,150.66574,-59.517845,69.034195,-6.496662,7.1375217,-7.7816296,11.714125,-2.3456306,-13.444254,-6.8512154,5.3952894,-2.8175263,-14.8437805,-8.028664,-8.496829,-10.768972,-6.099387,0.64792156,-12.544901
-176.60896,156.17096,-65.7267,59.517826,-5.785541,3.990528,-1.1734385,12.621927,-5.676027,-19.147583,-16.07749,3.2290764,0.96589905,-15.288582,-11.16593,-13.646923,-11.571013,-1.3734668,-4.6047206,-17.344936
-189.47047,157.41417,-64.154205,63.28938,0.6761786,2.7830157,-1.8345573,6.902406,-13.697441,-22.33501,-17.972202,-0.036212325,2.4655793,-8.764687,-1.2189642,-17.964117,-16.382675,-0.6839951,-6.2007446,-19.184166
-199.80486,162.30621,-59.423332,61.65473,6.0028715,-0.9755446,1.2474723,2.6059146,-7.512919,-14.236048,-19.074715,1.4447291,-0.54264617,-7.52155,-0.3470378,-13.406784,-18.120792,1.6535442,-5.369953,-15.082542
-212.33427,163.92061,-62.954437,56.953026,8.891721,-5.368155,-0.5230895,5.818062,-8.81662,-20.217827,-20.934984,-2.477639,-0.37489054,-14.604876,-4.3261313,-9.173279,-14.472023,0.34023675,-8.175738,-17.229925
-227.10674,161.79465,-56.691322,55.99774,16.909195,1.0239327,9.613644,8.899208,-14.738509,-24.498554,-22.900005,-1.4850472,-3.504056,-12.017284,-3.2037983,-3.6176982,-6.1966496,0.15442541,-10.759648,-22.480068
-227.43495,169.82796,-47.881664,52.4628,9.458595,-4.303932,2.6024265,5.160281,-7.585943,-18.939905,-17.756708,-1.2244189,-5.810936,-9.2899,-4.9668345,-7.7671065,-8.34113,5.9491787,-2.191772,-14.419411
-193.02748,139.30084,-25.252285,51.259514,-13.838011,21.138374,-30.529757,23.1011,-15.793699,-19.629597,-5.350309,-8.106717,0.88892365,-17.643208,-13.788099,0.9154203,-6.7119675,6.9608707,7.1714544,-8.327383
-141.38383,105.41574,-22.315254,69.08682,-49.449867,36.71719,-12.369631,13.154824,-15.389661,-1.8454041,-6.8165216,-2.9045563,-7.48543,-7.9114494,-9.221474,6.059573,-9.449242,-6.070329,7.264106,0.80142987
-103.799324,93.44275,-43.680534,69.05089,-55.54658,34.196877,-11.380167,7.2554526,-16.469044,15.435627,-18.874718,1.0439371,-7.621681,-8.781814,9.665476,6.529765,-8.634563,-15.111234,0.35457337,12.596754
-160.25499,94.70494,-22.906116,85.0092,-43.89351,32.480385,-8.592023,5.697303,-12.601578,17.963589,-20.809254,4.544503,4.104769,-10.25808,6.404781,-13.760225,-2.5391824,-14.462132,-3.7231398,8.01321
-192.02338,99.329025,-28.243736,79.64551,-29.197445,28.75275,-14.863429,4.758486,-14.863398,7.17494,-16.562046,-1.0001944,0.5191264,-16.207232,12.115559,-13.072569,2.227566,-11.763187,-11.212312,5.1743393
-232.20572,113.765015,-28.624035,73.045,-14.79652,27.69094,-3.2055082,-2.5994825,-6.9488907,0.14350784,-12.781555,5.0096474,-3.2312577,-18.216908,3.4211338,-18.058537,-0.97554684,-6.1483736,-7.637318,6.4149227
-254.21368,125.285126,-29.394978,66.16026,-0.7193568,20.932682,5.4262047,-2.2397008,-9.4416065,-0.92182755,-2.830458,16.952095,-0.31992018,-15.064174,-4.3902884,-17.360731,-1.9591945,-0.4792444,-4.380459,-2.2625155
-254.7184,130.15639,-30.629292,64.098564,4.029759,15.598726,-1.889607,-4.126271,-9.349207,-6.5707417,-9.515782,14.935749,-2.356836,-10.369208,-1.3490576,-21.28175,-2.614451,-2.7007353,-3.630075,4.3943176
-263.84198,141.32268,-26.751389,56.879303,1.1148612,10.685923,4.501944,-2.3159118,-2.744872,1.3617364,-7.3962183,12.826411,-1.3200035,-5.9619412,-0.85136926,-23.315632,-12.472516,-2.7048843,5.6266584,1.2515936
-270.58777,140.67343,-33.438545,50.303005,3.0435934,1.6511936,0.020616293,-0.348333,0.04047519,1.9325011,-0.9647222,17.482666,-2.2190957,-3.9477131,3.331468,-16.756252,-11.470909,-10.428705,-6.2795463,-0.6790762
-265.18137,148.24937,-37.151047,48.7278,6.5211005,9.747021,4.7947793,0.55787444,2.6783834,-1.2050976,-6.512278,0.8380581,-9.141202,-8.981775,-8.430147,-16.637653,-12.7497225,-11.6952305,-9.97988,-0.908242
-254.85661,156.20786,-40.595238,43.0861,-8.05777,-5.589012,-4.2331004,-6.0736938,-4.8262815,-7.7646275,-1.7815578,5.5336447,-13.363614,-13.144951,-6.3984776,-11.323783,-8.381273,-8.66193,-7.455049,-4.31783
-156.33636,153.45627,-49.6223,49.818718,-27.495571,29.447542,-9.863876,-12.716827,-26.03212,-18.645103,-2.0357566,4.858634,-6.8095813,-4.037265,-5.155665,-15.934678,-8.718731,-1.8546543,4.912752,2.396799
-187.25887,130.60948,-12.55034,41.747845,-24.66423,52.452015,-28.964054,17.030846,-11.154846,-21.903053,1.2181574,-2.4201307,-10.231534,-0.09087307,-2.6315029,-9.126937,-10.845524,-12.342272,-6.235178,-5.528413
-233.08084,129.13385,-20.930515,41.584686,-12.044342,39.45192,-18.250462,6.4381247,-13.665014,-25.794395,-4.8047028,-7.17715,-6.95084,-2.8919992,-10.851109,-6.962034,-13.396616,-4.7762785,-0.7228937,-9.323607
-264.26135,143.70477,-26.16432,42.15805,12.155824,29.150599,-8.129639,-0.94096553,-6.166072,-14.413375,-3.1505594,-3.0865653,-15.96183,-6.026606,-7.308052,-10.6425495,-19.03341,-5.2730064,2.1114056,-4.080088
-280.5967,153.74388,-19.253971,43.864677,15.566921,11.235027,-1.3013277,4.1313987,-5.0295043,-14.949087,-6.0494246,8.534298,-4.894181,-5.403171,-14.68443,-16.036734,-20.786419,-15.166735,-6.4439826,-0.5632224
-300.1752,152.48096,-24.773857,36.01352,18.594654,11.501087,0.39720368,-0.67898524,-7.4469376,-7.9265947,-2.8488927,4.362379,-3.9768162,-7.881111,-17.068602,-15.510027,-13.262161,-13.411718,-8.757325,-7.7467356
-314.0833,156.14798,-13.233416,33.629135,12.312667,0.8369615,5.763189,7.8546476,-6.1388664,-11.848425,-12.0521755,1.3034735,-9.916986,-8.4235,-18.579277,-26.029692,-21.584408,-15.064616,-4.7441573,-4.0884356
-312.53674,154.8403,-15.721725,32.462017,20.45332,9.316874,4.6826487,7.7064505,-2.081346,-5.936554,-9.610112,3.4765544,-5.7868137,-5.2426796,-13.143312,-21.859118,-16.345577,-8.909348,-8.233227,-5.3947906
-285.63788,145.31577,-20.663507,44.997177,11.941326,11.062809,-2.409727,-5.569734,-11.257166,-14.287019,-13.565897,6.1689825,0.42634988,5.3124104,2.701883,-11.356789,-23.115538,-20.227983,-13.842742,-2.1394825
-244.7765,122.4183,-17.86419,51.413967,-2.247406,29.330496,-25.816643,15.924002,-18.557657,-16.448635,-10.520809,-11.299553,0.3064605,-5.8702006,0.5346111,-14.368357,-18.648903,-23.787386,-16.074585,-5.864512
-124.668655,104.153435,-25.923138,61.246376,-31.273445,33.50882,-30.378325,22.465424,-20.15151,-1.7750828,-8.664848,2.9260774,-7.7067266,-4.9343605,-20.572353,-16.216803,-19.82209,-14.357103,-3.5873432,2.2557013
-153.27792,131.38141,-52.12844,77.60415,3.0428538,23.55008,-29.768656,17.233994,-2.3319216,-20.510113,-6.078306,-7.1135473,-8.493263,-7.177704,-17.435925,-16.685532,-28.630352,-17.804585,-8.522105,-4.0151825
-178.86319,111.475006,-64.790535,88.760895,18.334795,17.849964,-41.00463,8.034637,-1.5416398,-24.845675,-9.154422,-19.028912,-8.617796,-0.9465789,-19.384747,-19.75585,-42.307518,-25.440298,-11.901447,-5.6974
-203.2251,97.18156,-67.806725,95.49914,32.971855,20.944588,-40.758137,0.827701,-4.8789163,-20.302544,-1.1778457,-10.623926,-5.362445,2.2901075,-24.306393,-18.424618,-41.587654,-29.288206,-6.822896,-5.605045
-221.24919,103.93509,-77.19808,83.68474,47.904545,20.650047,-35.823166,7.9414434,-0.082627505,-13.4170885,-6.39517,-14.046051,0.34740755,-2.4395325,-24.218891,-10.832123,-26.114712,-21.171383,-2.440082,-4.7092867
-241.59193,126.97464,-79.94691,55.349976,56.169075,34.663216,-22.92244,0.88664615,-0.4695952,-7.744881,-2.3528914,-23.00963,-9.417926,1.4316809,-8.651501,-10.795875,-25.360228,-10.44434,-4.6035643,-7.5363245
-260.1394,135.7349,-51.555958,49.069237,32.234467,23.656843,-14.5906725,3.562213,-6.0180883,-13.04685,-3.2367606,-11.177033,-5.410118,0.88027704,-4.1637874,-8.002197,-22.1708,-15.294161,-16.921692,-15.384129
-286.55933,123.66541,-38.543007,57.42806,27.484867,13.056398,-8.893431,14.402584,2.6921496,-8.569258,-9.580326,-7.637536,0.4456644,9.735854,4.956314,1.137281,-8.811459,-12.6683035,-14.113363,-12.676828
-262.23373,140.41986,-48.949623,44.039116,20.695717,5.516468,-11.572868,19.358936,-0.1981673,-5.243033,-11.02145,-9.93545,3.8176022,-2.5714424,2.3726494,2.0590734,-7.9419775,-3.5540552,-10.675028,-8.854803
-234.95903,161.44038,-40.418495,42.668003,10.652954,7.0906696,-14.133843,12.587772,-10.026294,-14.779459,-16.363058,-18.734695,0.72555333,-3.750019,-2.1648188,2.9684594,-7.2775564,-5.248142,-3.297543,-9.5637
-181.73862,179.20657,-32.887093,62.690216,4.0987782,8.37336,-6.5574455,11.826258,-2.1486778,-14.878077,-24.14948,-17.508219,-12.3306055,-2.1814756,-3.330914,-3.509128,2.3278317,-2.02115,-4.3062387,-4.823342
-157.6398,179.0613,-48.652863,57.21839,-9.433727,11.371478,-5.074643,3.7714038,3.635375,-9.356918,-25.229504,-14.8295555,-1.8579116,-0.7485479,-7.7069445,-8.0437355,-17.669842,-15.866891,-4.4577885,-0.4944154
-153.91345,144.52194,-45.30148,66.00186,-9.0801735,35.78195,-18.897915,7.454436,6.138978,-30.54401,-23.45846,-1.9366711,5.6994047,-2.6385498,-21.855896,-2.7310352,-8.462599,-0.09055072,3.2954478,-9.296512
-161.05988,125.73009,-61.80797,70.90724,6.2603836,46.249763,-15.534609,5.8199596,-4.5740194,-33.93577,-23.621864,2.413326,1.9504509,-5.9788146,-10.258611,0.521083,-7.708776,6.455146,3.4542842,-19.615274
-155.41144,128.45985,-68.53003,68.135864,4.793969,44.3564,-26.818485,-0.63172376,-4.8583975,-24.6823,-6.0978312,2.7334757,-1.7768092,-13.095627,1.9763789,6.0239863,-14.23699,4.906599,-11.705206,-21.922047
-164.5634,128.30675,-68.085526,69.498856,9.9863405,37.939903,-28.786327,-3.779675,-10.096443,-23.413273,1.5778269,4.1653075,-5.740922,-13.967113,-1.924701,3.8304484,-17.100365,11.874864,-4.8823156,-21.505344
-213.17198,130.61006,-64.76451,72.79588,20.694336,19.755638,-18.717596,17.177158,12.06862,-29.230103,2.450024,0.8257885,-10.550243,-13.179562,-7.7938776,1.4581096,-18.16549,6.640023,-0.44584575,-13.848717
-235.23857,132.84106,-60.43168,81.15555,30.919533,17.829964,-13.452086,21.216473,26.668453,-26.22829,2.9934378,3.7806036,-4.0230827,-8.920598,-9.415669,4.8313665,-17.76772,5.5708323,8.184546,-8.7224045
-228.64006,124.67169,-71.31229,67.832245,22.500214,16.168554,-16.460793,15.012306,17.59468,-29.203865,-3.564073,6.528246,-8.333578,-13.374732,-13.685207,0.89502394,-18.796051,-3.959724,0.8049491,-7.289671
-195.5073,127.69107,-76.2325,67.81271,18.063002,26.127169,-20.04633,-1.3627242,0.6889378,-16.834064,-5.814329,-0.34288627,-13.987076,-23.819656,-4.216173,1.8440834,-11.257984,2.2963388,3.3744767,-3.9343119
-88.73238,104.72228,-66.40677,74.05498,-30.023464,31.643208,-43.848114,-8.28767,-17.91768,9.069212,-12.149533,6.841628,-4.2342353,-21.8168,-0.035651177,-1.7787645,-0.13812739,-5.8898926,-2.625793,3.675373
-69.644684,113.445786,-62.011745,68.98288,-26.84267,46.214493,-24.96239,8.402521,-11.995057,10.463894,-9.4605465,15.669214,0.17641902,-2.709705,17.220488,3.6089263,-11.170588,-2.8719175,-3.5271163,-0.81540537
-85.364975,122.23781,-67.87247,64.7125,-25.04908,35.326134,-26.049671,22.696001,-12.709429,7.6387763,2.1443462,17.02261,14.175861,-9.602559,4.4449253,-9.604223,-15.511604,-3.5224888,-11.841452,-12.502688
-124.60651,149.67938,-73.48338,50.717815,-16.796339,7.2693,-19.287252,41.600754,-4.9185967,4.421317,-2.880771,8.697591,28.032398,-13.111031,4.6530337,-15.476593,-17.277084,16.709282,-7.4919233,-14.846301
-131.72151,163.80487,-73.16489,53.508217,-10.996203,1.2600224,-16.652832,36.13246,0.0013782382,-0.3363163,-5.3879395,6.3794465,28.510036,-13.474783,4.703969,-9.26461,-28.914883,14.435314,-2.8769674,-17.735188
-134.58133,165.04736,-77.501526,51.31347,-15.189842,0.6140263,-7.384969,35.897346,3.8686285,-5.545826,-9.513387,6.7019057,24.801575,-9.858189,3.4006498,-5.498679,-25.917397,6.10411,-3.570685,-15.972807
-140.76515,156.13434,-78.71483,52.074814,-14.925686,11.189543,0.64716125,25.831425,2.2544484,-5.3454328,-10.052691,7.6290846,16.36807,-5.640662,1.142511,-5.828223,-19.151188,1.0053897,-4.609198,-14.679368
-146.33789,157.37015,-77.50801,50.997578,-15.367477,9.8466835,-0.21030873,25.089943,1.4291184,-8.329935,-5.6935134,13.830608,18.88163,-6.837245,3.0639572,-1.5218637,-21.131376,-2.602273,-0.7663939,-8.958719
-149.12746,160.88293,-74.64263,48.763855,-16.540611,-1.9959421,-3.4405427,33.870583,8.867835,-1.2917566,-13.228014,7.2196856,16.269688,-8.787409,5.3588896,3.1936183,-23.660782,-4.842783,-3.5635812,-14.806622
-146.29507,159.741,-73.87534,50.346214,-17.899784,-7.2135134,-11.186449,31.329477,10.617404,0.5286859,-13.685774,6.1579323,13.637995,-1.4596655,5.596177,-0.10262561,-15.405467,-3.826895,-3.0208817,-16.61571
-147.69443,156.4276,-73.37824,54.617767,-20.715683,-9.524695,-11.011203,32.78898,15.71983,-3.771491,-4.8574214,14.877967,13.585505,3.4064665,4.5157127,-2.3504872,-13.736431,-6.7905226,-6.028761,-13.582825
-143.21645,154.5648,-78.88772,55.781563,-19.66956,-7.164283,-5.3639894,30.553118,9.45541,-5.6739874,-12.255526,14.94973,15.042876,3.508148,8.259048,-2.4917083,-15.233158,-13.0504875,-7.9051666,-11.72995
-147.43555,137.8812,-72.13562,60.53591,-26.571854,5.87844,-5.0301385,35.715263,14.962997,-8.245704,-5.4988813,11.726475,8.788435,4.6431985,4.9777765,-0.87435967,-15.73012,-17.393528,-6.136559,-9.519092
-137.01454,122.95488,-70.848366,56.99412,-32.970108,15.707829,-16.374426,35.758926,14.46222,-13.570148,2.2626996,10.786039,11.564922,11.385784,-0.5297992,2.9449964,-15.034121,-15.884065,-9.443275,-8.906254
-156.3027,140.99414,-73.25647,59.9103,-24.776642,4.11814,-10.199659,26.860912,13.3080845,-5.2406178,4.057793,15.893511,25.115225,6.2358303,5.9532194,2.82131,-19.948486,-9.96471,-6.842511,-8.286819
-167.74403,145.9802,-78.682526,57.34216,-21.201872,-2.7015352,-10.081512,23.152729,18.695978,-2.6979258,1.2483598,14.010894,26.612982,7.203896,4.89372,-0.40930057,-16.71124,-2.3042662,-6.697382,-11.206161
-193.05742,176.21109,-57.666077,33.73734,-27.198368,-16.848698,-9.811519,21.090158,20.472088,-4.9418488,-2.0273623,13.435766,27.700039,7.4184837,3.9477553,5.0286975,-15.717843,6.630827,-5.262323,-10.053061
-214.17413,174.16678,-59.291317,41.993027,-6.3090577,-10.645514,6.189204,19.398388,11.986625,-10.519129,-9.803394,13.950827,22.072296,6.3112288,10.290008,7.9450235,-9.346281,4.8619165,-10.422955,-9.551315
-217.25502,164.12541,-65.20336,42.941067,-0.9489056,-2.8205535,8.622985,21.571823,14.8571205,-6.2986064,-2.7804294,15.96908,27.079065,11.449905,0.36743677,0.2312843,-12.650373,2.592908,-11.314947,-11.814888
-224.37338,166.69714,-57.97936,49.853573,2.4359915,-2.529806,7.4100485,17.256184,15.190833,-10.334518,-9.556558,7.6180124,10.755934,3.9669678,3.9142568,0.9887602,-18.59036,-4.332655,-9.391684,-8.911343
-215.49977,169.7524,-60.4758,40.54308,-6.465966,-10.80033,-0.22517705,12.557505,9.599063,-8.318093,-11.177397,6.261801,6.125622,-10.14379,-8.460683,-5.844153,-11.088266,2.2596884,-10.875738,-9.850529
-142.73611,132.94655,-48.5098,54.21786,-36.165894,19.569176,-18.208628,14.557291,-10.174852,-4.461441,-13.966892,-10.70623,10.723772,-0.24754274,-8.659524,-5.8742685,-17.07396,-5.3901186,-10.197395,-9.330913
-119.67945,111.57686,-50.920372,63.25286,-20.491447,27.604939,-39.185913,32.113106,-15.0446615,5.4241047,-15.920691,-17.945938,3.5814805,-5.8292923,-10.055885,-11.561451,-16.466698,-11.012635,-16.660383,-13.356985
-141.75092,104.325195,-84.6211,63.99472,-8.820695,4.9584947,-33.986305,30.551418,-14.657881,9.391176,-21.724133,-24.17107,15.438736,-7.2392254,-6.8184533,-14.709871,-18.647587,-2.7898843,-20.814785,-18.011162
-167.46288,113.449844,-85.59896,68.02858,-1.3160888,-3.6653614,-38.418938,9.501137,-12.749348,2.717539,-19.971512,-21.683807,11.537079,-7.868725,-10.336234,-21.37645,-21.2904,-9.201327,-20.350847,-12.799882
-165.19542,106.96875,-78.1384,75.692,-4.276791,5.9079695,-38.408333,11.220968,1.1505674,-0.38664794,-23.5807,-23.990747,4.437971,3.416274,-5.9427004,-16.541525,-15.412382,-19.597424,-13.229119,-4.280203
-166.15831,110.91696,-74.91365,68.33561,-11.826605,1.3685696,-36.874447,8.995948,8.890774,-0.62788105,-23.378887,-22.213295,1.4534461,10.455378,-9.723957,-18.360472,-16.448666,-15.743095,-15.387915,-7.325544
-176.95236,115.70047,-83.391754,59.199738,-7.474008,5.464533,-31.831705,4.858989,1.326559,-4.005034,-19.474937,-27.401796,1.9527606,6.0251007,-12.388581,-15.078282,-24.859335,-20.06244,-14.943699,-10.850611
-200.39749,124.161194,-79.15449,46.172096,-1.2578737,19.681244,-21.396622,2.5595179,-1.7926902,-8.228595,-0.7063533,-19.097824,-0.9882954,2.6791341,-16.877981,-7.3809805,-14.567427,-14.23942,-20.588154,-15.095308
-220.9467,137.18076,-71.87393,42.62195,-2.632373,-0.8839937,-22.625412,8.763458,1.2980679,-15.005821,-13.956842,-21.110039,0.6333366,4.3025804,-14.628891,-22.267384,-19.410742,-9.492155,-16.190514,-18.2102
-229.23566,145.34146,-64.89723,40.060406,3.8309174,2.0283918,-10.575237,14.664051,2.3275266,-8.585607,-9.632386,-14.082062,5.977874,6.4016614,-10.372009,-15.99288,-21.160759,-8.537832,-9.840059,-10.722979
-204.53285,155.35422,-55.171936,46.638535,0.8375274,6.9387555,-1.5182287,24.110027,7.4462824,0.5845994,-8.212927,-5.480253,2.0924718,5.1810045,-9.570599,-12.093953,-3.9836822,-1.39032,-3.4487672,-14.91786
-168.59343,158.10294,-41.577698,52.08481,-20.504154,4.1250043,-19.945705,19.363428,13.963121,8.087244,-7.506608,1.0354025,1.8936261,5.72382,-0.66007626,-9.692322,1.9167981,-3.694993,-8.133605,-20.690928
-143.0636,123.87169,-34.477722,59.936306,-33.52141,13.843672,-29.963696,30.444923,10.440722,-7.527664,-22.78006,4.488174,3.259068,12.158201,-3.7067537,-13.278712,-7.5304785,-18.336735,-9.908465,-11.551657
-159.366,147.05449,-56.872124,61.543385,-24.411068,-0.10276425,-12.455521,19.990856,8.713915,-6.31779,-14.166732,10.980072,12.343716,2.8154933,-2.1986852,-15.378002,-5.205248,-0.3672222,-10.309305,-22.173845
-151.91527,144.09854,-70.31616,54.519115,-22.61737,8.981504,-17.500368,10.30686,3.0829935,-7.441429,-4.151654,9.719811,18.990353,2.1648083,-5.7530603,-6.923209,-18.52061,1.1247178,-9.225959,-26.269218
-148.3205,141.47627,-61.16716,54.520767,-26.692165,7.9351025,-29.971779,6.160643,-3.5050104,-3.398436,-5.539226,4.830777,8.621197,-10.8875065,-8.694239,-8.073457,-10.264189,5.8752985,-1.6862149,-22.542534
-149.77449,130.46875,-67.11132,57.865448,-21.937836,19.601255,-28.111404,0.45270705,-4.0446243,-0.3249172,-1.7827829,6.8456926,10.55735,-8.742203,-3.9149709,0.5128573,-8.295914,3.7269976,-6.72476,-24.403141
-147.68369,130.38123,-70.62753,66.23067,-14.863036,20.781761,-21.680073,-1.2219423,-13.416962,-0.6927068,-2.4586773,-0.05891476,6.3896112,-9.627799,1.796665,2.99185,-5.635947,-0.28426957,-12.419577,-22.776386
-174.983,127.8589,-68.190895,77.75177,-1.1815237,17.65313,-13.585375,6.398094,-18.957127,-18.101414,6.2042136,4.083737,2.29786,-7.4565883,3.1738162,-4.8631234,-12.265604,1.4235328,-9.757527,-19.85265
-175.96698,111.836685,-65.143814,88.85462,-11.859755,11.178486,-15.534901,15.809756,0.56808543,-16.760643,0.67292726,18.653687,10.900373,-13.0572815,-3.900659,-8.899174,-14.706001,-14.403793,-17.476868,-20.105145
-120.476814,93.02257,-45.5147,88.22389,-37.536034,19.419147,-24.62802,18.772432,-7.3933473,10.738454,-6.761298,23.89193,1.9480016,-24.177925,-0.9535644,-7.687332,-0.24517028,-7.0628114,-9.373713,-14.011755
-94.123024,109.71799,-72.23183,71.94093,-29.663876,34.96563,-14.051255,16.24223,-11.749488,7.7096605,-13.838794,9.301405,-0.58879983,-15.382977,9.3485155,-11.089581,-11.799264,-9.481304,-11.80138,-5.5449295
-97.15127,105.00839,-54.742737,67.44203,-28.056995,42.406395,-34.698605,9.155516,-14.543293,2.9493065,-7.4245834,8.238192,0.24414086,-11.783766,0.6924927,0.9060545,-15.025616,-10.140936,-13.534066,-12.957977
-126.76762,140.35837,-65.01903,58.429375,-18.120813,22.68887,-30.847261,6.2293854,-6.71414,-3.804657,-4.002937,3.8021507,1.906611,-12.930942,0.104733944,-2.8582902,-12.488562,-4.2110476,-15.03705,-23.42387
-150.32841,140.3219,-63.711494,61.510708,-12.090019,18.264961,-27.541939,5.818559,1.7031128,-3.058097,-2.706842,-1.3697994,-1.7889664,-11.050478,-7.8095074,-5.5583105,-15.7641115,0.8569255,-7.014313,-28.060438
-152.54193,141.80884,-59.47559,66.965416,-14.661635,15.677416,-24.330761,11.299557,1.1606271,-6.2151265,0.24255395,3.4258943,7.8640456,-10.836292,-13.154296,-9.962426,-6.1571207,13.01397,-5.7372675,-27.204124
-158.03897,136.43625,-62.238083,60.582893,-20.838839,12.388378,-23.093277,16.895527,2.9037702,-7.085285,-2.6960135,2.0779572,6.4360046,-14.411264,-10.50392,-6.946821,-6.766564,11.453678,-8.094435,-24.78474
-158.84236,136.15863,-71.70099,52.66925,-23.375696,7.9552975,-13.081697,23.252804,4.8620334,-10.125568,-8.009651,10.931597,8.640167,-11.601997,-9.95835,-14.347891,-11.980038,1.353376,-20.708447,-17.25536
-161.71443,135.92194,-70.02451,55.671143,-21.211262,4.3089724,-16.728003,14.184102,-1.356766,-9.721916,-9.338947,12.473316,7.01228,-13.696321,-11.325581,-14.211982,-12.665716,-2.7719522,-19.408104,-16.176384
-156.36192,130.84048,-72.18674,59.582897,-23.807632,3.4695024,-10.524214,22.811275,1.1103997,-12.925857,-23.679815,7.3294683,4.8144207,-9.530678,-1.6814244,-8.398565,-1.0860413,-2.7210152,-16.536182,-17.361078
-146.25502,132.03458,-72.194916,60.053513,-26.242737,2.9172993,-13.02172,20.906742,0.55003226,-5.9625072,-15.73811,13.672634,6.689844,-10.955511,-2.663288,-9.110712,-8.623062,-6.9025135,-5.0132484,-10.832551
-134.16017,130.10602,-69.92233,63.224045,-30.617165,8.971253,-23.386072,10.144867,-9.666189,-16.198227,-7.9585247,20.424463,11.442341,-5.064784,-5.6697903,-13.394157,-6.553876,-1.4187293,3.3897076,2.8328357
-115.73442,138.98062,-60.383987,60.91545,-33.635796,18.060654,-19.938791,7.7719965,-13.824888,-15.524818,-14.569452,14.975179,8.233155,-7.189793,-12.884884,-15.873306,-12.712163,-1.3021002,-2.238199,-3.3674998
-145.74915,112.88628,-64.088715,55.23268,-39.94413,10.667063,-12.934457,20.939545,-6.513953,-11.665188,-17.585358,14.797134,9.76116,0.66730905,-11.900663,-6.405878,-2.6269498,-2.2189837,-9.849863,-15.531816
-151.36298,116.82631,-65.011566,63.516205,-27.883602,15.362682,-10.890031,22.21133,-5.1535873,-12.839298,-17.197752,10.542109,13.182601,-6.207393,-12.494145,-8.0834255,-3.071865,2.5763888,-11.398747,-20.851192
-157.0718,117.88336,-63.608406,68.26741,-25.201042,9.133952,-12.442545,16.892502,-2.1753848,-0.89428425,-11.556791,11.407369,10.762926,-9.631495,-15.753927,-16.393785,-13.966941,1.7296484,-8.663757,-21.824024
-154.62169,129.51414,-66.20634,66.43149,-26.117325,-0.08049512,-13.615449,16.78087,-7.469804,-13.698923,-17.591244,17.754969,24.660929,-3.6250243,-11.70574,-18.95596,-9.664208,10.360045,-10.252525,-27.337902
-170.80963,153.85295,-58.09501,58.61557,-19.782291,-2.2413526,-10.872647,15.829273,-16.362782,-21.516167,-16.06316,0.78915405,26.161,-0.2670638,-10.011095,-24.085579,-2.313021,28.69158,-2.5921392,-20.683834
-234.36153,144.65,-61.8872,51.81819,-1.0735831,-1.5855865,1.642355,10.149781,3.8076298,-6.3840847,-9.040386,7.234625,13.888751,-4.8717527,-2.3999605,-11.00615,-8.597601,8.323054,-16.399837,-16.381357
-230.1207,146.23999,-60.537346,46.150112,-8.816826,0.065508306,0.7791736,7.99769,5.6182613,-4.347432,-6.231069,3.7823534,8.382035,-2.2878392,-1.4823306,-5.7782817,-9.669796,3.8614173,-11.646364,-14.101768
-201.04997,156.86667,-52.601074,55.44541,-4.3320065,11.237961,4.515318,20.692371,15.773743,2.768562,3.125702,9.782276,4.90081,-2.9950786,-3.4602382,-6.023014,0.21310681,10.628588,-0.594759,-10.380907
-155.94617,126.96919,-31.118921,63.230385,-18.751112,31.467127,-20.528793,23.922758,-3.8442986,5.504026,0.16679284,7.6879816,4.631339,-1.6307427,-8.092907,-5.590443,2.4116387,-1.3318161,-5.4484215,-7.677347
-113.73724,142.79141,-23.241997,61.18067,-17.741173,36.60546,-30.581842,18.964783,-16.055544,3.7772233,1.5586681,3.8546953,-0.49621147,-0.7335893,-13.436844,-13.11655,-13.252666,-4.427695,-6.941729,-9.348045
-156.71431,168.05542,-49.220894,51.96084,-12.607176,23.907885,-4.300269,12.789884,-4.329694,-3.6950178,3.2113879,5.353134,4.733137,-6.1746225,-11.846905,-10.32448,-4.482774,-0.17722268,-5.0408916,-15.84241
-157.5733,168.71208,-60.64425,49.67776,-2.3414369,18.781292,-10.353186,6.4583807,-4.0782638,-3.3821816,5.1397123,18.550562,15.668261,-9.559326,-16.642143,-9.384242,-9.264471,7.3443727,-3.0094879,-20.528175
-155.57031,138.52176,-67.515335,58.9222,-5.9118032,22.843416,-20.021088,8.347777,-4.7738094,3.6206176,14.026002,19.211323,14.303825,-9.188805,-7.640834,1.1321962,-7.3392954,12.931956,7.102357,-26.797287
-151.84837,130.08582,-65.010864,60.753098,-10.748299,29.129305,-21.823734,10.875109,1.5942159,1.4327927,5.9399743,15.296755,11.072586,-7.096811,-0.7477641,4.171911,-7.9043884,10.329242,2.6864657,-26.625677
-154.37805,124.27956,-67.14352,58.42389,-14.762913,33.86257,-24.508894,8.876442,-2.0220802,-0.5166737,3.9266994,10.462821,18.776407,-9.505354,2.0935616,10.489342,-5.6437197,11.206,2.2726068,-23.296453
-154.99837,128.78983,-64.62462,57.93092,-21.075733,41.14886,-22.626202,8.671465,1.7944616,-3.784594,2.4639874,2.2186892,19.793423,-11.791077,3.388904,13.026502,1.3358512,15.80346,3.265369,-19.854145
-192.51208,148.1765,-55.638,46.12784,-1.274541,39.99661,-17.42903,8.773325,3.8521185,-10.962281,6.6330404,4.7523274,17.730085,-7.1050987,-7.2177234,-0.15550566,2.0115361,15.786194,-5.6708565,-18.252241
-221.49007,143.78911,-51.78813,48.171997,2.3860931,25.165707,-8.051954,8.651941,3.8296037,-6.920779,6.5871468,12.176662,15.762144,3.1293547,2.816641,5.428939,-0.81173396,8.121096,-5.650876,-16.320017
-196.09218,150.23895,-47.018955,49.283554,1.7608241,27.00357,-21.779095,8.473877,-8.083996,-14.366543,1.1743544,5.1589813,11.445089,-4.117176,-6.109832,-2.9182205,-0.30232918,9.239317,1.224198,-14.319891
-134.97069,158.50424,-42.859707,57.65238,-3.1743937,39.991955,-31.92287,7.598075,-15.102772,-6.3050714,4.325446,-7.6372614,6.2376313,-4.449931,-8.640633,0.7624458,0.12312323,3.4261713,5.226008,-8.8233795
-142.40976,150.6894,-40.91633,56.491432,-11.69304,40.902588,-42.22734,7.4706025,0.86120534,-10.224399,7.0222144,-4.9878807,2.1113625,-7.2430167,-14.356487,4.0023065,0.753656,-4.2439833,4.2598667,-8.043091
-155.90846,152.20264,-53.88505,46.326233,-1.7470374,42.133873,-43.195816,0.76926947,2.339726,-3.9781828,8.941574,-3.459503,6.3019333,-11.360961,-7.28847,11.655246,-6.3748684,-3.9312203,10.011382,-11.678539
-166.84924,149.78665,-61.691338,34.45263,3.5049133,48.410892,-41.640015,-2.8328023,1.5078361,3.8838444,9.846405,1.1128392,6.912553,-23.143932,2.8842149,16.403255,-13.273565,0.2425288,16.305107,-9.194569
-189.60764,144.45853,-65.25607,29.622435,10.232073,47.439316,-34.11019,-2.8828416,-1.33015,7.04325,9.599729,0.25152314,13.517429,-15.404473,8.139335,17.184763,-21.367088,-10.458027,8.435873,-6.3189125
-225.4348,150.87033,-59.159035,30.260118,20.762886,45.64631,-13.30328,1.7761927,3.2136052,8.579394,14.170767,-0.55424607,6.276787,-14.106609,7.324218,14.187841,-18.886171,0.59873724,-1.2970319,-9.409498
-253.1882,155.16507,-50.24054,37.055984,20.917397,26.587566,0.2804944,2.4958897,-0.7184581,4.6114144,7.6967936,5.0743914,6.77528,-9.056017,4.1610494,8.456235,-9.060249,5.3523893,-6.084767,-10.159002
-249.43384,154.91774,-49.057335,34.501648,12.029864,24.83901,-11.777031,-6.3381824,8.578741,7.655314,13.918718,5.391609,4.810032,-4.957752,3.0733206,16.985624,-2.157002,6.2351217,-5.6821847,-16.788582
-252.55876,148.06647,-53.116318,32.447124,10.664915,23.168587,-9.809157,-5.4869637,4.909202,2.9823184,18.96198,15.829509,13.647422,6.729904,2.3536808,14.132183,-0.7290728,8.443174,-4.878995,-14.760235
-172.81194,152.62961,-57.46032,59.934303,8.277895,31.93594,-24.465195,-6.208451,0.5316102,0.21797329,-2.6581042,-2.6271186,4.9342527,-11.556593,-3.5268035,2.2692509,-7.464247,-4.02389,-1.6415557,-6.4482775
-64.04984,99.97453,-53.754593,69.8007,-35.625282,41.132835,-28.547897,3.1390717,-23.270836,19.72037,-14.276348,9.271984,5.1684914,-2.2767653,9.308292,4.385078,-7.1557484,-5.0599113,0.4384222,7.6740227
-76.26819,109.04384,-59.357285,63.39892,-32.035355,44.160187,-26.029419,6.9235897,-21.66888,15.9385195,-12.318626,15.732765,13.064598,-2.5832338,11.018018,0.10226989,-1.4714286,-10.277667,-6.214631,0.07571572
-91.12891,138.74442,-66.12964,56.327816,-28.745049,35.36168,-20.804974,12.993277,-8.334143,10.216766,-5.5591063,23.515005,24.364601,-4.782789,5.588031,-13.052748,-3.1192129,-8.689955,-6.7384143,-8.107068
-138.55287,141.30077,-60.544163,55.57522,-22.286106,26.921871,-16.691204,14.950644,-0.6334065,0.4921953,-7.781679,21.143463,22.862885,-7.2001843,0.3358034,-20.916945,-6.540966,-4.3028197,2.9240415,6.2876997
-150.82909,154.98425,-67.25453,47.74109,-21.99587,12.63451,-17.544256,11.149675,-3.1396065,-12.654774,-7.5703917,13.841446,17.269808,-5.270752,1.1973743,-12.670491,-9.852901,-13.075626,-3.5597255,1.1893364
-149.71768,166.79712,-65.78881,46.905846,-20.492847,6.441131,-10.315901,19.079405,10.168428,-7.7711945,-1.8678622,20.844622,17.058224,-2.233583,5.4391923,-0.40148973,-17.17018,-11.062519,-3.1622837,-5.2300677
-159.60085,164.52971,-65.607574,51.92889,-16.28476,3.5744462,-6.730732,22.188866,10.976362,-13.529872,-0.463912,18.997004,12.842734,-0.84957683,4.687149,5.130223,-17.073433,-10.928293,-4.6508136,-12.4882965
-168.6637,160.53867,-70.98645,53.876205,-11.765601,-2.224384,-11.182004,15.239616,8.013858,-14.877268,-5.863661,10.998705,9.698452,0.23082352,3.2595093,-1.9919093,-27.70999,-13.153466,-0.8686497,-9.158173
-163.5469,161.31685,-72.4746,55.156433,-12.83778,-2.0064986,-2.1918492,21.29499,9.955959,-13.396468,-3.337281,18.016651,15.914318,2.2090611,3.1551683,1.6248012,-24.342733,-7.60398,0.20035231,-8.865812
-166.23111,160.83594,-66.010666,57.40346,-17.851585,-5.746886,0.532336,22.062035,5.298936,-13.475594,-3.3521228,16.284966,9.252953,-7.6001883,1.4408774,8.777149,-15.545248,-7.174126,-11.176853,-11.023478
-167.43369,159.48706,-73.03474,54.836998,-20.408327,-8.485989,-3.037467,21.338867,13.821672,-8.614454,-5.8920407,10.576641,12.3896675,-6.005085,-1.7063236,5.5672874,-13.769304,-1.3084109,-3.7622073,-11.614341
-161.64653,166.4993,-65.35962,52.669125,-21.180374,-8.644747,-8.075302,21.005419,8.705393,-5.2612977,-0.49490428,18.465647,17.206442,-2.7074394,2.5332353,2.4263544,-10.578167,-6.67037,-4.6030216,-13.018543
-141.77574,135.86346,-49.533356,57.472126,-26.559822,6.5321603,-21.964346,32.148457,8.373192,-9.051781,-7.268247,19.197823,10.88092,5.010832,1.3387134,4.3728304,-12.355866,-11.8671875,4.641858,-13.388342
-143.23242,147.48232,-55.729446,51.46228,-24.144022,3.8789692,-18.760714,30.353104,2.5135522,-9.457424,-3.2012315,19.037151,13.143932,5.313838,0.96614665,2.4267175,-11.965156,-16.289509,-0.87036705,-14.253666
-159.66829,168.28748,-65.34691,50.30992,-18.327078,-8.244796,-10.813262,17.37724,4.211296,-14.648729,-3.8678854,19.820955,20.058683,7.4658546,2.477146,3.1978204,-11.5216875,-9.796922,-3.128644,-16.562204
-166.35109,175.85028,-61.013214,51.458656,-1.9964918,0.73538333,-16.112638,8.53924,-1.9780335,-8.7263365,0.75131214,19.881962,19.574078,1.2823325,5.043946,4.2356086,-8.7644205,2.7918215,-3.5073552,-17.502792
-192.44102,180.03735,-56.64672,41.46016,3.9948254,2.2127943,-8.28573,7.551222,-7.394993,-15.746986,-13.405531,8.170374,9.719501,-8.051924,5.159407,5.9046392,-5.6824284,10.463058,-4.023316,-17.741796
-251.88007,165.52194,-56.294304,26.714245,3.1221619,-7.2109747,-1.9471309,6.381771,7.7509375,-2.8617342,-9.9495945,9.317482,11.574873,1.7714963,8.710781,0.71163523,-21.119812,-9.254646,-10.831243,-15.673629
-246.82634,161.87439,-62.505676,25.555424,-5.3430347,-12.687728,-3.3680487,-0.07954237,-0.8875049,-7.294289,-9.118919,9.18037,10.236034,-3.17129,1.8979429,5.0138073,-12.777563,-3.2915862,-2.2021224,-15.233209
-231.26698,151.3819,-68.50268,26.284729,-9.643488,-8.45421,-8.165057,7.7719707,5.703004,0.19542718,-2.051579,0.46494067,-3.1226163,-7.693847,2.1580534,6.705057,-12.5278845,-6.542342,-9.375897,-14.669214
-218.95905,146.61407,-59.08477,33.35713,-19.672504,-10.830099,-24.230618,9.674016,2.8548832,6.767996,8.054161,-2.4187694,-1.8968275,-12.995047,4.2669306,2.9098127,-15.222979,-14.00989,-14.513048,-6.9763536
-137.09898,92.648506,-33.193913,48.59812,-53.858303,29.339308,-29.960173,23.879688,-26.481361,-11.5255165,-10.8631935,-1.7923082,-3.2512345,1.4357235,-0.81999534,-1.3241519,-7.2231817,-6.766874,-14.678255,-6.007242
-127.76817,140.20863,-42.356815,59.050743,-23.55333,34.5732,-18.017303,12.464415,-17.179775,-23.17524,-23.073746,-2.6734288,2.8419652,-6.414154,-8.695173,2.0073342,-2.5109768,-0.20861328,-11.229648,-24.563473
-164.45001,131.28705,-76.681915,49.73281,-21.67155,11.705481,-21.09197,-0.34899044,-14.048685,-19.003307,-18.50761,3.1483016,3.3803368,-17.123339,-5.9957323,-10.644377,-8.500692,-2.9688528,-17.941948,-23.280426
-179.5265,134.19444,-78.696106,57.04308,-10.576826,10.984879,-10.095179,-3.8268893,-13.74224,-18.235752,-16.119202,-1.1628671,1.1446971,-16.410118,-1.5903211,-8.473969,-11.026026,4.5641594,-16.718954,-20.57684
-183.64064,138.08344,-73.94586,53.427998,-16.121923,-3.2501957,-18.465345,0.84301734,-15.557794,-14.887417,-15.411167,0.09036255,4.837761,-15.796741,0.56927884,-13.909731,-10.297926,5.7990217,-9.5669775,-17.176504
-189.36627,131.87097,-72.79608,55.981617,-11.56477,0.5774085,-11.226614,4.6503143,-14.531424,-13.98157,-18.428867,4.2338266,3.7794673,-18.338432,-0.3713603,-10.175943,-8.031795,4.5399127,-9.050978,-18.51273
-196.41794,136.73537,-71.6633,59.57837,-5.9109135,-6.6998663,-15.290363,2.1272008,-23.757263,-14.019665,-18.887375,2.047276,11.946203,-19.991468,0.5554614,-13.995615,-15.213659,-0.92505765,-11.965929,-17.313686
-203.50206,133.32614,-72.201126,56.175804,-3.7827907,-9.4748125,-16.020388,2.2304099,-29.197453,-15.985691,-25.326,2.3663142,16.165882,-20.401627,-0.57670665,-18.194952,-17.190117,0.72626376,-19.12808,-23.345356
-193.63774,141.53284,-72.43857,50.753418,-6.2361617,-3.591011,-10.337747,4.735064,-25.889086,-11.420326,-19.421282,2.2398684,13.934998,-14.046041,6.4813867,-7.2269783,-6.208413,7.9025326,-13.203121,-24.001858
-182.57422,138.0617,-73.0427,50.412613,-19.008945,-3.778939,-12.868295,4.579632,-21.396774,-19.404182,-21.740608,-5.9703593,-2.8311658,-17.407772,-2.459909,-16.254627,-8.748346,0.5669161,-12.344802,-20.331131
-165.3775,141.99683,-60.652794,59.8796,-14.797123,4.4729433,-13.959677,16.804014,-6.3129377,-13.688211,-12.919768,9.2242775,-2.210844,-13.98449,-9.2839985,-15.016284,-1.6001934,-0.99605083,-6.5774097,-23.227318
-140.90302,115.7065,-37.67591,71.067184,-17.328283,32.088394,-29.43977,21.724411,-3.6125476,-8.647355,-4.6168365,11.243706,1.1375085,-3.0009246,-13.672851,-6.868206,-1.5175283,5.071881,5.1874094,-16.99504
-163.57495,145.02267,-48.580544,66.497055,-9.273383,14.085463,-15.857764,13.953737,-6.4244056,-7.9716444,-0.62549317,11.396242,1.4974331,-13.810492,-12.098902,-8.512351,-5.1223097,2.6231718,-5.9327374,-24.687634
-184.03125,153.24847,-57.4763,61.914677,-7.471593,-2.8128567,-3.8723702,8.421143,-8.337158,-11.979044,-13.636983,8.23268,1.9750559,-12.572734,-11.0855875,-12.158253,-11.624295,-3.0066123,-7.7010446,-21.099146
-193.15396,153.85168,-58.057823,64.55715,4.2471066,3.458692,-0.14500189,7.751985,-8.637363,-10.400038,-11.826538,10.646183,6.312257,-11.61571,-8.371704,-14.801092,-11.720331,0.26171255,-9.379712,-18.824192
-192.6205,156.84778,-62.55047,57.82453,-4.4517145,-4.755883,-3.301674,2.1170745,-14.4989,-10.71209,-12.034302,5.9068174,-1.5591419,-22.60287,-13.429152,-16.331459,-2.9784272,4.28426,-11.935197,-17.610703
-201.46355,158.38892,-64.927,51.962597,4.5821767,-3.655717,-0.66814065,2.7838602,-17.34087,-9.250744,-13.404007,4.0964985,1.2047187,-18.757994,-13.181305,-17.536917,-8.558106,7.1360645,-12.220554,-18.412838
-223.33614,157.68158,-56.534542,56.148415,17.833607,-2.8505297,-3.3146856,-0.27946866,-21.28881,-15.682381,-15.860976,7.27372,9.322266,-14.11595,-9.728188,-9.339895,-8.891844,1.8200947,-13.185507,-20.97485
-234.22726,157.01645,-60.68965,49.796455,17.282862,-0.7299413,-1.4090939,1.4142056,-17.929379,-16.379343,-18.837326,3.395965,8.092088,-10.900567,-1.6356612,-8.332727,-7.9450684,2.2302442,-14.565889,-28.151016
-239.25185,167.54742,-45.976936,39.108307,-3.689842,-5.049827,0.994426,-6.3497887,-4.2986035,-12.763971,-16.23056,8.973358,1.2256432,-2.6187186,-7.3853955,-12.224922,-12.593117,-5.579158,-8.921693,-19.15897
-171.92235,143.03497,-40.259468,35.527397,-26.154816,25.501884,-25.472393,14.231522,-6.059249,-7.4326963,-2.8798614,2.914773,0.4219345,-4.529071,-3.2746096,-7.7560854,-14.486407,-8.648003,-7.1166644,-5.435715
-110.92964,92.622665,-42.277905,55.924942,-57.966293,41.855892,-7.9047,19.818378,-22.174149,4.597126,-10.887524,1.8816954,-1.5511823,2.505356,2.9841428,-0.871981,-18.599354,-19.197382,-2.6338844,-3.0396972
-142.1945,81.44264,-41.80282,74.373856,-47.243195,35.634277,4.2481866,11.94177,-29.467733,11.586725,-20.027792,7.9879184,4.227687,-11.135318,1.1964647,-19.759552,-13.054704,-22.780205,-12.912321,1.5105412
-166.36333,83.16104,-38.316147,81.05005,-38.759983,30.295238,-2.279768,11.827382,-26.558922,8.153845,-17.803164,5.5294046,-0.44683322,-16.161518,5.224848,-22.056973,-11.946635,-28.663334,-22.752384,-8.236172
-207.89403,96.81033,-36.03727,76.494125,-19.30155,29.19307,0.07368231,17.577469,-10.846609,1.7874072,-24.963173,4.2423353,11.01011,-16.246458,4.220475,-20.508076,-10.607561,-19.73407,-19.797707,-6.423417
-223.14125,118.46799,-31.64169,69.94783,-13.395569,21.55739,0.4079135,10.2971115,-5.5889373,-8.13467,-20.204275,7.793738,4.417963,-13.492286,0.4605788,-17.078201,-4.1115656,-9.5093,-19.943388,-2.8505528
-243.69043,131.38196,-28.162277,61.11879,-10.449211,11.919697,4.4420147,6.2911205,-3.0054076,-6.696352,-16.684204,6.85633,-5.4224367,-8.607338,3.4365304,-13.959207,-4.377663,-4.3632927,-13.1796465,-5.225442
-250.82385,139.44067,-25.574654,60.941315,-6.6164303,7.7125945,-2.434173,-1.8351922,-7.4845166,-12.200766,-14.446449,11.925802,1.6621914,-7.2590985,-1.3057199,-15.644581,-4.5538983,-7.4090185,-9.335512,-5.190811
-254.83296,145.57889,-34.534584,48.474945,1.9532664,7.306007,-0.4656434,0.5018594,-7.290495,-14.897173,-16.218416,8.012241,-4.7242336,-6.373929,-2.0639954,-15.034336,-12.027012,-8.814789,-11.763818,-8.444288
-258.9349,150.10526,-40.96992,46.858093,13.633514,12.821671,6.362144,0.1308035,-7.8448877,-8.42408,-12.373165,3.8767962,-8.54777,-7.3161345,1.2255974,-5.9617453,-9.456757,-11.3239155,-7.4222903,-8.898426
-232.10304,162.03525,-50.555305,39.801575,-1.3022552,0.7398123,-4.702676,-5.550907,-1.2471131,-5.4703937,-3.8200111,2.0517323,-7.1057653,-9.168076,-9.742977,-1.9662391,-4.596505,-6.2041864,1.5839009,3.7746902
-153.97824,154.81317,-47.445396,40.269333,-41.092133,10.595251,-6.580315,7.3245735,-23.845856,-7.9176445,-3.7754455,-8.669224,-8.756555,-9.151698,-4.6074524,-3.984985,-7.858055,-6.991688,1.1604593,-5.8048887
-181.69894,111.190994,-12.424883,40.05336,-45.481705,39.423264,-31.68014,10.509345,-17.652275,-17.79414,-5.42856,-5.36318,-10.2807865,0.937773,-19.395111,-5.8389006,-7.330203,-12.377615,-10.242341,-13.573008
-227.58499,117.882385,-27.030453,40.90136,-20.460373,27.079187,-31.358671,6.691929,-18.461983,-13.14937,6.0607266,-2.4266882,-2.29722,-7.569084,-16.15595,-5.750577,-2.3923855,-4.97957,-3.502142,-11.330227
-263.53528,141.95273,-27.208141,37.377403,-2.9202213,3.0784328,-20.482254,0.45636582,-13.244902,-18.614214,-8.253972,1.698784,-0.39492214,-2.5056534,-13.053661,-9.458744,-12.695951,-8.685926,-6.0887346,-8.393799
-291.3934,149.66779,-22.4286,36.899895,10.155816,-2.7332468,-16.76502,-11.87155,-14.706711,-13.938015,-5.7744274,8.756483,-1.3867269,1.522377,-16.659025,-14.794039,-6.7314715,3.1887105,-1.1723665,-7.400367
-303.1768,146.7699,-24.488094,38.62976,19.675987,-3.0054176,-9.394321,-1.0414233,-17.445358,-16.81586,-7.5091095,12.164081,8.017289,2.65088,-14.051418,-15.442083,-6.0604463,3.078052,-1.6140574,-7.856986
-305.41574,145.20259,-26.165138,31.825207,16.526556,1.2845573,-2.9346952,0.8560824,-14.522319,-14.51429,-5.101899,18.582424,9.325233,-3.741955,-17.753689,-8.948471,-4.1806912,-2.947151,-4.4350305,-6.361831
-310.5451,142.32315,-25.812714,30.811335,8.828084,-3.399497,-2.5010138,2.1186426,-8.554071,-4.0617723,-2.6431658,12.768229,8.715272,3.3129284,-11.818664,-13.480711,-9.88058,-0.438704,-3.9852302,-14.55794
-301.50272,128.6364,-34.346996,40.471657,8.156476,2.2166045,-8.634433,-6.5979457,-4.788669,-4.82209,6.7016506,11.212161,4.5452266,3.6398559,-22.004728,-12.437506,-10.429274,-5.810297,-4.134577,-3.9092078
-246.84511,102.03377,-54.222664,69.43196,-7.354438,-0.0035215914,-8.219334,4.701293,-6.1447697,-1.5463786,-3.7614238,8.505227,7.35755,1.5214148,-7.1952066,-15.273434,-10.992417,-5.521741,-7.2755632,-8.55998
-93.71791,102.32767,-38.357254,83.55073,-34.916374,30.227589,-6.71317,25.346596,-29.341703,1.2693472,-7.6697154,4.3412123,-14.556472,-4.8368483,-7.093774,-11.037252,-25.928488,-17.099136,-2.17473,-0.74148023
-139.40224,112.30269,-54.64817,85.84168,-10.997799,25.595196,-2.8116915,33.50863,-7.1507826,-0.93001866,-13.4561,-2.01794,-0.16318083,-10.697602,-7.056899,-9.901967,-15.838141,-15.31579,-7.4525285,-5.211167
-178.62079,137.08173,-72.62581,77.25377,25.612736,21.159796,-11.085106,15.286802,6.6591825,-9.0001745,-19.373684,-9.609678,1.1342483,-14.419409,-16.94708,-13.596899,-17.898438,-8.832713,-5.72859,0.71366465
-199.99084,135.6583,-69.89206,78.274574,39.45613,27.083973,-17.67588,19.56874,28.607922,-6.3055973,-17.192022,-16.620022,-6.6058197,-9.048788,-14.750538,-17.142689,-18.864592,-0.92131805,-10.357367,-1.0983897
-221.7242,138.35286,-65.34848,72.18321,43.328346,30.022999,-23.503819,11.441366,25.399586,-5.046991,-8.382221,-20.433987,-2.4408736,-0.75930786,-13.078455,-13.188276,-13.160553,3.9749699,-9.29419,-10.0264015
-235.53339,153.38031,-50.915253,65.74718,40.895447,30.234274,-6.748926,5.1136227,5.4859576,-3.1645432,-6.793158,-16.480862,-0.90712667,-4.5384235,-10.825275,-11.833647,-23.327576,-4.0041375,-5.514186,-9.733808
-260.30475,150.57687,-44.903442,62.43525,38.74858,20.547264,0.1851294,8.766268,8.927893,1.7548466,-13.721605,-14.23985,4.4172106,-1.4123024,-13.489485,-15.26117,-11.644902,3.9251275,-6.814637,-19.93186
-254.20834,151.0398,-41.68155,70.677185,35.245296,13.1954,-4.823669,10.632826,13.8839855,-3.7793903,-7.247998,-7.4674826,1.6556154,4.2149506,-17.19318,-18.605093,-10.398336,0.4769734,-4.9866514,-20.375904
-260.0149,149.78711,-35.963593,71.13196,33.907173,16.581026,-3.2399497,6.3199797,18.978199,-3.6844893,-11.988081,-6.2756634,-1.9121795,6.6548243,-11.687239,-16.898388,-13.808262,0.62373513,-6.4514275,-21.449217
-258.18515,145.78406,-44.19803,68.74933,27.733437,12.24758,-4.198886,10.237799,20.161123,-2.4034894,-1.9193945,-7.8679247,-3.7919323,4.6362667,-14.384222,-12.634802,-15.632326,-6.4522448,-5.757909,-21.234848
-198.49042,151.5338,-34.75435,71.8918,1.7220039,22.384674,-10.316281,12.709385,-2.2679014,-10.144991,-1.6694542,-5.919187,8.163597,-0.34394628,-11.863518,-19.404953,-17.425098,-5.3576107,-1.3792138,-9.871033
-168.54059,162.69293,-19.699532,65.7025,-18.239853,16.174778,-19.904251,25.066566,8.135302,-18.414036,-7.9431744,-10.824073,-18.383198,-2.0408292,-0.99323136,-6.366002,-13.060932,-16.31017,-7.1894283,-18.63742
-178.5827,166.08829,-31.835302,59.16171,-12.227518,10.637749,-11.529818,23.88739,4.1366987,-27.92433,-18.204208,-3.8892698,-12.226509,-1.9647268,-1.2607791,-12.201753,-28.598953,-14.0611105,1.9807439,-20.658802
-184.29039,160.81204,-48.523476,54.251152,1.651382,17.34234,-17.408276,15.399096,3.3562565,-29.577631,-7.5074472,4.581005,-5.5251245,-2.343052,-16.868366,-16.335165,-19.848347,-5.988183,6.6313696,-25.018578
-183.17828,155.41077,-56.20414,54.654827,9.548298,27.653389,-17.408905,5.875985,1.58617,-22.469315,-5.053618,2.3024337,-8.0194645,-5.1519337,-19.74872,-12.86322,-10.389648,-4.157062,4.3390393,-24.102722
-190.522,156.35579,-64.63347,50.943443,17.95683,25.697165,-20.560287,0.5108354,-7.08251,-9.270367,1.531596,-2.152823,-7.907898,-12.388107,-6.1078286,-6.4552593,-8.663374,2.2880855,5.4785132,-24.37973
-199.76959,161.6987,-62.99798,42.798405,21.089354,29.787697,-19.59977,-2.692762,-4.31536,-0.6904224,-0.23577881,-9.74873,-7.503469,-14.35891,-2.4702466,-2.0721807,-15.021523,-2.8761334,2.65426,-19.007015
-218.65405,154.99458,-60.323418,48.204437,26.060413,37.521767,-16.371216,-10.52106,7.487073,-10.071274,-5.1429067,-11.187786,-16.948328,-14.53761,-7.844164,6.6348324,-15.556811,-15.410291,2.2108512,-4.8933406
-234.76929,154.44803,-59.95105,44.98407,25.199392,38.576298,-11.32802,-14.987167,7.447686,-13.770528,-2.508955,-14.690322,-19.76679,-10.090914,-10.344481,8.461725,-13.272878,-16.245613,1.028698,-0.25334948
-239.83357,153.40593,-56.253235,52.381416,29.954342,37.450474,-7.5824127,-8.122332,0.6826831,-22.874168,0.24759299,-3.6599407,-6.366119,-11.025982,-19.042503,0.3034516,-15.963735,-14.569105,-6.264043,-8.197946
-162.33899,131.97324,-38.493576,59.000153,-18.285452,37.511597,-20.746635,9.600147,-5.794854,-8.989242,-12.342331,-4.5267897,-2.8885372,-4.86389,-6.0824027,-7.416041,-6.887627,-5.4365807,2.979979,-6.669815
-48.412827,111.77278,-42.400753,56.78833,-50.52906,43.915092,-29.883564,21.931458,-11.290942,10.157616,-12.845607,17.466454,5.873132,2.8706646,2.8643737,4.368486,-3.1369536,-5.087123,0.34157225,4.922827
-86.342415,118.58627,-45.76908,69.102875,-41.39235,27.243752,-13.287217,26.460197,-7.8801365,9.555067,-15.193594,26.060558,10.320278,-2.5298903,9.213459,-3.8954167,-2.9550066,-11.233095,6.4946556,11.030882
-122.320625,130.36636,-50.892197,69.11433,-30.586456,13.029416,-20.080229,22.15295,-4.6447496,4.112504,-11.768021,20.187132,9.861296,-3.404978,13.979928,-9.424137,-5.633842,-7.6349177,5.178554,9.366117
-147.74722,149.33228,-52.31642,66.85903,-24.253578,6.4834223,-16.35183,16.469524,0.6077144,-9.057714,-7.128294,19.200657,6.784184,-10.098578,9.914015,-8.809156,-8.558379,-6.342844,2.0648475,4.8931847
-165.02003,158.14398,-58.595528,58.84024,-19.76551,0.91880643,-17.669872,14.363527,3.3851178,-18.491787,1.6208445,13.59451,1.5193421,-9.206451,9.864059,-2.2580304,-16.900288,-5.1190567,-0.2578665,-3.9121802
-172.11237,154.09125,-66.05443,58.750328,-16.692322,-2.4579635,-11.100294,16.40375,-4.8226295,-20.341818,3.707257,13.012882,3.616518,-3.4024725,13.142917,0.26001072,-16.973389,-4.4539156,8.994732,-1.4281197
-177.11342,162.43817,-67.038605,54.520065,-14.032044,-7.125682,-2.3899949,16.677738,0.3674892,-21.74004,-4.6903753,15.217544,-0.9517392,-5.3554015,16.907417,8.243625,-18.64365,-9.861265,-0.8043201,-6.9977474
-185.72623,166.39919,-69.11338,58.294342,-7.064917,-14.34535,2.5287275,22.29083,2.6592357,-22.957111,-8.353091,12.476824,2.4181137,-3.9542603,8.322943,-2.5679474,-20.939886,-10.496552,0.18547082,-7.0610714
-182.82932,181.81158,-73.42446,54.072536,0.35829985,-25.890793,-6.0020013,19.272839,7.092369,-10.393661,-8.584577,7.9919934,2.5403776,-9.341511,9.870636,-2.118589,-23.20198,-6.5936246,-0.14732736,-7.6993523
-186.39021,183.86751,-79.8975,47.333008,-0.93817604,-32.25501,-2.4898815,16.80859,7.6145277,-3.6904714,-10.70182,7.0989265,1.223156,-16.656834,11.538488,7.7500486,-22.206884,-5.600523,-3.7999165,-8.033841
-174.9589,174.53256,-77.534256,55.260567,-8.732,-32.91544,-7.2217364,16.84251,4.5371327,-4.866722,-6.1477118,11.539249,1.1820395,-17.401527,11.842272,11.827917,-23.233906,-9.729952,-9.946971,-11.840765
-146.5656,152.1806,-60.765533,61.16481,-16.790148,-12.959816,-19.66484,40.28701,-3.3554702,0.94227797,-4.287053,2.9043567,5.5254683,-16.270832,10.590233,-0.19164374,-28.906185,-13.767721,-8.180903,-16.187305
-147.70464,145.02203,-59.544975,59.272346,-19.967777,-5.294378,-15.429087,38.486046,-10.904893,-9.915407,-9.595148,11.228992,9.311257,-19.58105,4.982286,-4.919114,-33.211002,-8.716246,-4.9141784,-23.23402
-152.17365,164.78006,-78.0757,65.08675,-9.2882185,-17.505886,-7.9683437,21.904202,-11.9240885,-14.0221615,-2.4049423,8.8126135,16.537113,-12.969121,1.4902372,-8.076487,-31.066458,2.3799286,-1.5562203,-16.546875
-154.49623,165.1043,-79.60185,62.43772,10.763458,-3.652087,-17.83503,15.053482,-19.14899,-9.581511,-0.23869705,9.539862,25.551926,-17.57301,-6.389946,-6.9509068,-17.002956,12.907761,-4.293164,-21.71679
-184.2632,167.59457,-58.252316,55.61874,15.189951,9.055511,-13.146243,10.603275,-19.354086,-7.473665,0.47336814,1.3991576,9.847621,-14.323862,-5.0688324,-7.057072,-14.464631,7.695284,-9.903038,-20.318184
-244.73195,164.67523,-43.334187,51.453487,8.9623,-4.454561,-0.9708139,15.223337,5.88762,-8.103759,3.9082499,11.110083,2.1202145,-6.11207,-1.1713295,-0.12151748,-17.797325,-4.7506294,0.2749356,-12.632992
-253.54518,161.01462,-51.836937,52.53434,16.700363,-7.160989,6.5304956,16.562313,14.35472,-6.8319635,-6.1346393,10.338142,-4.1802273,-8.313072,-3.3172116,-4.2379937,-10.384872,1.0952005,0.50791514,-3.5375605
-216.69539,125.87165,-54.976044,68.798904,-1.5802835,9.442968,-2.2318988,23.404259,5.370546,0.4570521,5.3186917,5.590428,4.7827415,-10.294991,-6.9557924,-7.372574,-10.810467,-6.1176047,-3.8220496,-1.359263
-158.79398,94.4789,-61.24421,91.6267,-24.385595,4.6710787,-6.037527,27.409948,-12.133511,12.513483,8.4812355,7.264104,3.0485406,-12.029581,-2.819464,-5.9706993,-5.382953,-2.6310847,4.763195,-5.5532293
-104.024345,85.66052,-64.990326,82.41527,-31.662292,14.293576,-25.691978,29.059666,-18.113098,5.3356843,2.250594,9.474762,7.1284413,-0.94962466,-7.3549824,-1.0173689,-10.464174,0.39418843,4.290592,-1.6387982
-103.74921,117.01778,-51.953644,66.29852,-23.1196,36.45957,-21.225626,28.713978,-17.485952,-4.990332,-9.3921,-1.6828173,3.6817226,3.9784646,-1.5217308,2.3401797,-5.606659,-6.3980174,2.8621862,-5.632759
-164.69121,138.06924,-65.43173,68.0387,17.285263,17.7513,-27.941334,19.724716,10.662357,0.29935232,-11.99159,-13.2509575,10.9859085,11.767686,1.8763057,1.6042132,-14.853938,-4.025404,0.9195566,-7.7666154
-184.48805,137.2695,-72.837685,73.100174,33.978516,18.754211,-22.78389,9.528572,8.072411,8.561013,-10.727003,-10.5197935,8.634968,9.596603,-3.3212566,-9.468383,-9.795366,-6.1031437,5.659334,-3.37956
-189.10251,133.80685,-72.36804,66.359695,22.44011,24.91042,-19.823608,11.963448,4.861945,3.4093368,-7.612478,-17.677206,1.0634067,1.1012794,5.3126807,-3.4987397,-7.194726,-2.4379656,3.3440886,1.4307446
-196.82643,147.30145,-59.01594,58.312798,9.049447,21.340176,-6.2640705,14.188543,-6.294126,-12.291249,0.27268898,-3.3537564,7.5730114,-3.8556676,0.071541294,2.3435018,-8.151424,-2.4111614,-7.3101306,-7.4667077
-220.58768,150.92795,-43.98661,68.33809,10.589916,10.742178,-9.030062,10.504589,6.287428,-7.361084,-9.442967,-11.647291,9.686451,1.2571161,-10.09927,-2.6467862,-10.100743,2.2163868,1.125143,-14.866739
-237.5092,141.1838,-49.23012,64.17099,7.186777,9.95822,-4.8290157,9.842396,13.34491,-8.931683,-14.598787,-12.061785,3.8156495,-2.5000472,-16.58254,-6.4673786,-7.2491407,0.48922586,-8.354665,-18.973953
-242.62299,129.1883,-60.614136,56.548363,7.2812347,12.877192,-13.062628,-3.5978794,-0.7655301,-18.715755,-10.3885565,-14.315981,-1.1512436,1.2088609,-20.990656,-15.273589,-21.478954,-9.903183,-10.174879,-20.75227
-229.2131,131.96341,-64.9042,54.071083,-2.6400313,1.2305895,-29.153614,-8.291574,5.5998497,-17.850456,-8.1972275,-14.479079,-6.828003,-2.4668248,-23.029121,-14.682951,-25.082256,-16.303356,-14.643097,-26.137413
-201.77722,161.49763,-44.43686,63.177357,-7.120063,-3.2503939,-19.469864,2.297176,18.761492,-4.064142,-0.66053617,-8.490409,-12.546772,-1.5912431,-14.110775,-10.152164,-12.607628,-3.9090402,-8.308429,-20.481823
-148.045,165.418,-43.30226,46.70575,-31.298576,5.7348948,-23.448421,18.665941,11.454758,-3.9008336,-10.51498,-7.256585,-4.334998,10.9969425,5.431543,1.4362766,3.0304673,-3.4661813,-4.2355614,-17.380953
-132.63907,130.9679,-31.578157,55.206783,-20.687244,25.632492,-34.585606,32.657745,-1.5101024,-7.612912,-2.502059,8.125086,9.674942,18.9866,-1.4905304,-5.0641804,-3.2958076,-8.695099,-3.0440946,1.5613256
-156.40341,155.8102,-55.646324,59.735153,-4.554254,16.591984,-25.875847,18.10043,4.0619144,-8.788683,5.0889974,3.3135624,5.737991,2.6686342,-3.6692271,-9.646333,1.3003154,-4.1259217,-7.9578085,-7.8064466
-160.87244,150.40765,-59.967056,58.875797,1.084581,19.950077,-34.615883,6.703597,2.4625483,-8.284752,9.237484,2.7317486,3.2778478,6.365773,-2.6925879,-6.2847624,-0.53926134,-2.2226152,-13.9929085,-12.604391
-160.01318,151.9018,-61.423973,55.81967,4.0920725,23.453217,-35.387318,8.733957,9.46476,-1.0017676,9.895676,-3.2153115,-1.369863,0.8228408,-4.621605,-3.0874104,-3.290111,0.74667895,-3.1343584,-9.634418
-167.47046,140.94815,-63.758278,66.50392,13.89481,26.759102,-32.678898,4.0939293,9.7536125,0.17243685,4.0296173,-4.761238,-6.4920483,0.42549658,-2.2230973,-4.041307,-5.0201693,2.288984,0.7457776,-5.937275
-180.9496,140.82425,-64.265945,59.98841,13.973325,36.45414,-24.750584,2.3098876,16.285786,-0.79466975,-2.5328512,-3.8395631,-1.6066692,2.89114,4.2757263,-0.61520267,-11.748588,-1.5039108,3.4115012,-4.6109424
-214.15128,140.55928,-56.431683,63.460228,25.781244,33.953033,-24.922058,-0.4703763,19.916346,1.8496885,-6.987308,-11.445297,-1.6051214,6.099356,2.701506,-1.8337617,-6.551159,-8.023887,3.4617028,0.5716695
-225.93852,140.53242,-54.78087,68.60158,21.683449,30.482609,-10.388723,1.7261919,9.87219,-3.1519928,-3.964044,-11.843989,-0.75231767,3.7540607,-1.078265,-5.6018267,-1.5668757,-6.6365366,2.8621216,-7.1089306
-112.03011,105.58572,-52.44944,66.43454,-42.088768,32.966614,-14.623239,12.981347,-7.564581,13.726894,-16.945566,0.703814,-9.390512,-3.725197,13.532497,-10.586756,-7.521337,-10.941703,-8.104647,6.3045006
-88.86473,88.366486,-49.70717,74.57924,-37.373135,42.060585,-31.066673,20.800707,-9.487691,11.15658,-17.905918,1.1126299,-0.70100963,-4.2225075,-1.3424582,-4.945177,-7.9197063,-17.394392,-4.6219635,8.187923
-117.48365,116.43261,-38.74196,83.910416,-25.239847,33.10275,-20.745722,18.869125,-2.1018853,12.331755,-15.235109,4.365438,7.18777,-3.0981228,1.5879321,-4.8809743,1.3042318,-12.711573,-4.988586,0.6574216
-144.3781,130.70251,-42.808254,94.38162,-9.401243,13.99094,-20.871367,15.055531,2.8436942,3.3801403,-12.517967,0.8546021,4.6500826,3.6807537,-1.4180759,-14.901646,3.6145668,-9.268517,-6.8587217,-1.8612103
-174.88391,127.672874,-48.7512,98.517624,7.0942893,14.883099,-16.737452,15.970839,6.089115,6.4090815,-1.3051659,-8.204733,0.39046645,-2.897906,-8.666422,-13.38437,7.122776,-4.9424796,-11.214783,-0.051633954
-184.58714,127.77222,-52.219086,100.95971,9.625812,16.285002,-11.868128,10.972219,10.220932,0.577641,-4.2817726,-10.934441,-0.113208055,3.014163,-5.686205,-7.579956,5.5986524,-7.0995197,-14.136101,2.6912546
-176.64653,128.29753,-55.578587,96.96431,3.7255397,18.486666,-5.424259,12.020866,5.6379337,-6.824188,-5.356134,-10.170881,1.3782314,5.955121,-6.47262,-4.423786,2.7639291,-7.2387924,-12.986847,4.51228
-179.25241,133.44734,-55.249557,98.66217,4.7719355,16.7919,-10.928062,14.43899,15.142348,-9.493099,-7.1081824,-12.379601,3.731766,6.888528,-0.047638506,1.3681998,1.417121,-3.9266117,-9.172678,1.0395033
-175.08406,126.18822,-58.761894,105.67834,4.2565413,13.300505,-15.102684,12.979221,18.030254,-8.674324,-8.925367,-14.762108,5.8486147,7.114757,-6.1019,6.1067214,2.0854836,-2.8933184,-3.3780856,2.9323277
-170.56575,126.697556,-57.988586,104.78311,-1.6896513,11.538412,-14.347259,13.21388,18.802288,-7.6425886,-7.3464174,-10.941328,10.845544,6.5668454,-14.699487,1.3927095,0.022974491,-1.1303942,-4.8432755,-6.114524
-163.09155,124.253914,-70.73642,94.27575,-4.1236906,12.922758,-15.342427,10.419265,19.37494,-5.68042,-7.74352,-9.427442,8.036542,7.824965,-11.526411,0.80196404,-2.8798387,-7.4670568,-6.7112827,-0.9404569
-145.86034,135.02292,-69.93171,81.406624,-3.9013462,18.927107,-20.416897,12.751902,13.512222,-3.3004823,-4.720582,-1.8172934,8.948411,4.334682,-10.148884,-6.1137953,-2.427978,-6.0623446,-14.509003,-2.5306933
-131.41736,150.61809,-64.493004,80.722664,-4.538536,23.526913,-12.962582,11.093679,-11.361123,-10.434229,-7.5297704,-10.488752,12.750512,-3.036722,-12.697542,-7.85801,-0.4464345,-4.532565,-12.656278,-2.2519422
-153.88664,120.48631,-64.52086,77.832344,3.9434857,22.195099,-25.018974,29.588558,-1.6301825,12.93145,-7.8071685,-13.654366,16.764374,-10.354226,0.8175175,-1.603111,-4.6200953,2.27246,-15.621362,-8.971111
-180.19435,125.45206,-64.22999,92.82515,14.900812,5.768196,-19.500046,17.323677,6.4051867,19.367777,-15.517189,-19.00243,17.265667,-4.61413,0.38111097,-0.7803035,-3.0802379,1.600303,-2.479223,-3.7636416
-185.66805,121.90315,-64.73536,94.810715,22.294907,14.100975,-19.82312,7.194104,0.7154287,20.81813,-17.75563,-18.391724,21.510332,-4.962944,6.750102,3.8210454,-9.220416,-3.29006,-1.708983,-0.9563101
-194.39856,135.82492,-65.33075,80.791565,32.058968,26.409197,-18.532661,0.3689076,-3.9709663,11.218611,-5.575838,-8.484382,9.5223875,-15.400023,10.036877,6.1063204,-12.039395,-2.9607332,-12.929678,-8.0119095
-224.46042,149.39413,-59.03354,63.288063,23.048138,14.303839,-6.544684,11.1225815,4.0823936,6.938247,-0.6847403,-7.491866,13.847545,-6.6919928,2.874196,8.747693,-1.3292918,2.4329615,-14.448249,-13.10429
-231.44852,150.68483,-48.44859,67.62799,27.4848,17.033337,-1.9343872,10.594271,1.8273591,2.318373,-13.198692,-10.1290455,16.901192,-0.6916931,-0.05423689,6.6671705,2.1823795,4.142585,-15.502626,-12.332285
-206.50897,155.45322,-58.43905,63.528366,25.6355,21.387142,-8.60507,12.337355,-3.3891969,-6.358019,-0.08794993,-2.0961213,8.963392,-8.584383,-3.989252,5.0589523,10.066509,10.785169,-9.996581,-17.133745
-147.37158,161.52618,-66.709015,65.19792,11.364706,21.577482,-25.7697,1.2752329,-6.697239,-17.152576,-1.6548877,12.27235,11.319215,-4.285974,-4.485547,3.8150654,5.3227873,5.04488,-7.6408024,-11.747234
-90.6274,136.91672,-54.601707,54.987167,-21.42608,31.362137,-28.823208,28.89326,-9.597396,-3.817213,-8.831318,12.617146,5.4613705,0.6474309,-6.267678,-11.065829,-14.22048,-9.112488,2.8657513,-3.222243
-106.96058,137.12796,-35.443626,61.507812,-23.684677,31.700459,-28.65092,34.704582,-5.450926,-6.6205635,-7.1377335,13.578007,6.089509,-8.145691,-14.839756,-17.05069,-17.663893,-6.0877457,-2.2678745,-11.432555
-155.37932,157.95059,-56.495934,58.70829,-17.817743,8.7460375,-7.9905457,14.483381,-2.0715885,-11.473785,-14.351452,9.57889,11.267647,-0.9950439,-0.31934834,-10.252149,-15.159351,-11.928415,3.4677265,-4.3815894
-162.85345,159.4651,-62.618576,59.397266,-12.199455,0.053180337,-2.7174487,4.3749924,-2.6310008,-5.725479,-19.740929,13.528051,9.010258,4.868371,-4.974427,-20.576626,-16.118706,-12.973907,8.325409,0.6754025
-174.82452,153.3224,-72.13681,48.312767,-22.730953,-14.582115,-14.179386,1.7824824,0.08744088,-1.6176064,-14.988251,15.541771,9.200139,-1.4590682,-3.5163708,-17.229372,-8.7331295,-8.972157,2.8563962,-2.1966429
-176.7074,146.91043,-73.13837,49.37815,-30.513603,-23.628376,-7.6815367,15.1266365,4.8627796,-4.999841,-24.68087,5.594104,4.333784,0.9469862,-5.025443,-11.187645,0.99548,-9.997953,0.08029163,-6.609488
-180.69061,143.13638,-70.563385,56.8153,-25.51822,-24.306778,-7.489294,10.302801,-3.8590424,-7.617552,-18.145632,13.063632,1.1450925,-5.711717,-7.1451745,-13.545842,-1.7734683,-11.915979,-0.4495871,-7.000843
-177.82765,156.16028,-65.42216,38.434868,-30.322803,-27.30103,-11.111399,18.58363,-8.445111,-9.75605,-18.19347,12.252737,3.6615841,-10.406577,-9.762885,-8.6371765,4.7544765,-12.18032,-3.8208394,-1.4093724
-199.33855,160.22162,-49.256374,40.109688,-21.095772,-14.231284,-4.804452,15.765118,0.66078514,0.021624029,-19.372925,3.146366,-3.7504458,-10.957041,-11.813654,-10.791721,2.8817105,-12.146983,-7.2632575,-8.853358
-216.8179,151.29309,-51.319485,44.412483,-17.966522,-14.322078,-4.5054293,9.789438,0.017990112,-0.5556035,-15.940525,1.9601088,1.6314707,-3.2127607,-13.040725,-11.925802,-5.2246423,-12.599585,1.4198071,-7.6984773
-165.11024,169.7648,-44.369286,46.362648,-19.696327,8.077533,-7.32518,17.67549,3.9035914,1.5702572,-7.366904,-3.0320272,-2.344758,-9.803115,-13.968298,-8.864487,-9.500785,-14.643871,-1.8145033,-3.9195232
-142.98215,171.14561,-44.523014,54.863373,-27.174667,7.6346793,-13.105252,19.38619,-0.7308974,-8.946279,-2.907932,3.5968034,0.6953448,-16.310257,-21.731936,-8.050261,-5.787822,-12.16282,2.8538723,-10.222933
-146.49815,151.14299,-52.155792,57.237793,-35.53848,9.269243,-8.299022,14.617756,2.9035337,-15.226417,-7.842333,13.823024,2.7632802,-8.9779215,-23.582424,-9.25855,-7.012124,-16.19209,1.5782101,-10.036302
-171.90416,142.0281,-53.285645,64.5658,-22.047615,6.8670673,-12.548247,7.7387795,-8.073248,-12.6171465,-3.9292505,12.245417,10.242626,-14.384615,-18.24048,-7.3011713,-8.355393,-5.9900675,1.3648624,-7.8377004
-181.56131,149.7864,-47.48375,59.339584,-13.923999,10.177792,-9.972008,12.111121,-6.536105,-7.1355753,-8.509023,8.887552,6.868868,-22.889185,-14.072615,-10.224597,-4.343088,3.0507762,-3.2874937,-10.329348
-253.50171,150.42969,-39.453125,44.884468,-0.0015761033,-1.1890881,4.2383776,19.521574,3.8554783,1.8586901,-0.02849263,9.928568,8.282572,-10.485691,-10.747351,-10.196362,-6.8893256,1.2013447,-2.994134,-6.9080243
-263.3653,160.87395,-43.81125,31.724361,-6.487991,-15.99803,3.8134995,13.605895,11.824579,3.9779403,-3.882194,8.579426,8.595576,2.3005009,-8.518585,-6.4733167,-5.9330854,0.82350063,-2.5169683,-8.339892
-263.51288,158.32114,-45.40573,36.577507,-1.68959,-10.547831,3.6107163,8.433422,8.480139,1.3939178,-2.0303764,12.778324,2.7481894,-4.9841723,-7.8993483,-4.3929377,-4.6351185,-7.285001,-5.8624115,-6.1871767
-256.20572,161.86504,-49.877384,33.08528,-1.8404813,-10.300121,-2.639564,8.063522,14.421919,7.0193458,2.2336445,8.83594,2.881527,-9.389025,-12.00893,-0.4827479,-0.7088966,-5.757128,-6.152005,-1.9530497
-201.28712,145.74936,-47.14898,52.496803,-11.138778,8.513601,-7.303839,4.2609844,-6.567133,-5.3153152,-13.803013,3.4418626,6.9983864,-6.0438557,-12.7667885,0.6229918,2.181343,-2.6987562,2.5175545,-3.533908
-112.6833,160.04128,-57.391953,36.721222,-33.543987,16.690773,-21.015198,15.905065,-23.311096,-9.181369,-6.023765,8.061748,13.970482,-3.0277853,-0.44149026,-9.154675,-8.328088,1.7184947,-1.4560344,-9.825936
-59.01808,107.55301,-41.04415,63.58712,-52.465446,42.009453,-14.497043,23.108532,-12.202588,16.225779,-17.300644,11.755535,7.4187155,5.9659634,-4.229467,-6.3344107,-9.896654,-8.154701,-1.8764545,1.9173814
-97.836426,123.89143,-43.765915,66.72705,-47.417694,28.185661,-12.113653,24.80616,-10.1009655,9.767932,-23.647034,5.581441,12.9777565,-2.7657208,6.507489,-11.939623,-1.4511186,-14.46644,-13.744334,0.10902119
-126.5898,144.26697,-49.483765,54.897526,-39.78804,18.400295,-13.292801,21.75742,-5.469964,11.83683,-18.458351,6.689784,20.496536,-12.671589,3.0976157,-16.362411,-8.730664,-18.497833,-5.3360276,3.5854673
-153.36664,154.16179,-48.056496,63.106915,-18.560482,11.039829,-8.953428,26.268167,-4.5653024,-2.9846504,-18.66573,13.8979645,17.044788,-18.445644,6.641894,-21.829147,-5.2292366,-10.423536,-7.417839,8.536778
-155.78949,162.83582,-53.257603,56.167282,-21.129955,2.7942429,-10.894161,23.75161,3.9790652,-13.8760605,-14.216632,17.566952,12.763645,-9.3111925,8.1093,-14.995291,-11.582915,-13.233826,-7.242937,7.638117
-163.61026,172.64554,-53.600838,55.63764,-19.673439,-10.811764,-7.5744257,26.67154,5.1987844,-18.012518,-13.376083,15.539396,8.457986,-7.5631256,7.6867824,-3.9411218,-8.386713,-15.83708,-9.687809,-5.3268175
-189.93912,178.04001,-52.54622,55.03386,-10.772323,-18.550987,3.4279635,27.079483,8.332127,-9.998212,-18.733019,14.702265,13.100593,-7.8845725,3.390106,-3.1408145,-7.2967625,-17.17638,-13.9202,-8.422596
-197.32686,182.52399,-55.608173,52.900772,-5.2630873,-29.490843,4.688226,28.07528,0.59063303,-7.004664,-17.441765,14.701691,15.766483,-12.821844,8.453966,1.9685812,-12.281246,-14.216475,-17.410683,-12.5532
-197.52277,183.98724,-66.60747,49.198532,-3.4829936,-35.17365,2.4226804,21.149952,-2.3527296,-4.480248,-12.17971,9.60472,11.525477,-10.275106,9.3324795,3.516155,-14.707787,-10.111828,-9.628478,-12.148966
-188.43318,181.91273,-67.29959,57.47831,-6.684045,-26.529465,3.5311685,16.685575,10.42165,-7.7020273,-9.587252,13.025723,8.709857,-0.5100782,6.666193,-0.06817615,-15.241003,-15.448374,-9.873943,-12.166211
-187.19171,175.88632,-61.641357,58.63071,-9.065231,-23.726757,3.339254,15.16066,12.349248,-11.419994,-16.054407,16.645477,0.6076977,1.7296119,1.7880714,-2.8246026,-11.471286,-19.84433,-5.137085,-15.163847
-161.78656,140.47021,-42.124912,52.437096,-29.43494,0.62824374,-25.034668,29.422089,0.97394776,-14.141043,-12.852493,12.688446,3.7228367,-3.989481,-4.928687,-1.888865,-9.246361,-21.786682,-1.412825,-23.131378
-155.1678,141.75673,-35.10856,49.751457,-33.438255,4.5798974,-28.305923,31.022522,3.2492733,-22.146357,-13.352575,7.0950565,0.5019085,4.989567,-4.3633924,-0.5284111,-10.36204,-18.720654,-3.0868335,-16.361294
-184.18553,168.91882,-48.801666,47.70032,-19.65807,-6.539665,-14.3688755,16.082018,2.7282336,-25.949661,-14.388794,12.114132,9.794626,-0.6193355,0.038226962,-0.1623927,-7.176059,-7.2162223,-0.45120966,-15.960669
-204.44922,174.79404,-49.78643,41.931236,-13.862726,-9.45998,-8.069755,10.652327,-0.32329476,-23.990854,-12.499493,14.396127,16.742565,-1.7869631,0.5852619,5.780338,-13.745421,-7.7039056,-3.4241152,-16.652306
-209.15332,170.14613,-51.69681,48.712826,-4.2226906,-10.109789,2.6687658,9.45092,-4.9304695,-16.11975,-16.454617,13.431271,7.306473,-6.9043026,0.7983677,3.3740327,-3.7231512,2.6027427,-5.135395,-16.119856
-235.48009,182.07462,-35.801315,41.900093,0.9431044,-9.824399,12.113249,10.9574995,-4.455394,-13.025054,-14.819075,8.678357,7.176399e-05,-3.2079692,4.6409354,3.083983,-10.367413,-0.70230204,-10.361889,-20.288376
-261.94064,172.23828,-37.23226,36.384228,3.2941012,-20.215427,0.7427808,14.649833,2.738851,-6.4028473,-8.23331,14.1663265,7.11621,0.6173119,1.6307888,-0.2737527,-10.463041,-14.995239,-8.895103,-7.5404506
-266.43878,167.59865,-39.570488,39.273987,-1.9703454,-25.045456,2.285419,7.2371845,-0.22671634,-11.547567,-15.99366,11.362652,7.07745,5.9531527,4.900248,2.2539375,-6.6813726,-8.922791,-2.2444127,-7.2166643
-247.83769,158.7916,-42.98784,41.616066,-10.206552,-15.449903,-10.814255,1.908078,-0.71218115,-15.158726,-10.604969,7.2890244,0.7510511,-3.632958,-0.8359246,-0.5800379,-1.4049275,-4.6608353,-7.0497255,-0.13195358
-115.21072,112.18724,-36.189285,39.20942,-56.192947,30.89183,-32.850895,13.911379,-23.09574,-10.328384,-4.116276,6.4293256,-2.268733,6.473083,-12.43804,1.593679,-0.7671609,6.0879908,3.9551117,-2.554148
-141.83926,119.12053,-30.580101,50.236374,-37.14689,34.475163,-33.699764,12.889789,-19.61264,-13.922598,-8.687485,-0.5095422,1.2684983,1.1712815,-10.23539,3.5321214,-0.24120057,-2.3549778,-1.5070894,-10.219444
-156.82431,154.79697,-56.06337,51.109673,-14.1563225,12.827383,-20.888031,0.0062170625,-15.819534,-19.510042,-14.90246,4.4593725,8.505077,-10.538551,-4.0101852,0.30405062,-5.568773,13.631712,-2.905662,-12.891983
-183.23729,156.42175,-64.20914,60.031464,-1.7616365,-3.2596264,-11.910042,-10.996187,-22.545341,-18.122889,-18.500925,7.087641,5.986884,-9.677025,-7.65584,-15.264679,-10.3213005,10.07472,-4.206256,-16.27552
-196.62178,151.91225,-70.28992,57.761635,-2.2121193,-12.694181,-2.6200967,-3.073431,-20.35186,-18.993,-28.622017,4.3167505,2.8798122,-14.803352,-3.6429658,-15.173713,-12.830226,10.176535,-8.30135,-21.355991
-204.89117,151.58908,-70.24189,58.75482,0.585623,-17.783577,4.40103,5.321144,-21.432571,-16.669636,-29.859053,3.6775036,4.0966,-17.711464,-5.1090207,-13.5218525,-7.318796,10.534571,-10.165823,-19.626713
-208.48018,153.01964,-69.18428,54.977165,5.3688645,-11.302442,3.462709,7.716463,-19.562454,-8.951506,-31.158428,-2.2863517,6.3996606,-22.919958,2.946238,-7.5315223,-8.933084,10.07067,-12.370475,-19.529694
-208.75226,150.50839,-67.715256,54.499413,-0.36753285,-8.913507,-1.4665294,-0.30386013,-19.900875,-12.954987,-28.422855,-2.8877447,1.9208636,-21.710533,-2.3627286,-11.371818,-10.503588,9.325424,-5.6900434,-16.943619
-201.90088,149.21762,-64.2029,60.33334,-5.4518824,-8.294401,-0.06400608,-0.46229267,-17.874233,-20.043629,-22.074726,6.364466,-0.19145736,-16.498735,-5.907666,-7.998557,-2.1340241,5.2928934,-9.378422,-20.367283
-205.5575,141.92062,-69.77334,64.917366,1.641792,-2.5196083,-0.6419289,-1.2312193,-18.825268,-21.728958,-23.136307,4.844327,3.3860307,-18.004961,-2.673328,-7.982786,-0.7326759,11.1629715,-6.126232,-13.510391
-196.93782,144.64954,-57.64371,67.15463,-5.210991,2.1998699,0.94514954,1.0856142,-11.573563,-16.856203,-15.738393,14.719703,7.6274614,-7.544262,-3.6288104,-6.8375263,-3.6852877,5.288292,-2.1342382,-15.373886
-168.49402,166.6594,-55.60459,63.318085,-5.494898,4.2522697,-9.378933,-6.714197,-12.5655,-12.820767,-5.8624735,11.210789,1.9040327,-5.797679,-3.5672638,-10.035776,-8.091641,6.8997602,4.5576496,-9.221144
-170.96631,167.2654,-55.263477,58.370422,-5.094381,5.3773575,-10.975714,0.30421704,-12.891912,-15.062007,-9.767431,5.510213,-1.0731869,-7.3879447,-5.2332783,-13.631414,-10.680639,-0.46154618,3.264771,-8.703344
-151.73398,124.19133,-31.816463,66.263504,-21.37949,25.634586,-29.426586,12.150733,-16.436903,-19.243317,-6.7994623,5.9994574,-10.374554,-4.389642,-13.469951,-11.898505,-9.17894,0.445226,4.918465,-13.588264
-189.22827,157.76749,-43.327568,56.524536,-5.7961226,8.1721,-18.144882,7.793144,-10.095911,-24.807549,-11.742178,-4.1936636,-5.1228166,-10.212497,-10.605534,-6.350849,-10.426503,-0.5119636,-1.1625037,-13.969175
-204.07704,175.24318,-49.349808,45.749256,-1.0833449,-3.8090231,-5.3299356,-3.1906292,-8.956614,-10.229879,-9.714993,-3.2013583,-13.229134,-9.628415,-10.00351,-9.371927,-4.1774683,3.7583995,-3.2590747,-12.416666
-228.94894,176.1034,-53.30983,35.65603,10.36927,-2.9198337,0.4107256,-0.7029862,-16.634136,-18.424343,-18.743958,-9.0844,-9.502658,-8.146381,-7.6272354,-12.251881,-11.680882,1.5217793,-3.1014385,-12.75931
-244.3518,173.4929,-47.98413,38.0046,14.585676,-1.0413365,6.231557,-5.585271,-14.374367,-18.435032,-25.755985,0.61468697,-6.7143574,-9.626829,-5.9677315,-7.717941,-9.225906,-1.1451163,-2.4670267,-10.832798
-251.32053,158.98615,-39.095207,52.074764,16.419758,0.39479625,8.19374,5.530651,-12.542698,-23.754723,-29.776436,-0.056752503,-4.5380144,-7.0918617,-3.348822,-1.3348469,-1.8782715,0.009477854,-6.3361063,-9.494686
-203.40495,117.76723,-31.469116,64.441826,-33.30092,16.723494,-5.9085035,5.287056,-11.350578,-4.578415,-23.399914,-4.0985713,-2.7215228,-6.482304,-4.8388634,-21.030005,6.3771253,-2.903019,-5.522375,-9.245001
-117.841576,87.45603,-46.973927,63.11344,-69.13559,25.83511,0.90685785,12.481865,-16.334621,22.28231,-19.81385,6.6884465,-5.2911005,0.42859662,14.455559,-7.2050343,-6.846172,-16.565968,-3.1535485,5.9768414
-121.17573,85.596596,-45.985542,62.621025,-55.464317,41.191734,-10.841801,17.441957,-14.502403,16.669731,-16.930553,1.9590445,1.9596682,-4.6705723,8.74275,-7.658623,-16.490147,-18.098942,-8.507225,1.6970495
-149.14651,75.22899,-20.594145,70.74813,-48.472366,50.743538,-17.915916,15.231054,-18.584368,1.7992744,-19.131525,-1.8251293,-1.9706237,-4.4558477,-6.395824,-11.200558,-13.983364,-11.396765,-5.350698,-2.3411734
-190.95335,114.74769,-28.364342,62.970352,-32.752903,34.063892,-7.474654,9.67988,-10.186384,-2.4462876,-12.267231,-0.47162467,-0.59408003,-7.6217227,4.6118555,-16.134624,-14.270703,-14.015935,-12.473623,-7.8534007
-221.74284,127.17744,-25.3493,67.53371,-11.928637,23.523977,-10.868746,4.735556,-9.2024355,-6.6608315,-11.462441,-2.06084,-0.96310014,-8.403234,4.923368,-16.1749,-13.8805275,-12.140114,-3.654728,-2.1164994
-248.87698,134.34985,-29.551739,63.682274,3.9547818,16.121792,-1.9097934,0.47032923,-4.6912923,-3.7926068,-10.241858,3.5170193,-7.1542854,-13.326519,-0.83888674,-16.04586,-7.9573717,-5.8871326,-8.82178,-4.0167
-246.97841,135.53357,-22.46529,65.83876,-8.921095,18.216183,7.2987323,-1.9604478,-2.5600877,-7.8305016,-22.984055,3.3436446,-1.2646712,-5.1004086,-0.86747277,-17.744162,-3.1198523,-2.651874,-2.5311427,-2.593111
-252.13503,136.67485,-28.381912,55.6923,-5.4266167,15.669928,0.91272885,-5.0270624,-6.207544,-10.393376,-26.454508,-0.37127808,-0.8072182,-3.9387913,-4.328536,-18.166245,-2.8586287,-8.497609,-11.393307,-3.1829994
-259.21637,145.07562,-30.537727,55.795235,6.7053895,8.120853,3.842362,-0.7447846,-6.3009176,-9.864302,-17.690971,9.245752,1.6722564,-0.43459982,-0.48565006,-14.666025,-9.635294,-3.594469,-5.800851,-9.13121
-268.3945,145.26782,-34.41251,53.442146,11.640912,3.1324887,-3.2788062,-8.312877,-8.284817,-10.045889,-15.063658,3.809143,-8.912747,-5.5480757,0.30640802,-9.774448,-10.332326,-3.3583946,-7.4719925,-7.4692073
-210.29214,145.98935,-43.27813,44.479164,-20.039158,18.478642,-1.8049425,-12.010223,-17.734726,-11.362315,-14.338471,1.0051405,-6.2099113,-6.375842,-4.680819,-19.925028,-6.9081206,1.492179,-2.7690904,-3.4180012
-153.54958,161.93665,-35.832764,45.57882,-31.86853,29.210804,-3.369314,-12.895403,-26.514599,-7.7174864,-7.2160563,0.31287265,-11.602861,-7.9868193,-6.63111,-19.278027,-9.564758,0.6247307,1.5106721,0.083213
-220.57744,130.76968,-18.288025,41.303337,-20.29976,38.80919,-17.325222,6.3231826,-7.8669443,-19.287642,-6.8456736,-13.728796,-10.959084,-1.6208539,-14.855319,-2.6464286,-7.641596,-0.64029264,-7.884898,-10.285648
-211.54198,96.123856,0.69974107,50.274406,-32.31741,40.542908,-24.985134,16.283224,-13.056915,-14.688238,-11.958341,-6.6143966,-19.983126,2.146515,-11.567493,-7.204127,-12.458172,-10.225695,-2.9381838,-3.1114092
-251.13982,126.14803,-12.556564,45.166515,-17.307339,27.338528,-21.877691,0.03399968,-12.423926,-18.581915,-10.749424,-12.003524,-9.837807,-3.1894603,-11.68352,-14.0394,-19.63487,-19.552612,-2.6436548,3.4208982
-278.09866,146.93134,-17.565727,37.480988,-1.2627223,17.123577,-7.2568903,-1.3544779,-1.4081873,-13.922317,-10.536161,-6.2129955,-10.153449,-4.608307,-17.706799,-16.874868,-16.217134,-8.936189,-3.4258976,-1.5915391
-300.21353,145.05664,-19.882986,37.90695,15.358604,13.760847,-7.676031,-4.1238623,-6.616386,-7.088649,-7.55746,-5.16965,-9.340164,-9.278313,-17.398151,-18.826958,-18.962517,-9.2383,-2.8432882,-0.42850706
-312.04233,145.60757,-17.202044,37.3273,17.911392,8.1168585,-4.831861,-1.6578425,-7.9828815,-8.705973,-12.627882,-5.2106266,-7.3671207,-6.2584963,-16.350431,-21.265995,-16.852194,-9.6211815,-4.4720726,-0.7225905
-292.41592,127.62926,-24.960537,52.004784,2.7663043,14.055815,-0.9321655,2.8083782,-0.630329,-15.650443,-5.0605364,-7.777111,-8.354258,-6.736357,-23.252289,-11.812988,-12.929591,-0.27687174,-9.003329,-4.045209
-227.60646,99.899796,-50.64881,78.87741,-19.64838,1.1415577,4.8355174,8.760492,-13.527512,-7.0860033,0.4408058,-4.998371,-15.608239,-5.930832,-11.71956,-13.5807,-10.321651,-1.7199525,-0.56342983,0.9854678
-143.01883,103.26004,-66.07483,80.522606,-30.234642,-1.2412087,-12.719136,14.36709,-17.322075,-6.388193,-9.870462,11.882088,-1.497262,-5.1198997,-7.835085,-17.226723,-18.807858,-12.461648,-0.11231144,6.3407564
-119.433914,120.80696,-41.879997,88.06488,-11.568384,29.520075,-20.0607,26.60519,-17.659082,-4.2758064,-8.529387,0.32471463,-5.2572594,-18.385555,-4.8299456,-9.280243,-17.225487,-11.463497,-4.643674,-4.4471006
-135.96165,89.4462,-34.421497,74.19815,7.3794413,56.961155,-54.10665,24.57373,-2.12054,-1.3205717,-22.966778,-13.367427,-8.939294,-9.336344,-20.256096,-23.156754,-22.282648,-10.491412,3.7141638,7.325226
-184.56146,127.506714,-58.396545,67.643616,32.864067,41.14997,-39.583984,7.691843,4.8540993,-10.715954,-23.037529,-17.87418,-8.542704,-13.898212,-13.089415,-16.675617,-16.218798,-4.9451995,-0.0357157,-3.0061722
-199.63206,130.50009,-64.85626,63.780098,33.68548,24.555191,-42.110058,-7.1215076,0.71502197,-11.80711,-24.756155,-15.177462,-6.5502462,-1.1568067,-8.141194,-14.78059,-16.577175,-7.771929,4.7146645,1.6138778
-207.76833,143.14359,-66.2462,54.56115,35.120613,38.320282,-27.431637,-16.040966,-11.906792,-15.104784,-12.372759,-11.844538,-8.11981,-6.390622,-9.476189,-9.946428,-13.6930485,-9.689932,1.9020443,-2.1085825
-231.05943,163.06528,-49.03855,39.13337,15.982989,25.76817,-9.549345,-2.5723991,-1.14183,-16.750076,-18.270348,-17.657784,0.25873035,3.1973152,-14.420068,-17.091438,-18.08043,-4.7111983,-1.6263688,-13.633022
-255.16162,151.13928,-42.57209,55.151745,26.641926,13.837543,-13.57419,-5.2884436,3.7778945,-5.59902,-16.60867,-12.089899,-1.4702249,-2.5366197,-18.194431,-23.574366,-21.936098,-7.3736334,-1.2242862,-8.195169
-262.32654,146.26479,-49.617683,55.781258,26.593159,18.825981,-4.78981,-3.3047862,10.652953,-4.9883375,-17.262108,-19.946335,-0.773214,4.247848,-17.70996,-23.071552,-23.808456,-7.952389,-4.2364597,-11.780286
-258.8624,146.9711,-52.086998,53.24879,24.62368,16.34393,-11.989225,-8.5888405,11.449333,-6.5926495,-15.372385,-11.938169,3.8170226,2.2292864,-21.430576,-20.450747,-23.212013,-6.4192643,-2.4734979,-9.588121
-199.35141,162.47867,-46.95273,61.506516,12.669269,15.479874,-10.129778,-1.835601,-2.5758514,-1.5738345,-7.1643596,-4.763893,4.485118,6.0081134,-9.06115,-14.639694,-12.662182,-3.2792282,-0.2596543,-6.433126
-182.89168,195.88216,-33.494217,58.63572,3.9580703,7.427515,-7.97643,12.639824,9.035395,-17.311485,-17.166988,-19.615974,-9.301234,0.65744364,-7.453799,-7.1836123,-13.536423,-4.1070848,-2.4331436,-19.267178
-175.62814,165.28955,-39.98667,56.424606,-12.156572,14.574425,-15.24196,18.498575,5.437562,-26.297089,-22.19983,-12.368557,-10.901436,-6.1118355,-8.052341,-15.163935,-21.943733,-9.40332,5.2789025,-18.621738
-167.06837,143.72772,-47.25855,62.56974,-2.869556,29.96505,-24.5783,15.844731,5.4370284,-29.22349,-9.959648,-5.6275196,-11.685103,0.90861017,-19.846159,-21.556602,-12.568461,-2.7965872,2.1345801,-16.102772
-172.5952,139.5536,-65.30533,55.810646,5.1126704,31.81127,-21.340893,12.682943,-1.5999651,-26.506226,-5.167045,-5.390341,-6.7722507,-1.5435562,-16.055616,-13.996786,-10.864033,6.5490894,7.2967997,-20.889227
-175.06883,143.82864,-73.1257,51.90114,11.321664,32.465115,-25.15055,2.778351,2.309576,-19.19168,-0.91710794,-3.6881423,-7.3222847,-3.8626676,-13.680866,-6.5358696,-6.1784225,1.4633241,1.7637893,-21.524574
-182.11617,148.41092,-71.18609,47.89261,16.18649,36.541138,-27.800327,-4.491645,5.3264127,-7.5919914,6.485857,2.240604,-6.0361204,-15.268378,-11.394907,0.6650908,-17.395187,-5.740781,2.0716672,-19.180988
-196.74088,138.76181,-75.97946,48.929672,23.131947,42.19741,-29.070583,-12.9397545,2.1536717,-6.576279,11.684319,2.2565973,-15.994745,-20.505733,-9.646116,0.058761448,-16.15525,-11.90577,0.14864153,-4.626153
-214.0222,158.4236,-62.29895,46.34932,23.404894,40.98342,-20.7281,-10.074429,-0.12596285,-18.32751,6.289893,-10.356828,-14.654282,-17.057312,-12.495273,2.2712553,-10.236448,-8.063322,-4.9948235,-6.988446
-217.65619,149.90675,-49.60441,67.67902,13.966426,26.416378,-12.159027,-6.287489,6.1799707,-16.734592,-6.878458,2.3254778,2.229674,-0.64169806,-10.612381,-6.5435047,-8.6205,-6.786771,3.2944598,-9.452419
-76.5018,115.61455,-62.147438,67.506355,-36.53112,26.094212,-31.75897,9.384705,-20.995731,-13.063162,-24.232426,19.931992,13.289923,-7.4259787,-5.5154862,-11.816225,-12.433861,-12.821854,-1.4929551,-1.0936165
-66.66291,111.855934,-59.58352,77.02253,-40.126213,21.96548,-14.279983,33.640717,-8.461471,4.138277,-13.062992,28.479546,7.698015,-5.740291,8.99427,-10.086663,-4.1181583,-5.291585,-0.4482103,5.8975277
-63.819843,114.46164,-45.346596,73.20969,-46.781563,24.257206,-28.406755,39.374252,-5.470987,-4.0900145,-12.849513,14.133355,3.9892888,2.3760006,11.0112095,1.0404129,-15.149482,-10.134899,3.4201682,2.1979856
-101.49429,122.82811,-49.461742,69.52723,-31.069134,26.976906,-24.433777,35.20311,-3.9625843,-8.811028,-6.8386984,13.023235,1.1031678,-5.7156234,10.832493,-0.34629226,-16.498777,-8.220859,4.558072,-4.9595604
-136.19319,149.17319,-61.20123,72.41046,-20.18489,9.085414,-12.699412,31.542389,6.0815516,-6.608973,-1.682179,13.138684,8.640694,-8.250546,18.724096,-4.185898,-20.284832,-13.7900715,2.7247632,-6.472168
-152.79645,154.02115,-67.07797,72.269684,-11.981287,-6.742035,-5.2935114,37.26393,-0.99817485,-4.575871,-3.6409836,6.7322626,17.616676,-11.531111,19.305706,-3.2415848,-31.785704,-9.621868,-0.46327317,-9.60162
-157.75488,153.61024,-66.69615,73.86565,-9.474358,-3.9859624,1.6752524,35.78779,1.2544206,-3.065453,-1.9812946,6.9566345,17.166069,-8.235716,17.235733,5.966778,-30.441566,-8.392061,-1.2112521,-12.01104
-148.06215,149.05997,-72.252686,82.7529,-14.247672,-7.7115054,2.562415,32.68782,4.49836,-10.669979,-4.833083,5.914607,4.34859,-3.8275337,15.563788,2.294201,-24.388071,-11.794934,1.954193,-11.800169
-141.95317,149.59389,-70.49136,79.24017,-22.709805,-8.933937,0.08226228,32.657867,12.266264,-6.7846904,-0.8003447,7.6614475,1.2018526,-3.1546876,11.36303,2.5691016,-26.442398,-17.026373,1.7006042,-9.987684
-140.85132,150.6135,-73.89304,73.287994,-26.157223,-10.587249,0.78235793,33.888523,15.222705,-4.672612,-1.0171225,12.079206,3.9203324,-4.699407,10.849707,7.0360613,-20.652058,-12.35936,7.7764893,-9.471628
-135.89252,150.47458,-76.5051,67.08142,-29.701817,-8.710167,-3.0474207,37.804535,3.7477498,-6.781458,3.0248265,11.66413,13.679604,-10.403273,18.371159,10.41453,-23.858654,-10.168934,-1.2511793,-9.998102
-142.81874,149.99496,-79.9935,66.5955,-21.404568,-11.548574,2.3379905,41.280613,-10.186297,-9.631998,-0.38013864,8.725273,19.357937,-16.063652,18.500214,9.401798,-29.169987,-10.516885,-2.809351,-6.31181
-134.31999,148.06183,-80.53884,68.815704,-20.406754,-11.598074,-5.9356823,40.076996,-6.509049,-6.6571984,-1.8975005,8.484562,23.452648,-12.644367,16.076702,1.7264236,-31.363956,-0.62684274,-1.2117424,-12.4185295
-120.62597,132.48225,-72.4469,65.77326,-29.700554,3.454516,-9.951882,37.909145,-6.3036723,-17.636978,-0.70899445,23.129585,15.538098,-7.440976,3.9580991,-1.3768766,-19.594372,-3.7892475,2.8486671,-8.340542
-117.52288,120.73058,-76.42918,67.41588,-21.542076,13.2008095,-14.569421,29.422,-8.694101,-15.370512,-2.0040174,22.009134,16.076065,3.5107574,-0.87127435,-0.74144316,-13.983404,-5.2709265,-2.2520764,-12.94392
-134.21626,138.0791,-84.765976,74.11922,-5.016778,10.167158,-12.939426,17.149555,-12.699663,-17.06169,1.3508943,14.093803,18.62717,-0.1334188,-1.2664039,-2.763689,-5.1637783,0.4187956,-8.436948,-13.741137
-187.7595,154.1836,-60.805252,73.721085,6.074499,13.598251,1.9991198,7.8905916,-8.596725,-17.483088,2.335759,5.567195,9.32139,-2.3341138,3.8280492,2.7762146,-16.548252,-4.912972,-8.144659,-8.395365
-218.75067,156.6636,-64.53901,64.72983,5.918832,1.1595347,11.649601,17.232758,17.07534,-7.9403305,0.40793115,16.881456,9.141699,1.2919827,8.833895,-3.7282019,-27.56235,-11.3710575,-8.557451,-5.8884845
-214.16107,155.70618,-69.482414,58.60195,2.337407,-1.927612,18.469429,21.82294,11.828077,-9.965878,2.6020558,18.19713,10.832002,5.0804415,2.3736186,-0.8184113,-21.529293,-9.657904,-7.2088494,-7.7000747
-206.51358,136.79454,-64.35769,75.78302,6.807433,7.861141,3.9383793,24.394226,5.776745,-13.390684,-4.6857014,11.386377,14.166215,3.8873248,8.778002,-9.536343,-14.786724,-12.579604,-6.335872,2.8780346
-145.70824,98.33594,-58.30561,93.802444,-26.090569,10.077038,3.1765656,33.151524,-15.641867,1.6602116,-11.955753,7.3752913,7.2973223,-0.25360712,6.217616,-13.58659,-1.1286111,-8.897179,-6.164905,-6.542729
-117.91761,89.78694,-65.66737,81.32016,-36.147736,-1.4638135,-17.06492,29.712746,-18.870176,7.607911,-5.368555,8.210589,-0.4519216,-7.1313887,-0.47936842,-6.507882,-9.212547,-6.264303,-7.3685384,-6.5673246
-96.7175,105.86756,-62.660793,77.15254,-32.123405,17.016405,-17.129051,29.738014,-24.121958,-10.167677,-15.222673,-4.641751,-4.7701035,-9.689093,-6.279839,-3.0339773,-15.925092,-4.698718,-0.41522866,-8.399269
-102.95915,86.08179,-57.070335,62.447025,-11.280951,36.792984,-52.415714,22.867775,-11.263176,-3.6680872,-22.696491,-5.591654,-1.0126921,2.3745198,-10.401093,-2.6540008,-27.342459,-16.836842,-8.371202,-7.2250133
-149.02808,117.14212,-86.23723,70.01807,6.584306,9.612268,-36.30314,12.661905,1.9543629,-6.947488,-27.019133,-18.700169,-2.1974795,2.0273829,-10.585909,-9.282595,-9.97755,-17.27348,-11.501911,-11.652449
-162.47092,113.34503,-83.371315,77.14484,6.0505333,5.0239105,-33.589336,9.141092,4.199147,-8.545067,-20.606573,-17.476475,-8.913006,4.316037,-14.767498,-13.415628,-6.6315246,-14.759914,-6.3116055,-12.80266
-165.33473,113.69867,-85.050156,73.54627,3.9789844,9.3277,-36.487907,3.7148685,7.894143,-5.547429,-31.618774,-26.92124,-5.6900225,4.114337,-7.418368,-10.447105,-8.145627,-19.291088,-10.816383,-16.151188
-166.36449,118.40186,-90.14002,60.68242,2.382898,20.414276,-32.72814,-4.7332788,-2.7764633,-9.346514,-17.694149,-25.115719,-14.657024,-1.3495481,-8.161852,-9.893618,-7.5610356,-19.265495,-8.940851,-11.58144
-179.0367,126.73018,-78.06756,49.185043,-2.655485,25.653854,-20.249088,5.4713316,-17.99444,-27.017126,-11.159223,-12.548998,1.9382766,3.0676894,-11.006808,-6.2590113,-10.71652,-19.44683,-11.742212,-22.02988
-202.12071,131.9039,-66.534744,58.004593,-0.3203318,8.919155,-21.537971,7.0834646,-9.317457,-18.35811,-13.975389,-21.936275,-2.5181808,0.17986035,-9.823465,-10.124507,-18.499435,-16.489273,-12.515602,-20.028893
-216.85696,138.70703,-71.86673,51.490524,2.592952,1.1288048,-18.707367,9.614901,4.837273,-13.300819,-21.161812,-23.842129,4.791681,-0.39686012,-12.988234,-10.960684,-16.664995,-9.473539,-10.160042,-20.991892
-205.37263,151.31656,-65.886795,53.26834,5.364148,4.5210238,-20.699364,-2.4047468,4.8196816,-5.0687923,-17.001465,-20.74599,4.7988214,0.9222465,-17.739925,-19.738108,-19.826607,-6.463704,-10.27479,-22.075966
-197.73401,161.72922,-63.06928,51.93917,17.748802,15.927595,-14.988564,9.163868,3.1731677,3.2502332,-12.693277,-19.727873,10.435072,-5.2141333,-12.615385,-13.971996,-15.088192,-7.9736724,-9.645926,-16.687826
-157.95056,183.17351,-58.112995,43.811325,-7.69349,13.543227,-11.494143,9.956351,7.2911177,-4.206977,-16.299042,-16.167059,7.3952675,6.8721895,-5.6410513,-10.441027,-11.04136,-13.787411,-7.2033834,-10.4797
-153.21422,130.33206,-56.60086,51.384087,-18.175596,24.474718,-20.666206,21.73073,3.354243,-11.460417,-15.721229,6.8487997,7.7367506,3.4641469,-10.631683,-11.343819,-9.367649,-12.562916,-5.2683306,-12.755238
-139.18709,128.95592,-55.489437,52.96643,-6.4315815,29.275333,-29.938087,23.86258,-5.5468373,-8.516857,-11.336067,-3.736324,3.6514733,4.3251104,-15.374813,-13.065649,-4.859944,-11.308844,-6.569733,-5.7476673
-153.37965,137.10583,-70.80257,54.708046,-1.2617551,20.721806,-25.969341,15.536327,6.37199,-9.674416,-7.8298364,3.1734614,-1.852777,5.925924,-8.420527,-11.871839,-2.854732,-9.625874,-7.0880823,-3.2568455
-149.63264,140.47324,-70.81233,53.387375,-6.052597,22.98059,-33.313324,8.655378,11.404898,-5.7258854,2.4563684,2.0867715,-2.945689,2.306573,-11.56784,-9.834072,-8.592768,-11.131657,-10.086568,-10.439353
-166.93565,126.241035,-69.509544,63.575943,2.8752606,25.694153,-35.42121,3.707519,3.7118342,-13.112017,-6.5026693,2.8051703,9.653782,11.559062,-7.4261355,-14.574568,-19.250832,-14.464145,3.3988066,-5.25133
-175.25513,136.05855,-64.66,64.59203,6.080616,27.972233,-40.900192,-3.9509082,5.5131474,-10.339451,-8.566814,-6.602483,10.998438,7.6783986,-1.7656057,-13.673558,-22.057756,-18.562298,1.9934057,-2.5693035
-193.1867,143.04141,-69.21429,59.397385,16.78567,31.530499,-33.08477,-6.7873163,8.476063,-6.184124,-6.3959684,-19.676043,-0.9982133,1.5054379,-3.112655,-11.257631,-18.011707,-15.190503,-3.3666904,-1.2396042
-199.3887,147.80531,-58.247738,55.710815,-4.737537,15.389223,-19.306923,-6.4041624,5.3376884,-4.8747897,-5.6365733,-14.180547,-5.2372904,-1.6819073,-17.729624,-14.576996,-9.668145,-14.652506,-8.110282,-10.593765
-99.58263,116.68039,-55.86668,66.91669,-37.299168,29.594574,-19.012007,12.098523,-11.150097,10.746525,-32.091003,-4.6189694,2.512135,-4.042429,5.4737577,-19.350513,-5.992706,-20.110397,-13.618496,1.8423353
-95.43818,89.259964,-57.828964,88.36845,-20.99423,45.319103,-21.808836,18.365887,-13.165365,14.457256,-19.559805,-5.0789504,7.911828,-9.938768,-16.29886,-20.75035,-7.451051,-13.334488,-10.62673,6.3493347
-109.90109,75.86361,-46.049248,98.33241,-19.137142,43.46388,-28.721867,13.229559,-12.722773,10.264899,-27.954521,-8.590547,1.7536274,-3.3825245,-12.842146,-22.262781,-13.919371,-16.34547,-10.660288,3.1407673
-141.75902,102.21867,-55.396282,102.45258,-7.743245,26.838242,-22.501232,11.667252,-0.67325234,1.4144623,-24.112408,-7.8413105,8.121389,-1.9756217,-8.599356,-25.65155,-7.7342257,-16.364042,-13.89425,3.2289171
-167.90695,105.958206,-66.01625,104.13307,7.5093765,25.515114,-12.028894,9.1075535,0.6059898,-1.6487769,-18.914398,-10.420376,6.2839546,-1.9661465,-9.664221,-28.536566,-11.189821,-22.433678,-25.896477,-4.9694176
-171.07697,111.35537,-69.034256,102.39264,6.694779,20.536112,-12.130864,7.0646877,6.7752857,-6.809401,-20.58775,-12.0113125,0.76877975,-0.39713335,-9.71394,-22.0658,-5.8567505,-18.381649,-21.046125,-2.5622473
-169.77316,113.85863,-68.214935,99.49078,1.5837032,19.45598,-17.258244,0.96949935,4.942314,-6.8617525,-19.926327,-17.329672,2.006135,0.07682717,-16.318117,-20.27793,-5.146881,-21.078531,-13.863083,-1.8769983
-174.84923,101.26633,-68.21163,102.93471,2.360025,21.982323,-18.385841,-4.7551937,-0.60295206,-7.553171,-24.615477,-17.353642,1.4970008,2.6885202,-18.037052,-25.84656,-7.2918444,-21.782862,-18.480446,-4.113997
-172.40405,100.29231,-70.303925,106.49475,4.7975063,19.517418,-21.648655,-4.3999147,5.525218,-1.4153326,-17.962925,-8.947522,4.22403,-0.69211787,-20.811117,-26.017786,-9.472095,-22.027733,-18.949177,-3.2763598
-161.95973,102.24441,-71.50747,103.303986,-0.22153443,17.32018,-21.693773,-2.844287,1.9301851,2.5427034,-13.4606495,-7.261202,1.504607,-3.3978386,-15.460316,-21.751383,-10.023301,-21.052635,-16.495619,-6.46965
-154.10442,108.284256,-72.33676,101.797485,-4.9500327,18.077776,-16.291754,-2.1365228,2.3655298,2.4031284,-16.663544,-14.184061,2.429947,1.4484009,-12.293104,-13.023035,-3.1602879,-20.145565,-20.24082,-5.213301
-108.40754,145.19731,-70.12662,81.006744,-22.31488,16.94209,-13.664542,3.1494343,-5.964919,-16.198214,-20.700226,-11.180122,-0.26760375,-4.8671384,-20.838108,-13.04611,-0.2816434,-9.729166,-15.553328,-2.523101
-145.98198,120.88925,-73.999374,90.19444,-0.18166685,25.161167,-9.628553,4.6541433,-5.702034,-1.6484625,-27.031445,-16.829979,7.027564,-2.9107943,-11.590849,-21.380077,-10.709978,-15.975858,-19.006725,-1.4389101
-156.362,89.39616,-66.64015,99.38147,9.009836,31.902702,-20.51561,5.043479,-13.087889,4.8038816,-25.415308,-12.672546,12.664273,-3.4403634,-20.475399,-22.894844,-10.660545,-15.2333355,-14.453808,6.9522266
-179.81357,87.10285,-62.108887,109.7719,9.657263,23.777275,-20.329449,-3.932695,-5.673958,4.5356455,-21.722939,-7.5318065,13.129032,7.599354,-19.06453,-30.781513,-11.976562,-23.153738,-14.748446,6.553938
-196.16028,87.239426,-71.28563,114.16429,17.004654,13.137708,-15.614311,2.5072837,1.5104046,3.1213238,-19.997551,-6.579954,18.129553,13.386063,-13.946419,-35.397743,-16.423777,-19.197445,-11.633885,5.0545793
-203.53743,93.52527,-72.01308,99.23739,21.384953,20.733818,-16.131323,0.56046796,-4.933162,2.6318092,-18.978489,-9.775509,14.168478,7.345389,-11.54858,-24.695194,-10.162939,-24.26146,-22.922585,-3.07161
-213.55768,102.62317,-65.335815,96.55495,15.55192,20.470562,-19.376633,-2.5852878,3.2703133,0.51051056,-14.226873,-16.29579,11.819735,11.881132,-8.370735,-15.48687,-7.6731296,-28.725527,-20.69517,2.0981836
-212.7685,108.74656,-67.483444,92.33796,17.641655,20.18361,-16.37064,-7.4835114,4.5872297,1.6663905,-6.052907,-7.470725,11.113099,19.016098,-9.259205,-26.338346,-10.577929,-16.373741,-19.328144,4.6640396
-203.77463,119.39502,-64.72352,79.81689,2.0051494,18.777658,-17.520432,-8.984465,6.475318,-2.3321645,-5.1568737,-6.773876,6.0641155,11.097,-4.5880327,-13.476502,-9.987977,-11.974588,-18.675915,-1.7967958
-185.97624,140.67613,-65.8107,59.72932,-9.663433,11.219887,-18.49877,-8.401798,0.530856,-0.58030885,-8.948263,-9.42158,-1.7002485,-3.469427,-6.684859,-3.1429596,3.3515196,-0.27079314,-4.254145,-5.8561954
-127.1128,157.55609,-55.621307,67.92711,-18.630562,3.7733812,-17.774376,12.573948,1.2999766,1.3353468,-19.964725,-13.099905,-3.0013325,3.154047,-13.050476,-12.243525,1.3001333,-5.4930153,0.8400843,-5.6416607
-103.1698,131.91054,-42.441544,66.44714,-22.97464,26.530907,-29.417389,36.889896,1.8068907,0.114656925,-10.07452,-0.46738914,10.313451,8.679611,-12.547485,-17.42008,-12.153817,-5.1315007,-2.923999,-2.0189168
-105.921005,102.91736,-43.53644,73.1133,-18.653801,37.7544,-35.367294,35.833694,-5.631875,-1.5954692,-11.657476,-3.1136723,7.393011,9.386449,-11.098875,-10.072031,-8.978199,1.511833,1.1415675,-2.3371208
-152.84247,126.78502,-60.017235,84.36374,-6.067806,19.364227,-16.754166,20.335033,7.4818544,-6.433404,-2.8366094,-5.68707,8.456028,4.1180673,-6.7004275,1.841845,-8.964409,6.0007954,-1.0650175,-7.4308195
-161.27032,122.18183,-61.50228,81.08884,-7.9101334,20.452736,-19.413109,12.972871,1.9357309,-8.200722,-9.147973,3.7826986,10.733847,-0.9896951,2.012124,-5.7922544,-0.8813915,7.9633207,-4.6535897,-6.00791
-181.92665,131.91028,-53.803482,76.86975,-0.56680983,27.273785,-12.256032,0.8593389,-5.3347464,-8.237088,-7.077549,1.2872908,16.344442,6.792085,-1.5300827,-9.333456,-3.3309042,4.0646954,-5.672426,-10.1305895
-222.54984,134.46616,-48.864876,74.54083,18.617908,31.857487,-3.8235996,6.98603,4.6050043,-2.0098956,-1.845535,-7.642552,9.451423,3.8243866,-11.574255,-8.649889,3.5806174,-1.1787399,-8.885272,-12.284454
-228.58301,140.75098,-44.324886,75.11177,14.662983,22.216133,-2.7749825,5.7420883,14.223284,0.62308705,-7.576667,-3.4265928,7.586754,-2.3627055,-14.089258,-9.291798,3.7534568,2.6342237,-10.752403,-8.472044
-215.17293,150.45563,-44.672405,74.483635,14.833028,22.589931,-0.3958823,11.765558,6.242754,-8.49317,-9.373721,-10.9067,6.1648026,-3.126072,-16.714342,-10.755514,3.290591,1.3997424,-8.012102,-6.30694
-209.20586,140.85767,-42.599777,74.23857,10.266952,24.297659,-5.965824,9.344261,-4.122763,-8.105959,-7.6099863,-3.2793727,6.6797667,-1.4063493,-8.368673,-13.345718,5.178542,3.315208,-5.342983,-6.3653135
-147.6467,161.71964,-42.945015,70.466415,-10.045462,21.501915,-12.302889,2.292044,-12.694431,-6.879921,-8.92542,-2.4638944,0.4914965,-11.165602,-8.026552,-5.4014916,5.345554,-0.46723002,-5.257824,-11.0787115
-147.79865,155.42099,-51.062176,75.48696,-8.44108,13.1439705,-10.61523,4.885456,0.1699673,3.401432,-2.338449,7.4369774,-0.55091584,-7.917324,-6.9411244,-8.902639,-2.9675012,1.8109661,-5.8766565,-7.143767
-160.56735,151.0921,-56.074028,78.03791,-2.1359086,16.252174,-11.831541,2.6544588,-4.1661386,-5.8868294,-5.3717823,5.4020185,4.6761703,-9.732321,-9.731521,-12.60857,-1.1075764,7.9099526,-0.17039374,-5.3468065
-157.38443,131.94797,-52.924004,77.0045,-7.5725045,18.831501,-22.763271,18.890972,-9.8913965,-1.3803473,-2.790364,-3.2832131,13.872858,-10.22528,-7.0025396,-6.918168,-4.1275473,11.678059,3.1059504,-11.10297
-185.82343,136.69339,-58.291336,72.40934,-2.8464262,9.903341,-6.9201035,22.555994,-8.212181,-2.121301,-8.260493,-7.675535,18.469025,-7.42988,1.8325526,-7.989028,-10.825943,12.417847,0.2820506,-9.473757
-206.51137,155.5875,-50.547173,62.662186,1.1193126,-3.190125,-4.2594314,22.882229,3.484772,-2.947046,-17.963326,-14.458305,4.549575,-2.4880521,8.454725,-4.9587293,-10.213251,7.4931726,-3.7836583,-3.49888
-254.25269,155.06702,-38.382187,69.465546,21.4934,4.263326,6.4116807,14.032131,10.903908,4.613881,-8.260629,0.69696283,8.509247,-1.9590845,0.4740672,-11.087402,-5.704247,2.9975288,-13.736231,-12.223997
-260.9407,147.4266,-38.916348,69.120575,19.275484,7.344409,8.187675,15.6633625,16.59304,4.200817,-4.77458,3.5197613,10.395789,-0.2370877,-12.391899,-11.449413,-0.56592155,-0.71874505,-12.317825,-13.962702
-252.71957,149.01697,-41.13757,65.43715,18.339489,7.2083807,4.0716505,13.257923,9.808073,3.1337736,0.03240758,10.252171,11.453865,-6.0848894,-12.604292,-11.0640955,-3.699629,0.79680896,-6.8848305,-6.9251814
-214.36453,159.57541,-41.91368,65.61217,9.482841,8.054852,-1.8919523,0.9309758,0.7148727,-1.0480418,-4.3680425,12.223986,16.984234,5.38403,-7.3304443,-6.291733,-7.158197,-6.6630936,-6.9493704,0.81703824
-115.87519,139.88583,-42.3303,57.938904,-42.159805,19.756327,-9.487155,14.657435,-13.351541,6.3890386,-12.470656,8.481995,-0.95732427,-6.997508,6.9470577,-3.5094423,2.9269695,-10.954687,-3.3836637,2.826677
-76.68648,106.524124,-34.97446,73.681,-45.74793,35.51689,-16.086895,22.72623,-8.696331,21.244251,-26.847424,17.163963,11.281031,2.7924285,5.1942267,-12.9648905,-0.69028467,-8.731476,-2.4759831,6.399619
-87.78181,85.08607,-27.589046,87.73447,-45.81745,41.312943,-24.059025,28.510624,-14.341858,-5.441643,-12.914562,19.188103,12.071474,11.079612,-4.2288485,-6.196888,-9.132666,-6.580566,-4.435136,-4.693428
-131.27136,123.48427,-45.017323,83.83986,-25.582745,26.503891,-14.993677,22.075583,-12.531397,-7.9342127,-12.640522,15.995213,18.975277,-4.4263544,6.860833,-15.110236,-8.655627,-6.5426297,1.6502934,-1.230661
-154.25069,146.23993,-59.21796,71.14903,-9.13321,13.224652,-8.938521,12.790134,-12.355493,-5.338827,-18.462439,9.385202,13.710363,-10.78767,16.209106,-17.449078,-12.861495,0.15460473,-3.6623855,-6.3371153
-173.10817,156.86911,-50.213665,71.86525,-6.508941,8.190531,-2.1033528,7.687518,-9.217551,-9.494257,-16.307533,11.078664,7.5285997,-10.476935,14.323067,-9.753647,-9.254603,1.0217447,-4.1686115,-12.467074
-192.09781,166.42754,-44.82118,70.832214,-3.0337667,-2.7063599,0.104852855,12.216345,-5.630459,-16.678871,-17.942627,12.736862,10.641365,-5.6224003,16.001102,-3.8540542,-7.4412727,-3.7365935,0.49946618,-4.4833302
-204.93144,162.6283,-46.19709,67.33375,-1.8506079,-2.7830243,0.5540532,5.6000013,-5.467433,-17.952114,-22.477179,7.017822,6.230872,-10.585974,7.8896604,-8.038212,-16.34325,-2.3071659,-3.003541,-1.2968796
-209.88197,167.8224,-43.13223,69.94118,5.9863963,-2.6367545,4.6992645,7.767851,-10.148082,-15.9000225,-16.760307,8.603315,10.628346,-4.871988,13.17602,-0.9067656,-7.9987497,2.5204039,-5.989758,-6.9661517
-226.32225,166.9751,-37.138405,69.29407,11.089976,-5.2688007,8.880262,11.971756,-4.1350594,-18.610565,-28.655998,5.7527547,11.905485,-0.32846355,12.999186,5.7219152,-6.8237634,2.339416,-8.361097,-10.716312
-243.51921,171.77237,-34.288406,65.22804,13.661351,-8.005596,4.7683682,5.500459,-3.9740825,-12.361519,-13.864536,7.9560895,4.1938357,-6.500436,8.683676,4.3869085,-6.19845,-1.4439229,-9.746372,-11.808822
-238.00227,171.6063,-31.517597,64.6417,8.595971,-1.7994771,2.7713127,8.574358,4.2482305,-8.41725,-11.096376,5.3146772,9.964101,1.2606773,11.290067,0.37063712,-17.255516,-2.9226828,-1.8924329,-7.798974
-208.99359,167.17242,-45.785984,61.49439,0.9639384,-0.73228306,5.6111565,15.417204,0.49456167,-15.899908,-17.219452,2.4533114,8.749361,7.8748035,10.97607,2.5127938,-8.841796,-3.437312,3.0372767,-6.672842
-172.58305,138.76721,-42.505745,65.69802,-7.255411,27.337181,-13.524414,11.657609,-14.40881,-18.628693,-4.9157085,5.895811,12.839225,9.384274,0.77900213,-2.112224,-6.0058928,1.640926,0.84244156,-16.296642
-148.57544,101.783554,-25.094154,59.34449,-15.109259,53.23649,-30.62725,15.6089525,-19.319687,-16.573877,4.373187,16.054148,3.0532384,9.852541,-5.9761305,2.3031514,-1.8720127,2.1654048,-8.471794,-15.959059
-188.34914,146.35742,-47.1191,47.75135,-2.3116684,35.87317,-24.156744,3.1849256,-13.899615,-14.423904,4.536935,1.6567516,2.3749747,-3.5017521,4.0420637,0.4702683,3.3966687,2.3351793,-7.8865914,-14.7075815
-213.96074,165.98584,-50.12016,53.35712,21.84431,22.084637,-5.2830253,0.41146386,-14.964142,-8.650095,1.3978915,-0.99491423,0.86522883,-5.9203973,8.501918,4.9676695,-5.4777927,4.857415,-8.3221445,-5.788421
-251.17142,168.33374,-31.458607,50.293602,21.89338,18.212337,11.287664,9.173008,-1.0402235,-13.008357,-1.812902,7.4178715,-7.3157578,-4.910512,-2.1868145,5.179823,-1.3496931,-0.9791597,-11.204805,-9.497626
-274.33716,156.67188,-32.986538,48.05716,14.97497,0.2758962,0.68764114,2.5511456,-3.915031,-14.088743,-7.8128414,6.3647733,0.5973337,1.5672855,-0.21013951,0.8738536,-7.1337295,0.8186453,4.2551107,-4.8477306
-271.79156,159.63528,-45.251118,38.473396,6.3646336,-12.249941,-4.5367837,-2.8695648,-6.7819214,-6.3683205,-9.520689,3.9172015,-2.9206314,-14.631988,-6.6722975,-6.3022127,-5.0112567,-2.1451936,-4.2244644,-9.004262
-249.6361,166.52711,-44.896454,27.620703,-10.892032,-14.27288,-7.772775,-7.2796993,-0.1460912,-6.276864,-10.573671,2.6252096,-11.220218,-13.931263,-8.504658,3.2396092,-2.9125996,-2.7908611,-4.33861,-6.603058
-209.23517,150.02243,-46.811653,33.40005,-19.578032,4.8585157,-17.91939,4.1338034,-5.0355577,-4.707368,1.0234969,0.052104235,-2.4974413,-7.379892,-7.1552896,3.410255,-2.8135834,-5.8772106,-9.081278,-8.139822
-103.7586,96.89392,-21.28822,43.653877,-48.761696,50.46076,-25.556011,14.036023,-36.719772,-10.46473,-14.589224,3.061778,-9.574877,10.419167,-9.241179,1.6853876,-8.083208,0.049306214,-4.9844837,-3.4257965
-153.97472,112.172066,-45.203987,67.30634,-5.310342,32.49432,-38.444008,19.243404,-13.969225,-3.021996,-17.076635,-13.744356,1.202373,-3.2350254,-9.973581,-15.597534,-9.096518,-0.79855967,-1.5411074,-13.198067
-203.08327,132.57722,-69.8427,76.48181,17.486973,0.4361771,-25.510822,-1.1332595,-9.545557,-7.232011,-18.09537,-14.226917,7.1201925,-6.334509,-5.6144695,-11.474199,-13.660921,1.4489759,-5.5215898,-17.301819
-214.72075,123.55395,-75.40394,85.657196,18.36052,-1.1146146,-14.00666,-10.342832,-3.5122304,-18.014408,-26.270008,-8.398498,-1.2507393,-1.4697824,-9.837623,-13.306913,-11.993191,-0.30021864,-9.596574,-31.152782
-213.64671,126.64343,-78.957924,81.866745,17.938513,0.3726921,-11.991356,-6.4412727,2.3020074,-17.901474,-19.603191,-7.106042,0.14271843,-0.48755923,-15.026321,-17.580873,-18.712515,1.3388201,-5.3821406,-27.481783
-218.2635,120.70802,-80.57756,79.66968,16.654554,-5.278684,-11.437698,-2.5561743,-1.5978043,-19.833809,-20.941578,-4.03852,4.589302,1.5215881,-18.993011,-20.59975,-20.854538,3.0335155,-3.9700198,-29.032166
-232.70686,114.60026,-76.83209,87.37959,21.96548,-5.866063,-10.00807,-1.1505697,4.714595,-13.394934,-20.88794,-8.129347,-3.8582625,-1.9002011,-19.882778,-21.806976,-16.796698,4.0712943,-2.2817698,-28.699703
-219.91681,129.56958,-79.792725,82.158646,21.412853,-14.047416,-19.616352,-2.669373,-2.344151,-8.7858715,-16.903015,-10.556515,3.5907874,-3.4494727,-9.534133,-17.264896,-18.193226,1.3942562,-9.525511,-26.674942
-215.25671,131.72717,-83.113625,84.08356,26.424467,-6.334035,-5.405058,3.7474518,0.1674068,-11.736795,-23.505295,-11.70413,-3.0002651,-9.739891,-11.787464,-20.377987,-19.423935,2.3267248,-10.668036,-21.671768
-209.11508,128.10992,-76.34288,90.87868,27.473282,3.4916527,-12.155697,-3.3898582,-3.6939979,-14.166266,-14.251932,-5.4647074,-1.1716863,-6.6928415,-11.215479,-19.307438,-9.325002,3.1524308,-12.298194,-19.662384
-184.34361,145.83737,-79.38716,81.12745,26.324482,20.043701,6.4179096,19.63536,14.983994,-5.8936105,-8.771601,-9.708065,0.7951538,-1.7563614,-15.422169,-18.897877,-1.9343591,13.34639,-6.935123,-19.365093
-165.63979,116.043884,-54.850822,72.05603,10.726963,30.035683,-30.651337,32.848316,-4.508028,4.0161576,-7.1351047,-11.54022,2.6250906,-13.18075,-9.599758,-18.633793,-8.619489,6.31425,-7.878119,-18.415249
-175.28603,121.16404,-58.080856,78.49617,12.335543,18.931704,-31.772446,28.245632,-4.1618834,0.8921882,-2.2097292,-18.027405,5.0313044,-7.5130434,-15.713328,-19.265783,-7.859992,3.4814248,-7.862274,-18.221302
-195.93323,139.16919,-75.57733,75.66553,17.689697,0.7535461,-11.418821,14.0640335,3.973012,-2.248033,-11.854614,-19.483192,-4.1992316,-4.2018623,-8.390017,-20.580631,-15.810203,-2.854641,-12.322266,-17.570591
-198.85951,145.94324,-79.37482,77.8185,21.667961,-8.932011,-9.064676,8.039911,5.729603,3.0862217,-3.4100542,-7.999749,-3.3354323,-9.013437,-14.649769,-25.25734,-16.71803,3.5288625,-11.465617,-15.970528
-214.75507,147.3244,-76.08486,76.15976,37.300385,-11.039666,-11.308708,12.837552,1.8140615,3.963555,-7.4083347,-11.22286,2.4248135,-4.5618353,-16.920395,-21.260471,-14.800892,-1.0833406,-12.17378,-20.546768
-238.29684,148.27469,-74.70215,68.01547,45.031097,-5.2197604,-10.742474,11.005776,1.2827985,-5.909435,-9.246519,-12.374008,5.7645993,-5.292186,-19.950478,-19.146671,-23.118393,-3.4231896,-7.2037215,-23.164343
-247.66382,144.49307,-63.24699,71.06943,40.633324,1.2651163,-16.779469,5.065442,8.251526,-2.1402576,-6.082901,-12.014707,-1.5519712,-7.391169,-15.321106,-13.378623,-8.549713,2.9359374,-8.612887,-23.168318
-254.72964,144.01048,-49.252953,71.92079,25.439907,4.242517,-2.6259313,1.7785071,6.933655,-4.601249,-6.51653,-4.566401,-4.5478525,-2.479777,-12.352533,-16.998966,-5.0438375,-1.259311,-10.8713455,-10.97337
-142.0122,84.024055,-33.58074,81.08606,-40.495327,29.412243,-16.464794,4.8741064,-12.169631,25.82253,-13.506741,8.522,-5.3085017,-14.678665,-6.5816402,-10.287646,0.6193778,-0.59991413,-4.3964405,-3.5997107
-87.53156,98.76668,-49.67724,62.83496,-47.964966,43.26162,-13.108633,18.691406,-19.68169,19.980515,-12.943783,8.375278,8.279688,3.2387877,12.632511,-2.4308047,-2.3152428,-10.665391,-3.3883271,11.138896
-115.134514,79.90436,-38.983036,62.83439,-51.16176,48.308483,-15.436836,17.163128,-12.707121,17.146997,-7.9205036,3.8813577,-6.044065,-3.1250126,-2.9501235,0.19017659,-3.7183378,-7.4463096,-2.2570803,9.322055
-166.26094,105.02726,-42.89298,70.8386,-26.5317,37.299706,-12.987519,6.363025,-8.6268425,12.151268,-6.9734077,5.2775707,3.3905206,-5.197742,4.239967,-15.758189,-10.087793,-8.3127365,-0.034719825,2.9550128
-211.4661,124.37476,-40.120132,65.22361,-12.430327,13.235399,-22.445093,5.6585274,2.9126306,-0.1715402,-7.5109897,-0.096943974,-3.2732186,-2.4904552,11.792164,-13.817621,-5.013151,-3.656535,-2.3490403,3.4737117
-233.53372,133.34709,-41.58731,63.042137,0.6224369,7.886871,-11.071106,8.062837,6.309624,-3.1430578,-15.714862,0.9459623,1.8006673,-2.3791344,2.8305302,-13.56141,0.83245283,3.1691916,-5.5280633,-8.881424
-238.21867,133.63821,-44.31964,60.711502,3.73623,14.110697,-0.5340328,2.2924879,7.353902,2.2736223,-14.290964,5.1490297,-0.3606089,-7.914353,-7.147198,-12.784712,4.643409,2.1845012,-5.9018235,-1.8945864
-246.72127,130.504,-47.87654,60.438828,8.417848,14.819071,0.57243675,7.0608244,4.916147,-0.10545206,-12.570813,3.1452832,-0.32602084,-11.77599,-6.5821857,-14.218136,4.477906,4.35048,-9.582661,-9.227538
-257.82343,127.70874,-39.55732,64.085464,8.398319,10.87068,-2.1339204,0.5515853,8.352563,3.2828126,-12.231333,2.2977664,-9.075054,-11.735399,-5.950058,-11.095771,-1.3204532,-4.1194234,-17.366476,-6.8834076
-258.3699,136.90543,-40.621765,59.79796,17.00029,10.0809765,-5.4774747,1.7422948,3.65113,2.8141437,-12.320848,-7.035047,-15.115049,-10.85055,-4.589217,-18.47794,-5.825717,-3.6562037,-11.2796,-4.7114964
-263.42877,148.44308,-39.942238,62.462708,20.009857,1.364713,1.5874085,5.802104,0.94837743,4.5311503,-3.5103135,-1.6135491,-8.14576,-16.23831,-8.9371,-12.382006,-3.3174238,-1.5257444,-7.353484,-4.667299
-163.64705,151.05382,-44.24862,38.317055,-38.46454,16.180885,-4.1610684,6.8350472,-26.023468,-5.15084,-7.8345456,-12.519928,-4.8410263,-12.429157,-8.336676,-4.7652216,-9.683135,-7.333151,1.728109,-3.2278712
-168.63576,131.7019,-19.17537,45.342194,-33.29863,43.85003,-18.955145,18.20277,-16.586468,-19.86575,-5.1805573,-17.061321,-17.454193,-5.881443,-15.622374,-1.2385335,-6.033887,-10.153276,-3.609274,-5.4593124
-221.73602,95.53372,-17.07425,55.733963,-19.021744,45.48349,-22.61252,23.824398,6.4397984,-9.123123,4.011817,1.339776,-10.929256,-3.3476748,-15.8654995,-6.5038676,-7.1423683,-6.86067,-5.969623,-9.315289
-278.52524,121.81324,-22.17863,52.694622,5.8229723,28.756348,-17.764664,13.385507,6.2143345,-19.83951,11.951635,5.0034266,-6.7503057,-5.7554317,-16.25143,-12.2588825,-11.1512985,-4.33514,-10.588177,-10.277933
-299.96558,127.56035,-27.36616,50.95687,19.327154,12.802347,-8.060751,10.323622,5.592662,-2.7702017,6.332508,8.369175,5.6577845,2.1840942,-16.86577,-14.420832,-11.088835,-0.6460464,-4.649063,-12.282513
-314.19092,135.6886,-34.98398,44.746483,34.430984,9.10047,-5.1939282,13.117481,3.9163303,7.0938377,5.6131725,-0.06358433,2.9657845,-4.4018245,-6.7050114,-6.3513923,-6.9657183,-4.1473484,-8.439227,-9.476989
-316.8739,140.79185,-30.234804,42.951096,31.737564,2.2822366,2.6928353,17.781841,2.61592,12.005299,3.0718894,2.6546712,4.7355075,-3.265878,-2.5915039,-6.72715,-13.405203,-6.5529876,-12.501124,-11.807999
-317.9741,146.45168,-24.56656,43.64249,32.432854,4.109954,4.440337,14.460282,-5.08628,4.2335587,1.231929,6.6042094,8.438221,-5.6399865,-5.4761915,-9.701478,-15.928105,-1.9408538,-7.298982,-13.227827
-284.5195,121.307976,-45.46798,57.62583,9.166002,9.581365,2.6021938,10.4590435,4.6275463,-3.0389354,12.378469,6.593615,3.6214433,6.1988072,-10.874893,-3.9379463,-9.314774,-15.142734,-6.480545,-7.1326866
-220.36916,92.10812,-62.53447,67.58035,-16.189997,8.992446,-7.418725,13.905658,-3.305357,4.027116,13.568467,10.803902,2.0566223,10.315054,-3.0869277,-9.745002,-4.560508,-5.9216814,-8.751389,-10.250517
-110.89536,115.94563,-41.70864,82.21282,-32.647476,20.024979,-6.357529,22.829468,-23.769451,-2.3063436,-11.900429,-7.6827726,-22.871578,-14.324041,-14.954182,-15.591609,-14.026018,-10.822474,-3.8251307,-8.146418
-103.88996,97.91116,-30.7425,78.52643,-24.389832,46.47204,-29.896141,39.58322,-9.694874,-1.2813,-10.941713,1.5178206,1.6807172,-3.109231,-9.44189,-13.332205,-18.881128,-9.983656,-3.4716105,3.8461657
-171.46263,125.75372,-46.315018,75.813194,8.51671,30.501545,-28.236254,25.052414,8.787834,0.6098809,-7.4917583,-4.7640104,3.3550458,-6.0925617,-7.0772486,-18.41546,-16.741634,-8.802069,-5.244008,-0.19709438
-211.73253,128.69754,-45.81687,79.16237,25.39133,27.03902,-20.010168,22.946587,18.14454,-7.916871,-17.712467,-9.3392725,1.8393066,-7.1418724,-13.497629,-21.19613,-17.83442,-8.122594,-11.936871,-4.50369
-234.25748,136.72897,-45.440643,76.87384,28.64481,24.202702,-13.808166,15.269987,30.66389,-2.6471891,-14.109855,-12.460403,-2.4969804,-5.0656724,-22.939789,-16.855486,-8.017635,-3.337251,-8.855151,-5.637315
-240.67233,142.39877,-44.248337,69.04387,36.394287,31.659424,-18.172338,-1.743433,15.108758,6.0181026,-8.866767,-23.311684,-8.421587,-5.311805,-11.142366,-6.232035,-6.826163,-4.403695,-5.7651715,-9.622322
-250.90205,154.33109,-24.474335,63.34233,17.235077,22.168415,-2.4180663,7.6284814,7.2278852,-2.0165298,-3.7112422,-11.808125,-4.6659937,-0.7567812,-12.683771,-7.8000975,-2.3446965,-3.3785558,-9.150392,-18.918152
-264.25003,142.69633,-30.348972,66.243256,23.306692,18.819431,0.6406307,14.131453,9.876151,3.1497746,-2.7754521,-9.773817,-2.725628,-10.260652,-22.020916,-16.266937,-3.862889,3.604209,-6.182173,-12.645548
-271.38882,133.81148,-42.008736,58.964935,24.554585,21.047447,-4.9184227,5.6154995,5.615885,-2.7378378,-3.1923008,-7.513438,-1.0685446,-10.083904,-21.175198,-16.495766,-10.034481,1.4128108,-7.099454,-16.178421
-262.82318,126.15195,-43.440613,69.80481,17.060205,20.115524,-7.280956,3.7036986,3.119336,-8.641081,-9.2994175,-11.512867,3.6806607,-4.922585,-15.533731,-22.312763,-10.58803,2.2009263,-8.370745,-15.009346
-218.55573,139.7572,-32.957626,80.15104,15.138726,24.02002,-8.188476,7.468443,3.9774964,-4.236426,-17.383835,-11.218004,-4.319092,-9.727615,-12.396902,-16.271706,-7.5266504,-6.196516,-6.1181173,-10.570934
-170.04172,158.11166,-26.661371,68.90379,-12.894548,28.602402,-12.047266,14.002388,0.36579728,-17.966621,-10.396687,-11.88002,-10.419046,-0.46091616,-6.4961286,-15.905479,-14.966789,-14.912851,-4.880645,-11.255041
-167.48192,136.16899,-31.37385,68.01048,-9.338842,38.244408,-22.219414,20.6997,-7.7616696,-33.20607,-8.0383415,-6.7241263,-9.980708,-2.1138268,-17.582266,-20.1516,-9.221586,-9.854639,-7.5600014,-12.098906
-187.12372,140.15527,-47.806328,65.003815,16.179504,36.750595,-24.23873,7.2333345,-11.29821,-21.889038,-6.719867,-7.603801,-3.1925561,-2.9102993,-14.299607,-18.260681,-8.533475,-10.128539,-16.902624,-19.861038
-190.14537,127.55284,-59.679882,73.21419,32.272896,46.07792,-28.598919,-4.1281533,-16.765665,-22.67626,-2.0307124,-3.180169,0.1688304,-2.2049139,-8.305222,-11.702049,-7.7797837,-9.65884,-19.632412,-12.821176
-197.47081,125.99211,-64.95961,65.81137,31.465565,42.571983,-38.902462,-10.305515,-11.6966915,-13.045307,-0.8408067,-11.588338,-1.0652863,-2.2175782,-0.94333464,-4.128192,-11.705671,-13.224342,-14.271036,-8.104735
-218.70078,128.3269,-58.43611,61.312893,36.12856,43.965157,-34.930164,-8.712881,-6.0088863,-12.1311245,-12.588394,-22.415436,-6.0403275,-2.7117383,0.1291027,-3.7259316,-13.324786,-16.985031,-9.963247,-6.552425
-241.76639,135.76535,-54.05258,54.87784,37.121536,39.771713,-26.145391,-6.2705784,1.4796039,-11.964021,-14.8375435,-25.349762,-1.4598365,4.3980083,-0.8210366,-4.032867,-13.08568,-9.796539,-6.840515,-2.6251688
-264.99622,132.82297,-41.196075,65.70955,33.144966,26.965183,-9.202295,0.15610252,0.73355836,-9.054316,-6.091049,-10.493061,-5.653665,1.0901427,-10.565961,-5.8978233,-3.8747993,-10.845007,-9.50689,-4.7956676
-264.75067,145.49715,-41.660515,60.359676,33.826374,22.05752,-8.873487,2.8626583,0.91165733,-14.290976,-6.0751896,-6.403452,0.74132466,-0.009618521,-12.947258,-4.1487455,1.034367,-8.355333,-14.316726,-10.85121
-178.68304,116.79259,-39.82412,81.36534,0.88872653,32.792336,-24.501541,14.184072,-5.828034,1.9345874,-0.7723725,-9.12236,-5.4115696,-6.841073,-11.327006,-16.98014,-4.53191,0.8173367,-3.747096,-12.594294
-75.75054,92.78681,-37.161514,91.546234,-34.414963,41.25193,-12.729419,28.374908,-14.371431,13.230488,-16.245815,6.7953644,-7.502782,1.2239071,4.0546236,-0.28281295,1.5823394,-7.5556316,-2.5156846,0.102264225
-104.405876,107.12723,-42.139854,88.68661,-25.851519,36.004272,-10.0060005,30.71239,-1.0662416,13.499641,-14.357854,12.072098,0.54045707,-1.0305507,8.9736595,-7.168914,8.810013,-1.6459796,-3.54217,3.8824985
-138.50212,116.44691,-42.2502,93.96536,-11.868435,27.135414,-8.061842,31.904163,4.3604965,12.185936,-15.047947,7.0891466,-0.99067616,-8.175383,10.390667,-15.5626335,7.51543,0.26683152,-2.572255,-1.349893
-179.88931,121.80275,-40.117893,82.67792,-4.601797,25.64882,-6.9342575,24.890684,12.556505,15.749194,-9.9593,6.8804197,4.996306,1.5881164,12.31357,-16.154837,6.877424,3.7886279,0.2085352,-0.493034
-214.2636,135.2092,-23.690912,84.444855,11.372959,27.759338,-5.382192,18.348095,14.596218,15.284667,-7.7668424,4.5962687,-2.709394,-11.84899,5.0737643,-15.015509,10.999579,5.036992,-0.939844,1.6201364
-225.80717,149.2458,-30.347038,68.23492,12.751047,33.16272,2.397041,7.8461103,7.038213,7.257101,-7.9679327,-1.422504,-2.9289072,-11.972724,5.472513,-15.953663,1.7302349,5.1446056,2.2228246,8.368965
-234.99644,157.60794,-33.124634,58.40589,17.375004,30.925058,17.461246,19.286278,2.374349,-1.3309228,-11.777884,3.9391317,-1.2739531,-9.885174,6.999072,-10.167054,0.8361788,2.5235822,0.37884772,8.321887
-246.7271,162.91675,-33.61258,53.208508,25.577003,23.320198,14.131935,30.012688,7.971715,4.4947596,-11.969505,-6.2496557,-1.5603106,-15.521207,3.7597873,-13.63328,-0.70947003,13.063833,-3.5805223,3.8168519
-255.63023,175.31082,-36.31891,43.834114,35.613205,21.534334,17.269018,30.683498,7.8290296,5.6425586,-3.8780465,-7.0837197,-4.318286,-10.980792,-2.4661243,-10.406496,-5.1680136,5.9851866,-0.14934683,0.22080696
-262.5313,176.6999,-30.550064,42.26335,31.36954,13.2147045,5.6821356,24.602465,26.311,9.70751,0.33043754,-1.2755152,-11.830318,1.4103577,3.3042789,-5.291825,-10.874705,-2.407504,2.4320216,0.8951762
-262.2027,168.08955,-28.110321,45.315815,23.613968,16.949375,-1.0449461,16.24546,25.98288,2.7751534,5.9906473,1.7871596,-17.003887,0.9873579,-0.24672148,-7.812765,-6.682812,4.2019877,2.4259129,5.280407
-223.47707,112.47412,-2.6561582,57.4843,-6.930352,47.132645,-36.816166,21.408293,26.390842,3.0137544,11.927759,3.6659079,-17.750992,2.4470375,-5.45217,0.8871033,3.174089,2.1640484,-3.8225768,5.370894
-218.40787,105.60362,0.048458397,55.691628,-11.8107605,52.74798,-32.59089,32.19233,19.835869,-6.073581,16.200825,10.0215225,-7.6453595,5.5124416,-14.441835,-8.953381,1.6784976,3.3694565,-2.4623868,5.0855303
-255.05844,142.48468,-22.230602,54.171776,13.829321,25.924782,-14.173964,16.790823,17.797403,-2.6817472,22.422935,12.733063,-6.089788,2.3684502,-14.543058,-11.939133,-0.26102757,12.497864,0.8256791,-1.2446386
-271.17218,160.31406,-16.047104,47.460407,16.566492,11.964466,-7.035654,12.962612,17.256136,0.39099753,13.497929,14.813385,0.13114154,4.7336216,-15.881416,-11.301882,-1.4000905,13.922102,4.901185,-3.6012726
-270.38516,172.03648,-22.806911,38.596367,22.380817,15.042448,-3.859424,8.966945,10.801809,-0.9487327,9.276222,10.898408,0.46530402,3.9334888,-4.6432247,-4.6489925,-3.4673846,5.5637484,-1.9048746,-0.760466
-275.86923,171.33157,-22.979813,38.01986,30.618544,12.911224,-2.4448624,13.739754,4.4048243,-0.41546243,9.251479,13.587791,0.24770868,4.891044,4.6695976,-1.6448858,-5.801444,-2.5757604,-3.200386,-1.03014
-290.89288,170.06233,-20.414938,38.571198,34.79856,8.582292,-4.5811243,14.021181,6.1375895,-2.1075783,6.390092,9.29884,-1.634496,10.002281,11.412958,0.758996,-0.7858362,-1.4814645,-7.4693885,2.5788057
-296.66714,162.83578,-14.395868,44.092384,32.212498,5.8729763,-5.7399273,7.508623,9.083946,10.944011,3.5462537,5.526108,-4.207011,8.37134,8.637021,-1.9854748,-1.382832,2.9724221,-5.1897707,1.485548
-299.07785,163.23822,-16.637714,33.12722,27.487013,11.03914,-5.5053473,4.5954666,1.3984779,3.386605,4.5034738,4.8701515,-0.8519869,9.112083,5.9049425,2.6389785,5.650073,10.479989,2.650757,6.563608
-206.31621,170.77234,-39.935425,43.664795,8.295961,23.30931,-25.671196,6.4641256,10.328344,12.903988,18.480463,-3.7260952,0.9030317,-4.3563805,-2.4259992,-13.882916,-11.243368,-0.2932014,2.1746457,6.2380877
-101.490135,97.67506,-42.295723,71.03964,5.860547,65.2179,-47.87896,20.561783,5.0584936,4.0828285,-11.84661,-1.8003025,-7.7291946,5.4985905,-8.539201,-12.60433,-13.126789,10.8997345,0.38931346,11.924129
-128.11044,128.22491,-55.22984,76.08934,16.670734,37.159084,-41.57064,22.217808,-5.8359566,-9.993909,-6.466321,-6.8899918,9.950621,4.555382,-5.866727,-5.265442,-13.528935,7.1669083,-1.166719,-2.4448857
-172.99936,123.793205,-82.20709,89.22386,37.979683,32.329437,-20.622616,10.495046,8.819288,0.23542869,-11.294373,-22.985956,-0.31895852,-8.160465,-10.639353,-4.492169,-2.1842937,9.911703,3.1691446,-3.485201
-198.78181,119.20967,-80.44847,88.06374,37.076958,21.602499,-21.253437,-2.1022391,10.93348,10.7502,-7.937051,-16.776873,-4.478663,-9.365248,-10.099551,-5.28547,-2.6878285,6.617016,4.658582,3.5954208
-224.23155,120.01308,-74.38136,85.24231,33.78054,16.918625,-9.779997,2.514655,9.594877,-0.91853386,-4.9612665,-1.4735963,-11.966369,-19.320318,-8.762306,-6.4105225,-0.6185272,-0.38180327,-6.6863794,1.1617565
-232.22786,114.62308,-77.94205,84.51436,26.040625,7.6697273,-8.4484625,0.17639345,12.109319,-2.6649895,-0.5376046,2.4291863,-17.670525,-23.000048,-17.556677,-9.365162,0.8643872,0.1045239,-8.021726,4.437509
-240.68968,118.32836,-74.95224,87.903595,31.575161,7.5472565,-11.232781,-2.9485977,12.096553,-4.043328,5.320542,1.4965113,-21.400434,-30.487646,-20.582928,-4.3847146,3.5599406,-0.08200288,-8.420383,0.92997754
-253.2317,110.40167,-74.4562,86.74817,41.759304,19.285816,-11.936886,-6.8866863,11.833546,-9.012056,-1.8830645,2.2065806,-15.91092,-26.971153,-19.23932,-3.7895386,-1.3099737,2.742307,-7.0731936,2.633183
-254.18298,110.99742,-74.463135,86.582726,37.44615,16.329151,-6.335043,-0.98224974,14.965795,-8.608177,-1.6569769,4.6146164,-15.639393,-29.015244,-20.725304,-5.964377,-4.790924,-2.829772,-5.3214326,6.6387596
-232.93288,114.90413,-73.034706,83.43204,26.468685,16.91944,-8.236966,5.001583,20.809093,-8.331789,-3.4014223,1.9777389,-14.758278,-20.414715,-10.169636,5.000692,-3.162571,-1.0591217,-8.39775,0.033469915
-212.98389,133.82825,-66.260315,86.768234,27.13085,18.497702,-2.6378255,19.759415,28.46639,-2.3589213,4.1280546,3.0932114,-9.718746,-19.92941,-9.9571,10.458989,1.663183,1.7100813,-3.5650575,2.6494985
-147.30766,103.97836,-53.70792,83.26856,23.62227,47.52789,-38.567795,0.96863,-7.487868,2.4895248,-7.790639,-2.2756128,-17.140316,-11.832472,1.2024794,10.4646,4.528372,0.24885881,1.7296411,8.398527
-166.71237,100.895355,-59.878235,86.67621,32.89473,45.02138,-38.673347,2.5528338,4.0882063,7.039773,-9.535542,-8.671435,-11.394949,-11.46763,-3.4823675,5.8879004,-2.274155,2.064075,5.4670606,4.8808713
-198.70921,121.8682,-76.18605,91.52274,44.323257,32.007137,-23.41401,-9.467516,13.875113,12.420372,-11.959953,-14.574818,-7.381266,-8.914633,7.6156855,7.58414,-1.7899783,-0.29107738,1.2829943,2.6432822
-198.1968,130.48267,-76.01593,85.482285,33.077385,18.365862,-28.76538,-11.386219,18.761105,18.469372,-2.466806,-14.405296,-3.479602,-8.713139,6.282431,4.329316,-7.891774,3.1470492,5.9790287,9.446882
-193.19482,126.839584,-72.87334,79.7112,22.456385,20.338402,-23.474346,-4.8415866,13.14111,12.308763,2.6579149,-3.968195,-4.864352,-9.707161,-6.4707127,-5.8897724,-11.422139,6.093897,9.507761,6.833537
-218.43723,118.63864,-67.475136,85.1407,31.517889,26.848545,-14.249134,-6.2532444,7.719535,5.022915,-10.730071,-15.363516,-7.0943456,-6.0170717,-4.7977715,-7.872761,-15.916299,-3.692975,0.7703048,1.461519
-258.60513,121.68118,-53.981003,82.86812,43.41624,23.90911,-14.425381,-1.2429085,8.7752075,1.0969322,-5.515172,-18.390327,-9.851219,-14.7630415,-11.398019,-4.3548985,-14.788368,-6.347888,-2.712358,2.9088728
-273.56067,104.286285,-56.129917,84.20132,40.48945,18.005459,-8.013389,-0.92610526,9.684914,16.636467,2.165103,-7.75889,-6.812624,-12.613602,-13.098765,-2.436946,-2.356947,3.5416002,9.948373,10.609639
-252.82295,127.79463,-58.783035,68.12796,26.763262,15.588352,-3.8196106,5.6121187,7.442191,2.5293963,-3.52139,-10.037207,-0.2740667,-2.1989884,-5.342757,1.6419203,-6.4931216,-6.5437512,-1.7988895,4.4716682
-107.0076,133.459,-56.867157,53.151512,-22.264687,37.82372,-9.598671,29.192467,-6.5470686,3.1986866,3.6601033,4.5768085,-5.6662617,3.3005264,1.3078854,-2.2913961,-5.134603,-2.9057148,-5.3720465,-2.1342223
-104.60667,98.12777,-16.721882,62.21852,-27.116497,61.84368,-36.66956,25.631496,-9.592175,-0.03679998,-8.742886,1.9574081,-15.75045,-2.7450044,-9.387785,-4.6735544,-6.898678,5.1121993,-5.734783,-5.8304634
-161.65215,135.72485,-34.325554,61.588585,-9.390834,34.24314,-22.890228,14.319649,-1.9091992,-2.984611,-4.1392508,-0.1003021,-10.256763,-4.935041,-7.4592466,-8.488362,-6.324992,0.034231424,-3.1694303,-12.141783
-195.47005,152.98776,-31.496315,63.447746,4.6336613,20.634485,-12.16798,13.06097,-0.75967145,-5.8888836,-5.499588,-3.6663857,-7.5618315,-4.0986414,-5.391831,-7.475155,-9.078481,0.63161945,-4.141597,-11.906818
-230.58539,170.7799,-35.54049,61.73736,23.587532,10.737645,-8.250635,4.0021024,8.402079,-6.650553,-8.811663,-9.170097,-10.069066,-7.0573883,-6.797558,-5.606975,-7.88014,1.1672251,-4.794589,-8.345499
-251.3648,177.11703,-38.918102,45.964367,31.318222,13.44003,-4.254113,0.49759614,-1.1284178,-2.6544654,-7.291336,-9.984453,-3.054848,-8.625402,-6.310655,-5.916952,-12.28742,-0.41035724,-7.67437,-8.972235
-257.79465,176.6824,-44.54936,40.102768,35.186447,11.739565,-0.98075795,-0.25039577,-4.8792186,-2.3189154,-4.9674845,0.72948253,-1.1807139,-11.859131,1.3268325,-0.11976171,-15.239046,-4.2215466,-5.675231,-5.949738
-262.07217,171.59987,-37.26265,42.201874,24.671352,1.8285294,-4.9913054,5.127569,8.782471,-4.8923073,-16.953156,-5.3004856,-4.566939,-0.5354007,-0.9022087,-3.6987529,-13.131668,-7.5750895,-1.8688216,-4.4865546
-255.42476,172.65807,-45.047108,34.72764,25.724785,8.885485,-1.5011888,7.313745,8.509935,-8.202173,-14.144711,-2.9121833,-4.578314,-0.8054303,-6.3056297,-3.5895796,-8.248307,-5.9329805,-6.881977,-3.501324
-263.66608,167.8794,-39.35608,36.675064,24.074738,1.2002251,-2.7751312,14.352042,17.50807,-2.013088,-11.768099,3.8993733,-1.9416915,-2.268032,-3.9402483,-2.5009987,-10.39167,-5.5291824,-11.422134,-9.617685
-236.949,157.84488,-41.28145,48.354145,-3.5085986,10.396452,2.3377576,4.764854,8.154887,-11.364897,-0.14322245,2.687223,-9.438767,4.727139,-0.009385228,-4.8001337,-11.281036,-10.562435,-5.0922313,-4.4294567
-154.6417,152.5928,-35.98139,45.953503,-37.4449,36.752083,-2.5152514,4.5601454,-13.533579,-18.629185,1.618795,-3.5731397,-6.8452854,0.39392436,-7.3674803,2.8046508,-4.3535595,-0.23803161,-1.7393588,1.4099765
-195.47523,116.93805,-22.729734,46.2843,-21.524467,53.514477,-25.667347,14.903197,-4.1005626,-13.811569,5.8095884,0.6825996,-4.230442,-0.74238205,-10.04446,8.220451,-2.5234187,-13.365326,-5.054844,-11.529907
-237.07729,124.825165,-20.60199,47.190353,-6.6339407,43.57967,-18.761889,11.435585,4.9355707,-13.958893,5.5031343,-5.3540564,-11.800409,2.3235078,-8.691492,3.8356047,-7.287324,-10.007965,-1.0332365,-6.1509023
-271.88406,144.97485,-21.693441,43.353397,10.548239,22.136917,-12.845973,7.58432,2.2276063,-11.456472,-0.14525634,-8.608139,-8.220319,0.44270682,-3.987277,2.133544,-7.43731,3.7517712,8.41343,-1.2924726
-290.12772,151.34991,-18.05769,45.26704,25.363947,13.579595,-12.153547,2.1501334,0.53516704,-4.5550556,-0.5513202,-5.2333183,-6.7731934,3.3586602,-4.4596395,1.3096676,-3.2320514,2.4558463,6.7480583,3.908543
-291.69608,159.94064,-18.22875,42.031803,29.097878,9.130297,-10.217109,4.1777544,0.006791532,-1.5362222,-5.5947104,-10.525197,-10.190458,2.1824205,7.234321,7.3135896,-9.196785,-3.2858624,8.470932,3.7904594
-292.06967,163.6337,-17.535309,37.38266,23.924343,8.472044,-4.269886,-2.5782547,3.6908216,4.0259347,-5.784817,-1.9808484,-12.038501,2.9412065,2.6252012,2.8473024,-5.362009,-7.3208528,-3.382286,0.2109083
-284.2821,153.03923,-13.618631,43.620872,13.690351,15.555505,-21.35089,-6.847482,4.1572785,1.1864264,2.3179684,-11.093601,-4.8214183,0.19772243,1.1097676,14.057311,-5.2140193,-3.7790332,-11.884663,-6.3391557
-241.54141,124.53429,-28.798925,74.16034,-9.678092,12.423089,-6.4134016,1.8696653,-8.58876,1.8157189,0.8778382,-8.149339,8.316517,4.4283314,2.865752,10.884892,-4.2126784,-8.8875065,1.1784462,-7.323
-168.10143,89.591064,-40.622047,106.97881,-28.899446,2.9421082,5.93575,16.6021,-22.500383,18.146545,4.6226463,1.9425074,-2.1095333,5.6699634,1.9736881,-3.1920142,3.0786352,2.6150017,1.3511438,-18.221321
-122.16976,82.63101,-18.14182,108.20079,-18.157166,38.053383,-23.176815,29.626186,-21.632328,10.379572,-4.680526,-5.662162,-12.2828865,-5.806242,-7.305124,-6.648081,-11.610695,-12.534083,-7.294207,-8.871416
-142.72957,89.98436,-29.146751,95.5974,7.340868,42.156895,-50.78535,28.400518,2.0276191,-5.202365,-17.344893,-17.87373,-21.864754,-11.86087,-9.606117,-1.7657521,-15.907183,-14.693468,0.7037106,-2.2937565
-186.09871,117.66992,-56.44448,98.91847,46.38817,26.0934,-42.716797,14.584233,3.2699609,-7.896799,-16.307396,-20.006565,-11.346205,-8.685559,1.8946006,-4.1732464,-12.061493,-10.32551,-5.5076733,-2.509811
-204.2311,119.66112,-68.240074,94.77786,52.84974,24.432543,-34.43822,3.9494176,7.1800947,-11.676335,-17.123978,-14.016136,-6.548562,-3.098576,-5.0998707,-3.6256838,-9.088249,-9.985321,-5.6386642,-4.8559756
-205.00175,121.70409,-73.47536,74.83909,47.928238,31.15062,-34.707542,7.270687,12.57033,-3.427701,-10.934206,-14.071623,-7.5050826,-5.997711,-8.383032,-6.74808,-8.533828,-7.664782,-7.6602244,-4.4098935
-220.16527,134.79984,-62.646286,66.489655,42.61384,38.986877,-20.307144,5.6465516,4.609446,-1.1889464,-2.2478542,-17.665192,-7.9410915,-8.2340145,-8.71347,-7.415352,-12.472754,-10.280653,-6.561394,-10.783418
-252.34183,146.16293,-35.11579,63.6444,25.472698,17.510113,-4.794843,8.359705,0.10239279,-8.880247,-9.856455,-8.625718,-0.25579572,-0.7716938,-9.886067,-5.84844,-11.178551,-12.274092,-5.1632204,-7.604706
-263.64505,143.76178,-32.756702,65.518684,24.808285,10.629417,-1.7010895,6.664085,1.0576228,-3.5220094,-10.623324,-6.1093807,-0.100616276,-0.33528894,-2.2998617,-0.7493778,-10.577419,-9.764978,-6.432494,-10.364906
-280.50095,127.75261,-43.26493,68.817154,34.734665,11.503859,-0.77247596,3.5725853,4.395422,4.195775,-3.9071136,1.3414406,-4.681734,-3.3758464,-0.005291939,4.1253257,-3.2232807,-8.71232,-2.5970628,-4.8346562
-261.24124,130.98534,-44.281723,65.089264,24.74771,18.770987,-3.30086,8.007737,1.1554577,0.52547735,-0.47059524,-1.3659883,3.0291648,-5.0068064,-3.1196089,5.212863,-1.0427483,0.7846783,3.5421515,-4.1160264
-214.25067,161.60025,-31.710743,70.063385,19.401222,16.280107,1.1449887,10.74461,3.3988814,-5.688334,-15.802223,-5.1953473,-7.116328,0.5154984,-2.8386812,-0.9962034,-5.853655,-9.73981,-1.6776996,-3.6768165
-185.43463,151.93286,-45.158997,60.144547,5.576379,26.95086,-15.51317,21.008717,-0.5121046,-27.441223,-16.24416,-13.24015,1.6832751,-0.38658488,-16.16148,-17.96011,-14.084021,4.424176,-2.5489798,-12.649038
-168.8001,127.23926,-60.321503,58.071175,1.7315217,38.996284,-26.92442,1.8746637,-12.153496,-27.551342,-8.772847,-5.476469,-12.442179,-10.441647,-20.398842,-13.046197,-2.4576285,7.690331,-3.9485135,-13.870392
-190.95047,125.2087,-70.18819,56.299034,20.983946,39.218674,-30.235363,-1.1941776,-10.790471,-21.49044,-5.703403,-12.742937,-22.435072,-18.152666,-1.2482979,2.1492877,-10.000776,-2.6311026,-9.805885,-13.713156
-226.4329,116.53743,-60.262936,66.47011,29.35616,34.920464,-20.09921,1.5107912,-9.740026,-21.839775,-9.645164,-17.822706,-23.747719,-17.450886,0.19570485,-0.6894553,-18.93916,-6.5484858,-7.0372987,-3.9698436
-292.71075,109.5032,-50.45726,56.28031,32.894382,21.53805,-7.8618917,1.3202016,-1.5092274,-10.560085,-11.545059,-10.822027,-5.879265,-0.7998374,-2.9337678,4.010565,-5.3943243,2.7054396,-4.806437,-12.906483
-301.38446,120.89567,-45.55682,51.043545,34.07631,10.880877,1.7258847,9.792536,-6.515648,-9.925794,-16.6566,-12.381727,-17.225258,-8.884819,-2.4125593,5.1158614,1.5125117,2.4216318,3.8404882,-5.6275473
-304.98495,113.50041,-52.036827,47.644787,39.76374,19.25642,-1.4391911,10.536324,-3.5164952,-14.442327,-18.983984,-8.026573,-7.808444,-3.8468685,2.923684,10.000492,3.1876674,3.0010054,-2.9550743,-8.664645
-270.17166,105.94405,-64.601074,72.32974,24.06464,7.121274,3.5616775,15.286423,-6.7200065,2.2471085,-7.370229,-13.27137,4.321444,-11.22398,-5.6454515,7.147756,8.0282,10.335997,-4.194014,-6.9599304
-193.12288,80.78211,-62.65808,107.58185,-7.8467665,3.5183663,3.2305222,20.10727,-28.864494,4.8588905,2.7043843,-14.151714,-11.961578,-4.950056,2.8007827,-6.9617043,-3.834573,-2.8765082,-3.3139904,-13.481579
-107.403755,111.04773,-57.752174,80.94002,-28.64345,23.04449,-12.644189,23.509867,-13.260858,10.133774,-0.52098,-2.4258192,-7.965353,-8.147688,4.776087,-0.76512,-7.060894,-8.25874,5.204537,3.6072032
-54.14584,104.82853,-26.280445,87.38666,-44.189613,39.337807,-16.373163,23.270245,-16.704464,23.376022,-19.977602,17.175074,6.7471027,-4.525351,-2.386526,-2.5320966,-2.5413895,-5.1559615,3.3277178,3.2907414
-66.715904,116.35069,-43.04065,70.97284,-33.923126,41.496803,-28.814728,24.687271,-7.136571,18.65205,-17.128792,5.6537623,2.5108716,-7.279285,6.2303,-5.2055755,-12.324813,-17.77184,-5.4106092,10.503889
-123.74123,133.37811,-45.918865,86.8275,-0.7019376,35.391594,-23.989517,13.236509,2.2761557,9.497013,-21.433966,-1.1780858,5.3536377,-9.37767,0.40514743,-18.693901,-6.3363714,-8.917763,-4.6608896,13.334875
-165.80936,143.38826,-50.757786,84.461105,17.435213,24.60765,-27.5728,13.303057,11.195641,19.82616,-9.016857,-8.4565935,6.1973505,-13.68956,5.266802,-25.400967,-10.284836,-1.7213634,-3.9325979,6.743446
-204.84297,152.11948,-44.240257,75.70949,24.53091,25.257195,-13.351623,7.2080445,6.950864,21.333595,1.085472,-8.317377,-7.104309,-23.843014,4.827218,-15.7364,0.6047046,0.6443074,-8.772122,4.555935
-228.61287,145.58807,-29.829832,79.90898,24.142483,30.817455,1.3629823,9.9282465,1.3592305,1.7337933,-10.575947,4.1452127,1.7013149,-13.132952,0.5273323,-25.782103,2.493903,-3.1076007,-8.298541,13.08194
-236.70404,148.702,-29.940582,70.135025,28.494457,29.84341,7.243002,16.464844,3.0730875,7.7295704,-9.288761,-3.74717,-3.5066295,-9.976856,5.7661285,-10.288849,1.0550652,-4.5403786,-12.692296,3.1311276
-255.99574,166.34016,-22.633911,67.78903,33.987732,10.45355,3.5243762,22.160187,3.5830445,10.593028,1.3530877,-7.8933716,-3.5861313,-8.124869,3.8823292,1.0496004,1.7600757,-0.10552108,-5.8237753,-6.54669
-257.2779,169.13953,-21.11195,68.471756,36.204514,7.3817687,2.584621,20.309004,6.0739717,12.530741,-0.21895766,-9.100979,-2.9195776,-7.0987062,-6.2350235,-2.8292356,-0.4177641,-0.25345492,-4.48894,-6.4012833
-258.4819,170.60217,-25.202246,62.94274,34.272243,5.943974,8.139489,22.313057,11.530606,9.697837,-3.6976638,-7.6013656,-6.0604362,-3.1486802,-3.6979837,-1.6543696,-1.8921924,-3.1155849,-1.9513506,-5.221718
-245.80167,181.02048,-28.397285,55.03686,33.397366,12.35178,9.50592,18.578144,3.977088,-7.319724,-16.364132,-8.881182,3.1757977,12.37264,3.9303572,-3.3707047,-3.5423946,1.2121097,-0.8389032,-5.8577266
-207.0485,157.14421,-37.148895,58.16701,21.153217,42.1627,-6.1957254,13.14065,-7.0775175,-21.877361,-4.6173124,-4.845624,6.2310925,11.127088,-6.394902,-7.5571117,9.443974,15.015268,2.2098682,-5.665168
-185.54733,131.99109,-34.647003,62.744415,18.48742,55.012672,-23.516182,7.986688,-15.874479,-15.25675,0.01927793,4.231612,-0.0008236766,5.269437,-2.6745605,-1.8578259,18.998543,10.527109,-4.04838,-10.845985
-200.0173,151.56259,-31.576218,54.433796,19.377731,48.247025,-24.00724,9.798317,-7.9320717,-15.575394,2.9540527,-2.579568,-3.9565902,-5.5400705,-0.38148367,3.1094275,11.622381,8.737038,-4.4396067,-5.41626
-252.05534,150.85263,-28.594305,59.881042,30.245947,35.814793,-6.066724,4.5430326,2.042621,-9.136653,7.130166,4.974098,-4.6915746,-5.29145,-9.778263,1.2493232,2.929618,7.215307,4.2664876,-2.1191657
-286.4561,152.7747,-21.09238,56.365616,36.070007,29.367939,2.7391562,5.4008136,0.9655963,-4.94625,8.553059,4.665049,3.310834,9.062349,-5.8388386,4.5256023,6.664954,-0.18113142,1.0742542,-0.8127631
-294.0032,145.38617,-18.422207,64.776215,46.47074,25.794083,1.9293602,2.3440132,4.9835615,-0.26638514,7.319148,9.2119465,-8.967147,8.080506,-5.9059424,-0.74727726,8.471544,3.6919847,2.345451,-1.4567089
-301.5163,156.86166,-23.250443,55.221867,47.152325,14.643253,3.6621318,12.7025795,6.6999445,7.136874,5.2161474,0.72612756,0.5774523,3.76962,-2.7121973,0.5810651,0.91628987,1.0260433,4.6057396,-1.6573644
-283.9268,162.20999,-25.774319,50.17937,39.431152,15.154219,5.838378,9.651875,1.863323,-0.29354024,4.074125,10.954679,4.6979094,7.2366924,-7.2100606,1.8850795,4.650922,-3.1131291,-1.5878756,1.5178298
-221.82507,148.6114,-38.951252,73.56568,11.840979,18.357096,2.1429958,6.8460817,9.406519,3.6870549,0.4043545,5.1466446,5.5210624,1.6071122,-6.3615084,-2.1521697,-0.3433244,-3.1136184,-7.918084,-7.866702
-111.16594,158.23322,-56.93245,64.43325,-23.213776,19.089886,-10.724388,10.787947,-9.248519,8.295438,3.166132,-4.146591,-6.952841,-7.6225977,-7.7061462,-10.864355,-1.6017408,5.20735,3.9197128,0.2372523
-50.3253,100.0514,-38.57363,86.716,-34.31376,43.55007,-19.452347,18.783886,-18.371376,25.41028,-18.008614,5.990853,-1.4288676,-6.4727983,-7.1754475,-11.900079,-1.0250477,-3.1385427,-6.046834,8.514038
-70.188354,102.5614,-36.838417,83.22569,-37.038128,50.363396,-19.734747,23.184036,-20.319038,14.503118,-7.57024,-3.9946246,-2.8074234,-3.710765,-1.4212824,-9.033265,-10.980768,-7.443279,-8.6835785,3.8889377
-146.46074,128.56311,-34.424496,89.33377,-12.479462,28.452751,-21.994507,16.067648,-4.869273,9.854201,-11.092584,-4.647768,1.5450501,-12.654631,9.751394,-17.763203,-1.3158356,-4.3042994,-7.8469925,9.452241
-180.66287,150.0698,-31.239817,87.205475,13.965879,19.870998,-13.672623,13.450302,-8.944633,21.527233,-13.864072,-13.6930275,3.8773031,-20.436106,13.322893,-19.651659,-3.6159806,4.373828,-12.798739,-3.3584447
-211.39555,158.58023,-30.61364,72.66051,23.990822,31.958366,-2.6403306,5.3292346,-13.613364,11.598401,-5.8394003,-4.279167,10.75675,-18.591755,3.7963142,-21.973202,-10.066602,3.1756668,-9.754051,3.7262552
-228.4222,161.30139,-33.963608,64.41094,27.409784,30.181358,-2.0313425,5.4354696,-13.721874,0.14279842,-1.7091663,-0.61354685,12.358569,-8.613399,10.784367,-18.952255,-13.317535,0.083213866,-13.694151,7.373554
-228.71977,166.27457,-33.536407,55.985962,19.61742,21.810658,7.6231976,15.091354,-8.751116,2.1618695,-9.169439,3.201136,5.7320433,-16.118568,7.6100197,-12.212036,-4.6055913,-1.206277,-13.034166,5.696705
-233.06004,171.22989,-35.924305,53.604706,18.565836,13.901808,1.5465642,11.950094,3.985667,1.9912573,-10.168521,3.3526459,3.0479808,-7.1597347,4.5368257,-18.244759,-1.4628445,3.5971465,-8.305605,-0.94124043
-247.56113,179.43735,-35.911118,43.20294,24.674015,9.8019905,3.4091718,12.402433,4.4442406,5.5577984,1.7029401,1.0468588,-1.4499742,-1.985104,-8.264364,-17.363712,-4.3533688,-0.2906972,-3.4745069,-2.7159123
-258.87772,172.44931,-31.995575,44.467194,21.837929,-2.4534218,-4.473263,2.7623453,4.51649,9.350446,4.6964316,2.4228873,-15.664459,-3.4587934,-3.9657187,-9.908118,-5.8513765,-5.2633753,-5.864192,2.497181
-259.34174,163.7923,-34.891453,41.196938,18.609491,-1.0541832,-14.244907,-4.0495462,4.242247,9.495827,7.1597986,10.680237,-11.455895,-9.283752,-11.394072,-10.595884,-3.0132065,-7.093383,-12.480516,0.5306843
-255.66359,162.78043,-37.256836,34.995033,10.968837,0.4556545,-7.533529,-7.3535256,-5.891974,7.0621834,7.163821,9.665644,-9.8098135,-1.7829705,-13.731754,-14.929516,-2.0632224,-5.8903933,-9.96159,-2.9541168
-268.47562,163.7757,-42.02179,27.984112,16.115425,-9.495515,-14.499443,-6.9001813,-11.693571,6.342559,8.876655,9.2824745,-3.141378,-0.36295822,-11.897622,-19.052235,-7.152323,1.0976665,-4.5405526,-1.0827217
-278.22775,168.84668,-34.880108,31.397852,16.558702,-17.353157,-16.881466,-3.5709739,-5.7604885,1.0031402,0.273163,9.061129,0.4441626,3.479381,-6.4684334,-18.411663,-8.710698,2.9330254,-2.8347783,-7.5319343
-278.89386,171.15683,-28.438322,24.811714,17.246029,-9.8548765,-16.337164,-7.722949,-11.450204,-3.3449879,0.44962502,10.112422,-1.886203,7.204033,-11.69817,-14.647761,0.32607397,1.6177942,-6.730263,-6.218093
-285.29044,177.29782,-28.229828,18.24734,16.520407,-5.773035,-11.417545,-8.633669,-14.749992,-6.789295,-1.9310949,6.6969633,-5.585923,2.807409,-7.7848973,-16.135553,-6.6676664,-2.252584,-10.013336,-4.318077
-291.15726,174.26044,-23.695591,23.772457,24.355473,-9.160912,-17.32066,-8.742407,-19.387785,-8.982402,-2.756055,4.2429075,-5.75955,4.7421045,-7.3209257,-17.750092,-9.861883,-6.0401874,-6.6822324,0.87304085
-292.11337,176.39359,-21.41681,22.395138,19.113335,-10.698571,-15.398827,-8.164667,-11.4543085,-8.257463,-11.210896,0.40234625,-1.5057456,8.406061,-5.993294,-12.979521,-8.141336,-4.4842167,-6.260894,-0.027394295
-230.35887,168.88783,-57.69261,39.449585,10.98679,-0.6718397,9.929935,-6.4760656,-18.760162,-9.065169,-9.582238,1.2197398,-5.809167,4.731595,3.4710798,-4.9087806,-12.176472,-10.406093,4.1367474,3.2789974
-209.67224,189.27887,-39.115288,19.311705,-1.813957,6.537412,-12.406588,7.149405,-8.570464,2.2579343,5.4209914,-4.025058,-4.630928,-2.384928,-1.8572688,-2.1053987,-7.8588777,-7.7346644,-2.047286,6.504798
-69.93606,97.888626,-41.893646,73.04318,-54.838333,29.196518,-5.5560436,11.875191,-24.439873,22.334412,-18.043892,8.8347645,-12.217044,-2.0143569,5.0092325,4.158169,-9.025797,-23.423857,-7.42204,4.378868
-106.20175,73.135864,-38.037834,93.21522,-43.11588,42.81906,-5.540464,10.466713,-27.091793,20.767971,-24.433819,-3.7255907,-5.539261,-9.5828495,-1.0299407,-11.792625,-3.956383,-14.585495,-10.749256,4.676652
-165.94528,91.352776,-23.733585,93.66745,-36.514122,35.842693,-3.7978535,10.923721,-15.040068,8.138351,-16.591042,-4.64198,-6.0050526,-13.906393,3.7694082,-17.912228,-5.6347685,-12.537775,-14.394661,0.40290427
-201.00656,104.41664,-22.85968,93.1776,-20.010487,26.932487,-6.4417496,1.3204325,-9.733931,9.049046,-14.950642,-3.700861,-8.235504,-18.720541,2.1707778,-20.344097,-7.773205,-13.16921,-11.38521,4.90518
-228.46484,115.10417,-20.825256,82.09734,-9.763264,23.949598,-7.8557377,1.0301539,-7.171837,2.5341005,-19.264006,-3.1388316,-7.41017,-24.360968,-2.693017,-25.831074,-4.84566,-8.816249,-18.08881,-0.040163875
-240.03304,125.68173,-19.003622,70.22012,-7.6294312,31.635662,2.0736122,5.237837,0.25763178,2.5920758,-16.71474,-7.456496,-11.099541,-21.455421,1.3172708,-20.887146,-9.417832,-9.406711,-15.191622,0.44321495
-248.93143,123.273285,-20.245352,67.96811,-9.143856,20.960732,4.0796423,8.948718,3.336091,5.3610134,-21.635761,-9.517891,-15.966061,-19.426807,-1.8569926,-22.733137,-6.4211574,-14.416976,-16.909336,6.5015097
-251.75282,135.41039,-22.322964,60.032703,-3.276585,21.728264,2.7565672,12.925361,6.2654696,6.0923834,-13.33106,-6.7137556,-8.008202,-20.859194,-9.336846,-22.635393,-4.7677836,-7.4803615,-11.886351,-0.34847105
-265.24396,140.98285,-18.658733,57.153214,3.3044858,7.0642815,1.6557808,8.972503,-2.9788663,2.6732974,-8.793151,-9.199667,-14.891367,-10.025389,-10.373922,-18.470625,-7.8943386,-8.575591,-11.341617,-1.2048957
-275.9569,148.32645,-21.333534,53.539795,13.100252,3.8192463,1.091469,14.561421,-3.5864325,-3.5731368,-4.766927,-11.125979,-16.098772,-6.0719233,-4.2657166,-16.688374,-11.638426,-8.281717,-6.872914,-1.3952036
-294.0795,141.1157,-23.81369,53.700203,15.419481,1.5447273,-0.3138157,9.839013,-2.324789,0.40715563,-6.802247,-8.439065,-14.026605,-10.042032,-10.744505,-28.704819,-18.510849,-4.0714493,-4.6319466,-6.531989
-303.1339,135.98773,-18.841175,53.457054,16.821178,8.385242,3.8274717,-2.0144265,-3.3021617,3.1593547,-4.1231585,-0.86541224,-17.044683,-5.6347337,-9.326117,-18.399347,-13.570058,-11.525982,-14.570949,-6.2193823
-301.30902,128.68895,-20.648945,54.979187,23.193317,15.199579,0.38797158,-10.7392235,-9.438705,2.8964727,-11.913207,-0.38054365,-7.742966,-1.2318882,-14.476695,-19.492874,-13.889513,-13.137277,-9.957233,-3.7414646
-315.48642,137.93658,-10.866387,50.97591,21.170496,9.682316,5.6683984,10.094105,-3.134674,-0.35224295,-9.43268,-2.754131,-1.5830171,0.2924589,-5.619709,-10.082616,-12.059828,-11.26999,-10.156719,-8.606192
-324.85577,140.51906,-10.867339,42.817493,25.523733,8.521439,3.3293853,14.870371,0.30811524,-4.223524,-12.985453,0.5052301,6.38533,3.6958761,-7.552661,-10.183383,-11.387846,-6.9625125,-11.086571,-16.738121
-329.18262,139.91037,-13.7800455,37.524063,23.791893,6.8556643,5.5151134,11.571873,-2.6715064,-0.49457443,-5.5712886,6.317215,4.138922,1.136194,-11.186247,-15.674475,-10.426884,-6.3624907,-13.293991,-11.398708
-332.22705,141.03268,-10.909986,34.96698,18.670593,6.5162287,4.9254313,11.712815,7.7251196,8.923934,-1.6208618,3.7846732,-3.2254853,3.3547587,-3.6515725,-13.407982,-14.357582,-10.288559,-14.254244,-10.624084
-323.46613,141.78697,-13.662146,36.625694,19.158375,7.421436,0.14741927,12.053402,5.149084,2.2708097,-6.9685774,1.943355,-0.034811735,0.808263,-2.6329062,-11.7077465,-13.847353,-7.6133175,-8.16953,-6.5162487
-325.18732,141.48428,-21.271341,31.12043,16.87119,6.4508643,-2.1040733,3.14358,1.5591428,9.508881,-6.815613,1.5063696,0.110625505,-8.848907,-1.4492016,-12.752069,-14.385507,7.3465114,2.4697719,-6.764899
-307.35446,149.84067,-23.143526,28.975739,3.8235497,-12.9716,-7.3771405,13.283693,5.0677505,4.625924,-10.15534,1.1110659,-1.3589534,-10.5102415,-3.600935,-5.3599463,-3.5801437,1.5614853,-9.242931,-4.3807
-219.19388,173.49783,-46.894558,34.787727,2.9841862,7.1649055,12.415812,29.527504,4.6198587,10.701967,-3.3294134,-5.949598,4.5593615,-2.9546719,-6.459344,-13.717454,-6.208417,12.807381,5.2958565,-3.2444103
-154.11005,201.7355,-44.192535,44.963375,-14.112672,-24.628937,-17.272358,22.578644,-2.0897312,-1.2679129,-17.746605,-0.032123893,14.453157,-4.352984,3.3805602,7.0359573,-1.2800703,-1.3422588,-4.071109,-8.135407
-146.22693,190.07022,-74.38966,37.191475,-11.403913,-16.45381,-11.630009,24.988604,-3.6937494,-3.3015823,-7.4206524,4.7388587,17.235462,-11.311181,-0.068062186,5.20962,-5.76382,-6.7004967,-11.772465,-6.7022314
-141.06021,183.12424,-85.65476,37.952988,-5.3186727,-11.485794,-4.171022,22.407845,-11.155465,2.918261,-7.6625166,9.4669895,17.337742,-17.25771,1.7042769,3.0090432,-1.9336312,-2.2863464,-12.613867,-6.3088202
-150.78044,181.75563,-77.35953,42.477898,-9.0361805,-13.951305,-11.08118,12.220587,-4.266456,7.8087635,-13.013718,0.14481854,5.876373,-21.560358,5.786002,-0.019428719,0.18329877,3.9254444,-13.203394,-0.05124402
-185.70569,172.39883,-72.7632,39.72798,-7.0100923,3.629043,7.3710575,13.702997,4.7232475,2.571218,-5.8601184,7.6778398,1.3973391,-21.338448,-3.844675,-11.814126,-0.63724566,7.8937564,-3.0471857,6.2091646
-221.31697,164.06036,-56.918083,36.03585,-2.0092945,-7.0987797,8.380104,16.810242,2.8012397,6.744245,-3.2515144,13.387842,1.5270346,-6.934561,-4.4595747,-8.182154,5.1934404,7.0014195,-1.6106696,4.7475615
-263.03494,175.92499,-39.34134,32.967102,1.7764121,-11.96455,6.8343663,10.270262,4.296996,-3.112566,-4.020494,11.977766,2.7535882,-6.412504,-6.1798134,-5.456499,7.5065875,12.209111,2.8635654,1.7102296
-283.38367,161.21378,-39.905132,36.03081,16.785471,-8.125816,-0.9629476,17.641022,12.8610325,0.12297505,-0.6310718,13.974176,10.553031,1.5377722,-4.5612755,-6.5558705,1.3631716,1.7365065,-3.1545873,-1.1368616
-282.4337,161.6319,-36.31533,33.18497,11.882086,-10.067517,5.4930263,17.93015,9.688683,1.2860456,-0.55080974,20.070919,8.505992,-2.530612,-6.406992,2.4945374,5.1799645,-2.1848524,-8.303523,-5.640746
-274.59302,166.00354,-40.558014,28.358261,10.033434,-10.866055,12.772126,28.214138,15.618229,0.06389499,-14.277981,15.254692,10.877186,-3.0426345,-3.9386718,0.61487675,1.7219565,-1.8238249,-10.091099,-3.2941616
-280.43994,171.43283,-36.846825,29.79737,13.387349,-13.963852,9.747652,26.858927,12.596938,6.8697762,-2.990893,9.291,2.1282563,-3.2673328,-0.9213035,2.6039314,1.1748416,-8.923355,-6.961419,-3.6421995
-272.65482,174.41287,-37.486416,31.081316,21.193169,-6.589436,4.708153,23.200787,5.852372,4.003396,-5.1616645,7.607909,10.944606,0.35105467,3.4274616,1.2410706,-3.069203,-3.985157,-7.4655457,-5.6334085
-284.1328,170.92616,-30.540863,29.825771,16.120575,-11.428746,8.736568,25.261772,11.479049,4.7722197,-7.284774,9.809097,5.8588657,3.5489354,0.7357776,-1.581456,-2.0270226,-0.9076144,-3.7503533,-3.5815353
-278.59326,166.3299,-31.364403,27.951157,10.058922,-9.379059,7.960596,25.767792,9.084081,0.7843851,-2.4640727,10.914053,1.3535395,2.6945448,-1.4568393,1.8267168,0.5990939,-4.4175644,-3.4825525,3.8599105
-282.85602,154.86775,-40.20181,25.862103,9.88649,-5.009012,7.963976,17.665508,10.996476,10.77764,0.44673645,11.639243,1.2233005,2.0385528,-0.94301873,-1.6138505,-0.54327637,3.3975198,-4.1529207,0.11486441
-272.6635,156.68555,-33.904186,29.240507,4.1798773,6.717591,-0.5887164,8.347384,6.7298603,3.8501701,-3.3702238,2.5885282,1.8665462,2.7513304,1.0298781,7.14122,10.327618,8.114473,0.48682678,-7.7487283
-273.02783,157.43024,-29.785255,30.521141,1.1113954,3.1510391,0.6863756,9.077589,3.5454051,-2.8726628,-0.4569571,7.9783554,-4.8238306,3.0330362,7.214013,16.450861,10.948717,2.3044305,-1.5613332,-7.844307
-250.05318,165.06927,-34.224243,22.900642,-15.093534,3.1399367,-4.4295864,-2.9446669,3.8346806,-0.7455872,3.2775066,14.14678,9.205913,14.96331,-2.0286448,2.9497387,8.794391,0.91381675,-8.250324,-9.423809
-241.77847,163.19473,-42.188744,29.325424,-5.0924716,5.486263,-13.31735,-0.5821278,7.906738,-3.7675936,0.7728518,9.390299,12.7748,10.773611,-4.8448257,-2.1656904,-1.0767517,-0.6057311,-7.6853356,-6.075599
-174.34528,169.96786,-48.4748,41.90433,-19.810795,1.2152858,-19.774435,6.136984,8.791359,-0.7257595,-0.20509681,-3.4379754,-3.389443,2.4219155,5.6291428,11.509287,-1.3987374,0.9409158,-3.662019,-5.775073
-120.67228,179.02649,-78.75398,33.56402,-31.343542,-2.630653,-14.170076,13.285974,4.6365476,-8.680349,-4.336163,5.1832476,-4.770129,-3.3261595,8.594506,9.305003,-2.2555954,1.7143377,-3.2235456,-10.907335
-79.12934,143.43826,-81.47579,42.872322,-45.83789,8.93633,-17.39206,21.67426,-7.875997,1.618767,-0.97226447,16.273216,-0.9161756,-9.160213,-0.29874533,-1.4249415,5.54036,1.5145984,3.7295618,3.5457256
-61.252098,104.41376,-66.28451,68.52136,-57.157032,27.586666,-13.791961,28.107964,-7.3235407,12.557639,-15.861462,15.422478,5.4244924,-9.682618,-2.6687188,-11.260012,4.882453,-3.7981262,8.059675,8.0984955
-85.208046,125.29602,-70.164246,60.33738,-42.826477,35.6417,-7.0121775,29.584839,-12.441946,9.99065,-10.106747,16.159946,18.336708,-17.960522,4.8368316,-12.58066,0.24879235,-1.7034763,4.9448743,2.2440255
-106.08632,127.73814,-61.707085,50.0567,-27.287811,36.20459,-10.819838,45.350174,-16.269703,12.726282,-0.29483664,14.466283,20.915802,-23.134972,5.0677476,-5.935498,-13.3378315,11.12623,-0.9751167,-4.764458
-144.81631,139.26178,-66.27734,43.902725,-15.156553,26.913853,3.7199402,46.13012,-13.727658,6.2636213,2.57269,13.880962,22.637104,-17.408497,-1.4607252,-9.125029,-12.812875,6.7031884,0.33695287,-6.798595
-171.14664,155.99219,-73.235565,41.07224,-17.352253,18.68071,15.875708,31.051605,-1.303644,-4.314571,2.0590265,14.210953,15.019096,-11.818136,1.8347849,-6.134615,-1.8185014,6.3669753,2.0959942,-6.680995
-189.9472,160.85243,-57.37435,38.712234,-16.737272,20.928566,17.63041,30.587662,4.3484144,-6.870791,7.137091,13.356935,1.9037199,-5.7454977,0.91121817,-9.002714,4.646268,6.8281207,3.2996714,-3.893254
-220.76427,159.18839,-40.57399,51.53019,-0.8214271,28.435446,16.006468,18.892479,0.26515734,-7.151013,6.60232,11.253586,-1.4543092,-13.110867,-0.22779131,-2.5200982,8.471841,3.913975,9.7707615,5.0204353
-228.91862,163.73361,-43.776714,46.848465,6.146617,15.303043,12.95623,18.763168,8.662766,3.554973,6.949525,13.549566,-2.7847424,-6.3849454,-1.205482,-13.192879,-0.97355914,4.576683,3.3765905,2.5672374
-237.35954,173.91763,-45.431427,39.690086,11.411861,12.745033,13.2681055,17.968338,7.656008,0.9585555,9.924635,14.893947,3.331956,-3.7679281,-3.8551087,-9.734379,-0.47847223,4.09079,-1.408138,-2.1115568
-242.34009,184.1442,-37.483753,42.004093,14.817346,0.8127321,11.833519,15.415016,5.075861,8.840194,7.8403153,13.537871,-0.078751445,-9.815689,-0.6366215,-4.6950855,-5.6159515,4.1866903,-5.1040506,-11.5233135
-239.57994,188.79556,-33.70334,40.763523,10.954031,-1.4013387,11.625747,18.192844,8.177801,-1.9023768,-0.25521344,8.78563,-0.3835492,-1.815643,-0.14791673,3.9352374,-4.4713497,-4.422061,-7.937934,-12.306873
-233.33423,170.21585,-28.613243,42.750755,2.858543,18.204296,-0.99407935,15.831447,13.554632,-8.558804,6.3475924,6.149248,-7.9827666,0.36171424,0.8982742,1.4547093,-3.660701,-1.6124787,-1.5002756,-3.8119905
-208.5728,129.96178,-12.329123,52.41995,-15.779192,38.535088,-18.052307,26.035732,10.531555,-11.348379,9.034002,7.168551,-8.987383,-0.51789284,-9.565539,5.878298,3.540045,-6.9288635,-4.136611,0.25277236
-216.63206,143.02249,-19.150455,50.907436,-3.9938612,32.699768,-18.604439,21.83588,3.9997015,-14.255978,8.284916,-0.023121119,-1.6636119,7.7474914,-1.9101588,0.4433715,-6.0617266,-2.064693,0.10582811,-3.6157732
-245.16524,158.42868,-28.110779,41.933758,12.141787,27.150888,-0.77870977,12.262628,-2.7008617,-15.226287,2.6331325,2.3312314,1.8207259,8.910872,2.2648063,2.477915,-8.390452,-1.0353484,-4.2533045,-2.2027688
-261.6676,163.68419,-37.742546,34.985016,18.132454,14.477015,17.69971,25.001188,1.7188168,-11.448053,-4.6341996,4.986782,-3.2080107,1.8117092,2.8414454,3.9624164,-3.6988409,3.7134953,5.156354,-2.1248693
-272.37625,163.17505,-33.538094,31.112274,12.63876,10.42589,17.853205,16.72081,5.5777106,0.55262524,-0.08482069,9.196447,-4.7097974,2.0884821,-1.0864269,0.97370493,-3.0815217,8.192676,9.034632,-4.4364586
-279.25772,165.89853,-30.613747,34.26085,18.104885,2.963316,10.459503,17.380552,5.554264,3.400611,5.4482555,11.383982,-4.1169744,-2.7529156,-0.87825954,4.5546465,2.4149888,8.866064,4.135654,-7.3412523
-278.0497,160.89664,-38.466377,29.84547,18.176678,-1.4273642,8.226823,24.818003,9.581312,-0.7885095,-2.5197196,15.844262,3.35379,-1.0908376,1.1038502,4.926927,1.123981,7.1836834,2.1643987,-8.976789
-240.0504,176.3391,-42.237118,29.721975,3.2288394,-1.1204777,0.93751687,3.4813251,9.291542,13.24645,9.366993,17.361248,-0.2098468,-0.90035486,-6.179469,-3.6263404,0.43058097,-2.4730985,-0.9485543,3.0193925
-224.27715,159.13348,-35.87226,54.328793,-12.194923,18.04036,8.600097,0.35063803,-0.7732079,-4.3183384,7.1137214,6.576503,1.6295973,0.19501233,-1.6020912,4.572254,3.8148177,1.9464546,2.1707768,-4.49946
-130.89433,131.85373,-31.93198,49.691975,-47.63228,40.894753,-18.198053,5.668784,-26.21234,-2.5747175,0.70802724,8.447282,12.641981,7.7440805,4.7819448,2.014467,-0.4325899,1.7553245,5.017398,-0.3985295
-168.30424,81.19266,-10.416439,53.04364,-49.49006,53.62506,-29.79952,30.474966,-8.624903,3.893739,4.117242,12.4276705,1.2065027,-0.9861493,2.739242,1.3850377,-7.6650205,-1.4706998,-4.50172,-14.21481
-236.63463,102.2829,-20.72134,38.162613,-32.464104,44.92859,-14.163723,18.58271,3.1598482,0.72787625,8.467718,4.4453435,1.9415487,0.16693234,-1.8654869,-1.3773663,-1.9388113,0.4746716,-5.2930546,-2.7033956
-283.03406,129.73886,-25.049347,26.731556,-9.45373,20.09042,-3.7267184,12.030052,-0.7264142,-1.814677,4.9469624,-0.8247552,0.80907416,4.2844386,-0.3215157,0.31462947,-0.503391,4.7796326,0.17389089,-3.270353
-274.76373,115.90767,-22.754948,39.745743,-26.183474,23.136717,-12.092817,10.285885,14.248476,-7.7318234,-0.45855665,-4.5254025,-0.45952034,6.071327,9.534527,6.3407817,1.6864625,4.3461637,1.5804878,4.864605
-246.7581,75.342804,-14.502636,66.95068,-53.002068,32.821938,-16.622587,12.127909,14.199117,-2.879603,-3.8905318,2.6495888,0.2914816,-0.2589035,8.577217,7.751023,9.744644,-1.4939128,-3.5606225,-2.137793
-220.56679,48.03943,-20.23473,75.37062,-57.684288,44.953484,-17.933569,14.7116165,3.9730003,0.7810091,-6.3629246,3.0580087,3.0636172,-4.926899,7.8907843,9.462629,0.64259714,3.0028172,-6.1582265,-7.560767
-207.34206,38.54972,-18.990192,73.83476,-59.213367,54.127155,-12.617884,13.47666,5.817685,14.234819,-2.940442,6.880907,-0.08344293,-3.886188,1.1855849,3.3456738,1.3121502,5.421344,-3.2880816,-1.8414019
-187.9604,26.019905,-25.01624,79.866066,-58.97524,52.049377,-13.8060055,11.778027,-7.9611664,15.827227,-6.895377,12.547939,6.7795005,3.7501125,4.86927,-0.3743677,-8.2793045,4.6518726,9.466333,-1.2327743
-166.83093,39.69921,-21.534147,87.62912,-55.597305,41.793686,-21.509178,5.3743052,-13.137178,11.309035,-8.147539,13.019992,2.7401567,7.992301,4.18886,8.964292,2.1662393,7.223525,4.3901634,-8.2014885
-118.51434,115.87487,-35.150303,67.10394,-29.459593,54.10677,-20.48964,14.4787035,-15.440579,-3.6902661,-4.8846517,6.8083105,2.6530704,-4.3761573,2.7885423,-1.8891276,-1.6811634,9.752709,-7.5561476,-14.048479
-96.48199,153.9613,-75.61159,55.509865,-21.7603,22.036352,-29.950016,8.358939,-13.750927,-16.140507,-2.161337,12.622021,7.138806,-6.6520433,5.958235,3.0238414,-1.6833302,1.9969556,-3.442295,-17.042519
-85.9655,158.66687,-101.79843,44.270798,-22.702917,6.2707233,-20.767056,25.273918,-3.7806964,-0.84570813,5.713727,8.488492,5.7818427,-5.0569687,7.043228,1.7344356,-6.964031,6.539708,-0.39031577,-14.005651
-104.20726,148.49982,-103.68184,46.854855,-18.756403,8.56488,-10.908718,26.834196,-7.2408504,-2.944744,3.356952,7.029115,12.392456,0.010634065,7.2269664,-1.9178102,-13.51301,4.7728815,-0.37768054,-9.231855
-114.459564,145.53998,-100.09292,45.362175,-23.261843,15.947638,-7.042325,23.144558,-2.8744452,-7.3378925,8.906069,14.035542,7.1348476,-5.7349644,-1.1127169,-2.7364187,-9.989092,2.7778454,2.2733493,-7.591722
-145.95572,146.66719,-84.00049,53.34867,-18.264334,18.943195,4.7633133,10.57641,-2.8750033,-0.0792878,5.251095,5.8768816,-3.3701286,-1.4433162,4.099826,1.9429492,-4.8831654,-1.9342396,1.453455,-11.247432
-172.27675,158.94626,-74.24924,50.734642,-4.3768754,20.732998,-8.164082,10.535231,6.63064,0.33235425,5.638049,-12.490829,2.3566706,-5.649388,-9.599443,-6.1601906,-2.3257067,8.461161,4.4983234,-5.7885156
-197.28612,154.26006,-59.34796,62.748787,1.5478501,18.665474,-13.478024,-2.018189,10.250824,-2.3500476,-1.964885,-10.15551,1.0778253,-2.2909622,-6.4241014,-5.0987196,0.210625,11.183912,-2.928132,-14.660932
-145.44406,130.83582,-57.063034,69.2233,-25.952335,17.919262,-14.790779,-0.48451668,-7.3503857,6.9231014,-10.924898,7.145114,8.180792,-1.9514625,-2.6999867,-10.679311,1.3200475,-6.3379726,1.1475716,-10.23549
-101.0585,98.96889,-37.949593,74.9137,-53.869453,30.713257,-15.668077,6.3207135,-17.77983,26.252104,-13.262663,9.245172,-1.6608603,-6.401029,7.584214,-6.7181625,3.9451134,-2.710466,3.3284516,2.8029294
-90.890625,120.98027,-52.388603,60.76621,-42.56084,32.224556,-15.341719,10.385149,-27.269579,7.4739633,-14.772211,4.830739,-1.115271,-5.012194,14.350342,-7.5538244,-3.2660148,-10.173378,-1.1364135,13.250457
-82.18752,129.5634,-67.81123,64.10039,-27.769897,31.126143,-28.414742,16.971628,-21.971687,1.2778828,-6.8723583,12.744586,4.7294545,-14.766954,9.332199,-11.909246,6.27378,3.9634755,-7.6238976,-7.8132744
-63.75511,128.80035,-75.88794,45.142693,-37.936157,27.702919,-30.090334,34.84755,-20.960135,7.2294645,-1.8123574,8.409344,2.8806667,-5.5473566,11.467491,-3.2600374,-4.3963776,2.5390472,-3.5783486,-12.709845
-98.57818,159.8718,-93.03924,36.87869,-19.747204,7.832396,-12.168003,32.864937,-22.577501,8.392464,-1.6691236,2.4692388,18.980667,-20.257774,11.385407,-4.150996,-17.987223,2.9228718,-8.906343,-5.2202206
-122.86291,154.60704,-96.22829,42.121437,-16.029488,5.3478637,-9.454217,22.697262,-15.586627,7.383608,-3.0090709,-0.117685795,14.380913,-19.538342,11.552059,-2.5332274,-15.830917,-1.4074731,-16.321201,-2.9648066
-140.23508,154.28793,-93.89363,40.905655,-19.460102,-3.3585017,-3.314729,26.340801,-6.2944117,12.457613,-4.7839146,1.8123473,12.826954,-23.315353,11.290318,1.3388267,-14.855339,-1.3476965,-16.03396,-12.087963
-146.67229,164.5341,-95.61961,41.81617,-8.991997,-3.7367082,-3.204307,20.443233,-0.8555778,14.358505,3.6880066,5.3803086,18.88304,-11.717705,6.87751,-0.794438,-14.849541,-2.595582,-19.566763,-10.8553295
-149.25926,173.75685,-91.75911,37.64602,-12.611304,-9.390026,-0.81879836,16.38028,-2.607582,15.071428,9.451284,6.7044954,7.863159,-12.648968,3.9178827,3.366419,-8.351389,-4.8842645,-18.631796,-14.622367
-163.71513,182.13965,-78.004654,36.29364,-12.542034,-3.6489835,1.7577697,16.761608,-6.37792,-12.600372,3.2829084,8.428104,9.199821,-4.487975,6.312011,3.9792838,-9.996289,-0.64527786,-8.984059,-3.835296
-175.92245,184.03952,-64.08725,43.562767,-15.939844,-0.8522359,2.3689277,4.547609,-5.514906,-16.538979,4.3490987,14.73291,2.3693488,-0.2165122,0.8449614,-8.428094,-10.132246,-6.2665157,2.7770228,1.6073476
-140.75653,158.65112,-42.247765,54.38552,-24.909275,24.03312,-11.735903,6.6007624,-15.799644,-8.823925,-1.6666569,8.298065,-2.710124,-1.4647769,-1.2727801,-3.985797,0.41152406,-5.4378448,-3.8771012,-13.789876
-199.12865,170.25961,-54.226097,41.55687,-5.4727616,8.899355,4.0730963,11.1062355,2.5557613,-4.877552,0.3625679,11.735453,-2.3352978,-0.9727157,6.2032094,0.68072426,1.7666184,-4.1135945,-5.154989,-8.673533
-186.21338,139.33505,-28.089752,51.8667,-17.422586,26.74311,-22.55201,27.860348,6.035659,-5.8404884,12.00621,3.5061917,-0.8722476,-2.879963,-8.835856,0.519134,-6.3530083,-6.178726,-2.9189823,-13.412179
-171.74803,124.980896,-23.701176,46.23227,-23.625992,31.889996,-31.07581,24.982605,3.0645711,-1.0373149,14.959736,2.8516412,-3.8033943,4.7638707,-11.504843,-3.3022795,-10.769075,-3.04433,-1.4035199,-9.896828
-200.54112,160.38641,-34.021233,45.001045,-12.939718,9.575084,-8.396696,19.137123,1.637042,-8.414282,9.966175,5.319371,-3.4973493,4.8006988,-6.4261694,-1.2088292,-2.3611362,-1.6652982,-7.8560667,-8.25666
-211.4713,169.51581,-50.449467,40.861412,-0.584125,7.3867764,2.0425203,16.396706,11.241552,-3.8287756,4.3782706,7.8935795,5.8611093,7.3083787,-4.5824027,-0.978026,-8.319906,-2.8867774,-10.525495,-14.508641
-224.32942,170.81287,-49.458916,39.86272,-0.32261294,-0.3914544,9.225155,12.929151,9.250694,5.244583,1.850756,8.123265,4.1088643,4.4463153,-1.3671305,1.4337103,-4.4417086,1.9952662,-2.1662781,-9.123966
-239.56485,169.76868,-49.705452,46.40744,12.491325,-0.28467762,5.0807962,8.529021,9.043862,1.923955,-1.4059024,7.335099,0.98017913,-0.5979917,7.270644,3.8263628,-5.271418,2.6890895,-5.855362,-12.686683
-239.8679,168.27908,-50.598686,40.822166,5.344531,0.7674024,10.129267,11.476366,7.1536255,1.2428274,4.330844,4.9735556,-8.7835,-2.485663,3.7049341,-0.10721016,-2.178279,6.2085786,2.9861553,-3.437336
-225.50728,169.56659,-50.12906,44.702248,0.49148357,3.2043166,3.5832822,2.3596442,-1.0395646,-9.62695,-7.705453,-0.51742226,-3.0125635,-2.8060308,-1.7543756,-5.5185266,-9.0890255,-0.23701888,1.3539569,-2.9095263
-157.60168,160.6717,-32.108593,71.008194,-20.462635,10.156262,0.57819754,4.6465397,-5.430871,-0.080002576,-22.152067,-14.303381,-11.268036,-8.224336,-13.841982,-7.1103115,-7.207918,-12.843866,-1.8131454,-8.898655
-124.81055,143.06448,-40.961033,55.255013,-20.051882,36.9661,-14.593021,31.052605,-13.449175,-7.5752473,-2.0079298,-2.347198,-2.5733778,-6.6340504,-14.300678,-21.890285,-14.607691,-3.6987915,3.4497447,0.043216705
-135.9763,117.14264,-17.537462,48.65263,-34.709854,47.696995,-22.950455,41.74229,-3.6782455,-16.374508,-8.157923,4.6798406,-10.912763,3.9868007,-12.388938,-21.33947,-7.688629,1.6807749,-2.4560058,2.5590515
-170.04608,162.93637,-32.817215,43.603016,-19.335201,23.70765,-8.706851,25.846039,-6.3670774,-23.42781,-3.0724432,-1.208818,-11.066912,-1.0963783,-8.046283,-22.36489,-9.830202,0.3748318,-9.537601,3.0497322
-188.25902,164.2963,-49.353226,44.918854,-5.9692535,18.842247,-3.899947,15.647009,0.8082618,-10.576791,0.22470236,-5.59133,-10.158766,-5.064994,-10.75454,-20.133974,-3.9544902,11.032799,-10.56234,-8.528002
-187.60532,167.8526,-57.218254,44.879696,0.2119134,16.959747,-7.096566,10.869853,3.3122516,-8.781935,0.49278307,-9.79529,-14.546644,-6.229494,-6.8075676,-19.01963,-8.21475,10.098861,-6.0955944,-4.3786993
-193.87352,171.70892,-55.132645,39.577606,-6.1260295,15.976389,-5.8123627,10.595917,6.3830976,-9.68796,1.579779,-8.484122,-9.02887,-5.4311914,-8.639856,-12.543587,-5.1044235,10.386503,-3.523427,-5.4775043
-203.28206,173.7716,-50.15793,41.195934,-2.330707,21.014427,0.7553667,10.885046,2.8140247,-16.687168,-4.522681,-4.052573,-4.82296,-10.547889,-9.901217,-8.609371,-11.678072,-3.0450923,-0.11292118,8.0349655
-217.81064,167.29645,-53.84169,46.932106,8.56349,18.743526,-2.386184,0.16154289,5.730399,-5.6810884,1.9677639,-4.763978,-4.5472465,-3.846014,-15.390892,-4.1434956,-10.384544,-16.445686,-3.4818788,2.0267475
-219.44014,165.50076,-58.192505,49.292587,14.062526,18.284695,-0.47560883,3.1476731,10.651693,-2.7484956,-1.2730782,-10.378895,-13.339651,-6.582455,-17.773746,-11.006913,-8.054691,-11.7689905,-2.6298885,-6.768442
-129.31883,178.87346,-71.839516,54.279297,-2.650716,16.231304,-6.1496,-0.21153246,-12.109322,-12.615241,-3.6951041,5.395526,1.0231103,-3.5198045,-12.556048,-11.1568775,-8.701449,-8.767078,-4.090806,-0.18711138
-116.24479,171.29222,-78.45021,59.560257,-8.235774,15.058512,-8.081442,9.5577,-11.032965,-21.110537,2.5850708,12.739195,-2.2869527,-9.362953,-11.372835,-17.788544,-19.381145,-10.460299,0.20442873,-5.7483883
-97.51608,164.85391,-94.748566,49.010868,-14.172274,19.059372,-7.183291,16.764091,-10.532066,-21.220608,8.37003,5.8156414,-15.182647,-8.035185,-9.586857,-13.956417,-14.096548,-5.506674,-1.5210924,-8.124761
-93.81653,160.53049,-95.69325,48.14512,-22.1669,13.622755,-9.924961,16.310097,-10.653025,-16.489943,7.5046444,2.3628993,-14.135649,-2.4024127,-4.191603,-7.8013463,-16.093832,-18.626942,-6.4122043,-1.9789376
-119.306984,149.69022,-95.40552,52.284077,-13.265736,14.411621,-9.501961,15.970423,-11.177388,-18.34351,0.56544757,6.060821,-0.14662318,-4.5636177,-2.5211654,-2.800639,-13.149902,-8.342689,3.776569,-4.271621
-129.63417,154.09644,-83.56001,60.09795,-9.705534,16.658262,-8.30227,4.574132,-14.035032,-14.559126,-4.247936,5.064971,-1.5671123,-8.505757,1.8830575,-4.9625416,-12.490483,-3.893979,1.0393727,-2.2057333
-193.039,139.93904,-72.08352,56.8311,1.8429834,16.078922,-5.426939,4.3670444,-8.903936,-7.7930403,3.6015186,1.279011,-11.225007,-11.348899,1.8860198,-4.603708,-9.586587,-8.2008705,-1.2450806,10.188709
-225.89252,139.47873,-58.658752,52.586098,0.13733989,14.79553,0.54647374,9.876524,4.8180747,-0.63042027,7.7913456,6.3519316,-2.7563653,-3.1131325,-0.9237819,-10.531025,-15.2474785,-11.392163,-5.9930577,-0.93519187
-198.9411,102.02516,-52.34002,60.437626,-22.052582,35.415226,-3.837498,22.811718,4.6139026,-2.2758322,0.37530828,10.547968,4.349351,-11.23966,0.3265329,5.155033,-6.5832534,-0.7638,0.9439041,-5.3802924
-150.45697,60.54186,-44.02366,77.22379,-51.06057,46.195663,-6.18664,16.101477,-12.803096,5.753955,-5.7297354,14.83967,-0.714166,-8.827027,-2.3082936,7.275434,-8.429126,-2.1652856,6.5222063,-8.123448
-107.69454,56.691833,-42.948254,74.60654,-57.388107,43.42251,-13.041363,27.51715,-12.496046,19.981327,0.70187986,21.086693,-0.6779839,-8.761958,-13.290306,-3.9601145,-1.8043754,-0.7532452,0.80199265,-0.874775
-75.3082,93.546844,-37.228374,69.81683,-54.493835,47.53726,-4.8653536,29.81601,-18.532814,19.84041,-16.646795,11.196964,0.096206546,-11.495458,7.730622,0.5512935,4.0679417,-4.7365494,0.064593226,7.2728324
-71.82333,103.95273,-49.075546,73.696106,-30.904373,57.030052,-21.187416,16.577312,-14.213516,16.192562,-10.445663,5.758705,3.8080797,-4.6063933,1.4620082,5.2736135,5.985368,7.1173096,13.325644,11.2158
-107.14188,122.03902,-68.15342,78.75389,-8.272844,43.55167,-16.5438,8.309544,-9.255594,10.568632,-3.641002,2.3157938,4.0913687,-9.313034,6.7950816,-4.3045316,3.887415,13.454323,11.547247,13.066357
-127.70308,125.50345,-83.65642,80.77102,-3.1542718,27.136185,-17.267944,9.629074,-0.9527819,17.327965,5.228943,-1.6802089,8.192648,-8.194468,-0.100443065,-13.455861,-0.90136623,13.779714,14.253014,6.977317
-140.5626,133.31674,-86.02673,80.918686,15.762516,21.2489,-13.961929,9.819124,-6.953145,27.403404,4.58506,-1.8782554,19.944534,-12.857701,-1.688592,-9.921377,-6.8525,22.504562,17.86973,7.517609
-145.65747,136.12433,-91.88559,74.8085,19.59782,20.300634,-13.090364,16.940416,-1.0956681,24.644659,9.612408,-0.48046607,14.999187,-17.375,0.13438883,-10.911915,-10.959499,21.216496,9.341335,1.6819816
-158.80421,132.13744,-93.622314,82.53763,18.974731,22.485493,-2.4371002,19.499895,9.938366,11.723727,8.605851,2.1713414,10.524744,-9.0084095,0.5154927,-11.72746,-8.740015,16.04647,4.6472497,4.627617
-181.72487,123.29647,-80.91777,89.22454,19.340328,21.825817,0.87881577,13.883646,10.196848,4.64081,-0.80852777,5.770653,13.139917,2.5328789,5.1842933,-11.731726,-3.8310573,16.43487,2.9096577,0.059217453
-195.05167,134.66183,-75.90493,79.94225,18.026955,24.235266,-1.4700888,7.458578,16.550821,6.505918,2.7760546,6.10968,12.799413,1.7318578,5.2123365,-9.169352,-2.4682221,20.477402,4.445625,0.19580173
-204.10486,152.61479,-60.519157,72.71182,24.721157,22.321194,-1.1454155,7.43542,6.9520063,4.3745823,-6.9261236,-2.428762,9.463996,-4.342663,9.513233,-0.021803379,-0.36819732,19.09994,-1.1282952,-5.3350735
-216.45361,155.28337,-48.89037,65.83,10.670183,16.150463,-2.7461162,4.0679646,3.7393117,-1.3518369,7.550852,11.556484,8.027296,-7.272762,-2.2816472,-0.59316033,-1.7112856,11.433386,4.472133,-5.474655
-214.35135,135.31232,-25.740995,63.230175,-3.546418,31.597235,-10.695888,13.305962,6.3869696,3.4475865,4.840637,6.9105835,7.0301,4.307042,-5.4791346,-4.128335,-1.5306244,5.310396,7.2371407,-5.80945
-203.77722,111.45271,-15.33576,58.84587,-6.0534115,44.392498,-21.942268,20.129044,4.1651363,7.145665,11.193335,21.54415,3.8614516,2.1295874,-18.14498,-13.078302,-2.8320408,1.2564899,4.413023,-3.4111266
-213.67876,130.9672,-19.390663,62.523037,0.7010552,33.698475,-21.090128,11.577744,-1.1910148,5.5573945,11.236904,17.758736,12.50749,1.279785,-9.841492,-13.419238,-9.904322,3.2350016,15.631363,2.9413743
-225.79433,139.60266,-22.115456,65.60889,10.209194,29.90493,-21.34242,1.0749469,8.256116,1.2294765,13.836927,17.929535,4.561488,-2.6647153,-16.041416,-4.536401,-1.0138668,5.6944833,12.120319,0.42616504
-236.47792,153.16235,-34.97523,54.566467,11.179211,28.300652,-1.5140232,7.27806,6.1023893,1.5388641,12.944355,4.274009,6.086782,0.20970586,-8.919659,-0.2588457,-4.493836,2.2812417,5.4689093,-1.9506878
-258.32486,152.05171,-32.378536,61.354477,22.515064,19.27227,2.6302278,4.332634,9.955865,4.7488365,14.257741,14.18317,-0.64695084,-2.7366714,-4.0281415,-0.9279069,-6.4447627,0.2706848,1.4412789,-2.6346488
-260.84988,155.93054,-32.859325,52.774155,19.805984,20.467747,7.564508,9.85467,13.980843,5.218717,5.298959,9.513836,2.388678,-3.3826807,-7.353471,-3.0762768,-10.651067,3.2125826,2.7265377,-4.0901885
-260.63522,153.39357,-37.061592,47.42765,19.395716,20.577671,2.4373133,0.84752935,7.7544365,7.590852,7.0132504,7.918723,5.742113,5.359114,-5.2562537,-5.3473997,-12.846459,2.5575836,1.3812675,-3.8750489
-259.66553,156.9772,-40.486946,43.79356,9.919054,11.180954,-1.652824,-5.4262934,3.4476452,0.43508756,2.2966192,3.2903676,-0.8754903,3.9918985,-1.5259814,-6.65047,-5.7676973,6.242048,0.6328501,-4.028858
-141.01814,125.35528,-33.043995,53.97872,-44.417297,29.82152,-8.286529,3.6109562,-22.556408,-8.271826,-12.198414,0.017781258,-8.792443,2.4274259,-1.2903869,-3.0806718,-13.411309,1.8404758,3.9651728,-7.6840487
-140.81053,116.590485,-24.05884,47.973305,-41.461624,49.253654,-23.58075,12.182125,-22.648455,-11.557541,-10.558895,-5.4129877,-3.6759477,5.6068735,3.557776,-0.20224154,-12.386297,-4.7702007,-9.285358,-8.030635
-180.63274,82.14124,-13.424284,45.737106,-40.162235,53.417664,-37.378143,11.879858,-16.355762,-10.97732,-11.1418,-6.2419024,-18.066677,0.43502742,-6.287697,-2.4551692,-7.453267,-2.9262848,-2.1333992,-8.529519
-252.20425,110.19232,-37.8557,43.00408,-5.983285,23.72108,-28.33258,-2.184733,-11.68804,-16.099586,-10.663223,-11.917518,-11.526533,-5.5444736,-10.858981,-11.075842,-7.1351795,2.8309002,1.5037289,0.8751488
-268.06375,128.33257,-42.817142,41.578667,12.957584,17.494816,-20.789417,-11.4100895,-4.9414797,-10.507044,-10.060921,-5.551909,-7.3221188,3.4065108,-5.826521,-15.213175,-17.742111,0.56714356,7.4954042,12.6660385
-279.7133,142.749,-42.4744,30.926758,10.269917,8.620784,-11.345575,-10.67738,-9.167912,-10.151438,-1.7365017,0.92918885,-10.071612,-6.427372,-10.824148,-5.3640084,-8.751418,0.3559735,1.1581762,4.437968
-281.99384,144.13477,-45.5649,27.453264,8.805624,-0.97189605,-8.077047,-3.9585319,-12.647593,-11.56309,-9.322217,-4.326343,-11.557327,-10.620052,-15.293094,-8.781647,-7.49804,-1.8327808,0.75410795,6.6035604
-287.1659,145.91614,-42.82763,28.330673,14.502659,5.887025,-5.996105,-6.2874584,-9.705267,-9.791161,-10.609081,-8.327851,-12.04601,-7.489527,-12.38428,-10.773417,-13.501324,1.0442182,2.3448765,1.9329044
-290.34958,146.31856,-40.7768,33.16726,12.386118,-1.2398844,-3.299074,2.8781965,-2.7630258,-6.8302794,-13.331359,-9.737972,-7.2540684,-1.0890274,-8.940749,-20.109299,-17.049213,2.335895,2.3887084,-3.4063697
-276.48154,151.49811,-37.809216,33.91357,1.4788913,-5.0002155,-8.947115,-4.8653545,-1.7040706,-3.734151,-11.413971,-5.232128,-8.3954735,-7.268563,-6.167288,-7.075145,-12.211069,-7.3900375,-7.0458064,-3.3684943
-254.90027,155.55908,-35.898674,34.048103,-6.594272,-1.3196824,-7.1491733,-9.098146,-8.92639,-10.742256,-15.023487,-3.1366472,-4.072246,4.4044795,-4.165919,-5.9983315,-9.290922,-7.6075144,-5.852393,2.2751994
-232.37326,158.29945,-37.072678,41.901245,0.8776957,4.6841316,-6.2716594,3.955395,1.4692631,-1.484684,-8.786876,3.6871495,3.226027,6.440898,-6.2372766,-10.322687,-10.213285,-2.5544415,2.9286735,4.622961
-225.7012,171.02191,-33.988224,40.67299,3.2252498,9.39385,3.8278236,17.796211,8.881293,6.4793143,4.1450586,8.299816,-0.1365416,4.3507266,-4.9702506,-9.761204,-1.7617488,2.711929,1.4256952,-0.45387843
-224.57036,137.9297,-17.401749,37.832924,-8.120762,26.398724,-20.665565,27.298153,-8.731121,10.236919,7.415967,2.8011305,2.4452627,-14.174906,-4.444571,-13.651878,-8.875677,1.6364309,1.1854787,0.4759575
-215.95517,115.90872,-4.0009093,48.079124,-16.50815,42.742317,-30.002476,28.793062,0.7207682,7.951035,4.861229,4.524682,-2.395202,-6.8383865,-2.4823618,-17.80993,-11.611841,-6.217331,0.49453378,3.415783
-249.12094,144.01828,-10.165783,44.980644,0.44331753,26.994259,-26.192226,8.039675,14.501179,5.1544456,13.781158,6.3520164,-7.908541,3.952538,-5.550335,-9.340256,-5.063436,-5.4332094,-1.1852223,-0.49538708
-264.14453,158.0451,-16.515007,38.211777,7.9659734,19.07051,-8.225876,9.133644,6.3961473,-3.9113398,6.047269,10.812576,2.7237215,2.7940786,-8.116277,-10.91325,-13.292658,-5.601834,-1.4978894,4.0925426
-273.14597,161.3245,-18.045544,32.55331,10.455958,17.6959,-0.61215395,8.7787075,8.592503,-2.5910668,1.8781543,9.509037,-2.0019445,4.3466597,-4.244418,-11.704355,-15.528352,-1.2693465,3.7220328,3.8447905
-283.57117,171.43243,-14.957981,31.360743,10.799766,8.152855,2.8800528,14.552467,12.971797,4.6842866,-4.1037593,-0.005220473,1.426154,3.3336165,-5.8832254,-15.36331,-9.912607,7.5803204,3.6646428,2.60903
-288.72787,173.24026,-14.775301,35.143578,16.425913,6.55315,9.655923,14.72897,6.401072,5.9596357,-3.0280461,-1.1861049,-2.1821415,-0.023263656,-2.5671353,-9.090954,-8.710447,-1.5712035,-1.2971879,-1.5775536
-171.09222,91.21244,-30.352215,83.25589,-41.91451,20.495796,0.94048357,5.2120485,-5.1789513,35.8721,-16.37497,4.395158,-6.866123,-12.447354,1.2364072,-10.008539,4.4934664,-4.7501717,-2.8076007,5.1043243
-89.56215,90.951195,-56.15706,59.769005,-58.66983,35.934105,-3.3199043,18.244164,-18.266079,30.995037,-6.8177414,14.899469,-2.171505,-1.952805,11.036346,-5.1137905,-1.4739351,-16.153214,-6.4096518,-0.5658677
-132.92226,60.05124,-21.521362,79.41968,-60.487938,51.145454,1.4127812,33.070457,-1.569792,30.935307,-5.454755,9.447885,1.0204625,1.1593196,-7.6762233,-9.233908,-5.1870475,-9.120734,-3.9823294,1.6481535
-168.93307,83.41084,-18.825901,75.98755,-40.719574,40.88723,-11.099949,26.275698,-2.5815277,18.219494,-1.2341169,8.798586,-2.182923,-6.0678406,-3.2695134,-13.821732,-2.4909458,-4.826562,-5.1146207,-4.465267
-214.9696,107.98616,-30.303642,64.623985,-21.810123,36.05986,-0.5698302,17.401802,5.415994,13.27619,1.424905,7.1775694,-3.5831614,-8.2404785,10.11965,-15.558175,-4.265975,-2.7096589,-7.5636725,-0.39931944
-239.90733,124.141846,-28.564922,61.44225,-9.313917,25.42931,-3.3643126,9.720557,3.7188535,10.157056,4.2974997,2.1178913,-3.2147715,-6.3963585,9.051785,-6.766227,-2.20151,0.9065729,4.0325403,4.8189993
-264.9229,132.91861,-18.447323,63.349724,0.77729917,13.570326,1.8174392,6.618306,2.123127,8.551523,5.0387163,9.8160305,-5.5127897,1.520652,9.153446,-7.8464603,-2.3564656,-5.6432686,-6.0960083,0.5326818
-280.60666,142.30527,-17.893326,49.618645,7.2356396,7.390296,0.6600514,10.257475,9.133452,11.865339,2.4143085,13.210859,-3.7973385,6.6290016,6.838484,-11.6246605,-1.2312453,0.5832076,-3.6893873,-2.1917608
-281.36816,147.93669,-30.866718,35.07266,12.072704,8.858372,2.1495986,23.343903,10.318523,8.260328,5.1616125,9.274502,-4.333522,-5.5886884,-0.36733148,-11.676668,3.0416727,9.610888,2.3309622,-1.7228109
-285.05972,154.83174,-34.89019,30.979086,15.595076,7.38089,9.970762,27.593765,10.305647,12.954777,4.122504,5.787699,0.9337833,-12.3233795,-2.9495218,-5.624439,0.57967126,8.796284,-8.821413,-7.534356
-277.1042,160.65958,-36.45264,26.710783,8.971239,0.00029850006,4.3276424,20.487404,10.139445,23.5832,19.052635,16.973564,1.7046541,-14.319031,-6.7295485,-8.714167,-6.7969494,3.6884475,-4.903147,-11.847359
-162.2047,155.41014,-31.360153,41.06371,-30.452793,24.825264,-4.9665594,9.777275,-26.469856,1.6948621,8.750839,-1.4849844,2.6823134,-3.5869703,-11.456335,1.9039935,-4.9152536,2.7181969,8.84308,1.4359113
-168.89546,165.24663,-23.307602,42.84006,-24.123714,35.17388,-9.301235,3.6849623,-19.263134,-1.8417152,3.661814,-6.208101,-0.35965434,-6.4752007,-7.4778705,1.4164182,-4.673195,-3.9775171,2.123463,-0.820042
-198.77408,118.12526,1.576125,46.333202,-33.51844,42.81038,-28.95705,19.852894,-2.3831198,-7.0103927,3.9110851,4.3910875,-8.008074,3.152925,-9.741724,-3.4665565,-4.234218,-2.8235023,1.4809691,1.5864414
-240.7649,137.32434,-3.9825642,51.999065,-11.241226,27.776415,-19.638874,15.108574,9.121536,-7.0748115,3.4297056,-2.5435593,-9.299532,2.8043756,-7.4784393,-8.253731,-7.523183,-0.8272655,0.8537599,0.9033944
-282.59766,143.9416,-17.966446,45.52264,16.977299,28.483482,-2.7909698,18.69145,6.7822437,-2.5588284,6.660537,-1.4466171,-11.335263,-10.748713,-5.726247,-16.41569,-19.20444,-1.6922017,-3.177012,-0.0884403
-303.05862,147.33429,-17.739817,44.485832,23.66869,18.264435,-1.7353195,12.123989,8.370123,5.145509,6.7279906,1.4778814,-8.289125,-12.625922,-10.643627,-9.089928,-8.347593,4.123946,-3.4699569,-5.533551
-309.11194,145.70667,-14.436014,42.333374,21.586784,11.328576,0.020660162,10.446491,8.773949,4.9768605,2.9066072,4.78382,-9.985487,-6.560606,-11.191343,-9.31279,-8.6566105,-5.247913,-5.7381706,1.2740918
-305.8925,153.73584,-20.318241,31.379335,19.427284,8.011153,5.9027376,16.755545,6.671577,1.273903,-0.15506707,1.9078927,-10.121588,-4.9030657,-11.987885,-8.689887,-5.201345,-7.2725887,-6.3419075,-0.8632506
-311.118,157.16689,-15.020138,34.89729,17.789059,6.6874514,0.77623945,4.247726,8.489513,10.358318,-1.6752607,1.9876151,-2.9473438,-0.25517118,-5.8890715,-12.430338,-11.218302,-9.44119,-8.436914,-5.056623
-295.4436,154.83682,-23.928288,33.178364,14.498944,-1.1617935,-8.52597,2.0232637,7.009061,4.1484733,-7.7715206,6.619858,-3.3410678,-5.0588965,-10.5779,-13.875644,-4.725426,-2.6724281,-3.5183043,2.596426
-145.61475,172.25441,-37.46064,58.57332,-18.640007,8.949053,-19.732859,17.814007,7.043603,-11.3695545,-15.497482,-8.74832,-1.4012067,-1.682857,-2.9322872,2.8122098,1.4440883,-5.7383337,-12.152408,-12.7793255
-75.50871,127.232574,-20.57423,63.868336,-42.732937,27.330105,-49.631104,29.85939,4.980811,-10.013246,-16.541107,0.03198698,-11.610953,5.477222,-4.548373,1.3136164,-14.27639,-16.552504,-13.680655,-8.635234
-93.81452,169.73734,-66.18593,46.024513,-31.18952,7.076833,-25.445618,23.39133,-10.74083,-13.968243,-4.197918,13.7001,10.583195,-12.250729,-15.087746,-12.42527,-6.151016,-8.077132,-10.887918,-6.6701784
-107.190216,177.43369,-84.519226,50.337475,-29.690178,-5.266331,-9.713619,6.6174626,-4.537042,-11.886956,-3.056167,7.08677,-0.06868565,0.008579969,-9.833864,-8.412763,3.4335074,-14.019911,-16.86425,-13.924848
-137.68289,163.60156,-91.71626,48.025875,-20.774736,-6.3452716,-0.41866195,10.554434,-1.1837757,-4.1460743,1.9939759,10.037481,2.2343497,1.7959517,-12.481453,-12.268466,-1.1070248,-14.95002,-19.247543,-16.785873
-165.91196,157.43098,-89.269135,51.43454,-11.810282,-8.790768,3.804584,12.723581,-2.422968,-5.2939854,0.8803656,9.572561,4.556361,-2.093542,-15.418693,-14.120663,-3.4051492,-17.840305,-16.664886,-12.938601
-210.94579,166.34727,-54.896816,46.528847,-17.631184,-15.810859,3.2821107,14.320279,-1.1234353,-11.115442,5.1879396,13.713764,3.477344,-4.4157953,-23.55998,-10.979558,-1.7686234,-16.09847,-1.9623508,1.6764672
-265.97394,162.45625,-43.90477,38.96419,5.6553783,-9.471453,6.1659145,15.396402,12.823551,-1.9970785,-5.1810894,5.9113054,0.10523011,-3.3865683,-11.634449,-5.5657496,0.614048,-9.680472,-13.976024,-0.38439667
-277.61032,166.68875,-46.795563,30.922935,13.490805,-12.379984,7.476161,19.538715,9.721836,-2.8020306,-10.854809,9.805167,7.46075,-4.3784585,-3.8055215,-4.465389,0.5334201,-3.0068212,-16.337383,-5.3208103
-277.56082,167.05807,-38.93441,35.26603,7.184041,-10.366713,13.872202,17.679203,9.404404,-2.7287302,-9.497845,14.68248,10.51708,0.2801264,-6.624197,-7.0841284,0.25921622,-3.5306687,-13.565302,-7.136712
-246.93793,174.39679,-25.17986,50.978973,8.370907,0.89110875,-5.2156596,6.4257784,1.5228763,-14.670624,-9.453741,5.1020136,5.1892385,-5.189826,-12.78085,-4.0390854,-1.3359919,-7.4035263,-12.224245,-6.645298
-191.44696,159.28873,-23.300356,63.04431,-12.285726,19.693233,-3.8665924,13.39594,2.319687,-2.9421716,-2.8926253,0.26568532,-5.032263,-7.1054525,-15.86791,-9.186396,-7.762865,-14.221838,-4.1224165,-7.8413577
-218.83553,133.34155,-17.467556,49.276054,-15.643329,30.227146,-15.033809,18.502691,3.9019604,-12.519756,1.9929452,6.754858,-2.8343823,3.8787224,-19.317593,-8.159964,-4.9471016,-13.620058,2.6040025,2.3261333
-241.62694,143.73236,-18.667826,42.944305,-15.332617,22.44989,-15.631622,12.641221,10.675188,-12.971654,8.960997,7.4321985,-1.4278268,7.65671,-10.569335,-1.9245226,-5.17992,-8.913767,-0.070553124,-4.456833
-258.0382,150.184,-26.553574,35.170376,-2.6601453,16.059958,-10.983135,7.803832,5.0141716,-8.923457,9.07097,6.935571,-2.482376,2.2873783,-6.63801,13.646603,5.9000406,-6.1664805,-2.0398855,-9.21067
-273.9961,161.13373,-27.897514,30.83424,-5.422414,-5.722158,-4.626372,1.8658364,1.4603156,-1.3493171,3.5810788,4.2858047,-2.5003457,8.226131,-3.2061164,9.074146,7.8278785,-6.602091,-4.004923,-6.1135654
-285.73096,160.22144,-34.597057,26.425022,12.563591,-2.401223,-3.1290057,9.968334,2.0817127,-1.4370373,5.6004543,14.233124,5.8266773,3.755148,0.9487158,10.246872,10.193399,-1.7888583,-14.065292,-9.063738
-296.19553,156.09474,-37.16137,23.598146,13.021065,-8.158033,-0.09418619,10.770119,-4.385961,-2.5560696,-1.4060951,8.219361,1.4487784,0.86264646,3.8336844,7.159047,9.307859,2.2367449,-5.6257,-1.8044883
-307.4068,151.03654,-30.399616,26.074722,10.4338875,-12.797602,5.658488,18.46976,4.265732,-3.4734194,-1.3714671,13.994108,-0.876145,-2.8189707,-3.1123552,8.516762,10.182976,-0.08485758,-10.026681,-0.30644047
-289.96594,143.80942,-33.22061,36.702103,16.549557,0.05648017,-3.5597095,18.199686,0.12210357,-1.320957,1.9500375,8.835136,6.8845935,-5.1495037,-1.3904831,5.158388,0.34376812,-5.5709877,-14.17231,-1.4057915
-105.09996,111.72267,-30.129272,68.67594,-64.78824,6.125286,-24.853127,13.623812,-16.379448,20.763214,-16.698448,12.820435,-5.8759,-10.052336,10.0856,2.0125606,4.392419,-18.019289,-10.193817,-14.908745
-74.14161,124.69508,-53.764687,51.5749,-60.937355,7.285615,-35.87021,29.697983,-10.8154545,8.272974,-18.934992,15.752493,8.608123,-8.23446,6.8487177,-2.2034054,6.579253,-14.521652,-16.301973,-10.967232
-53.00993,122.53252,-55.83683,54.647705,-54.0136,33.15527,-26.937126,25.818066,-6.4534597,9.19407,-4.452456,13.568516,1.8525674,0.36961517,1.153892,6.883881,-1.7796569,-10.226196,-2.2916777,-1.4301867
-104.01241,150.42401,-67.341805,53.0643,-41.271347,6.902937,-10.05629,29.530746,1.9747235,4.0969,-10.502607,8.195861,3.7710738,-0.4930638,13.664141,-10.552483,-1.3217087,-13.562036,-9.403364,4.2623777
-127.81259,153.84164,-74.2298,55.041008,-24.203474,3.2699962,-10.898463,21.82814,0.24306199,-0.38846904,-11.974543,1.8586127,4.625023,-2.6138628,16.864872,-5.023628,-3.286058,-8.161052,-13.431417,2.9383519
-152.13757,158.64362,-73.78839,59.46026,-15.653004,-4.977786,-2.6397247,20.117874,6.115492,-3.249296,-14.085826,2.527305,4.9935217,2.2805467,15.504776,-2.7939947,-4.315977,-15.254545,-21.431887,-1.2036328
-174.36023,153.92621,-66.32593,67.82321,-5.3194585,-4.607389,-4.1575356,18.357548,0.9337535,-3.0033524,-2.5719619,6.6545987,-3.5781827,-3.7942374,19.169426,2.0766904,-5.1575947,-25.82835,-24.280987,1.4119183
-200.23486,154.48328,-57.781086,65.767624,1.6724255,1.0450628,-2.8244276,10.732774,2.0572193,-8.073144,-3.2975993,12.887376,0.39596033,-6.269699,15.910138,4.198125,-11.305477,-27.6201,-17.672436,5.0885324
-209.5235,161.63428,-50.511887,54.78441,-2.3954225,3.3003907,11.149521,11.573678,6.8076077,0.35467803,-4.4213567,10.899746,-6.816428,-0.94398415,5.5936937,-1.7508588,-1.5784535,-12.100952,-10.996902,-1.3068949
-231.89757,167.44406,-49.089706,50.535557,5.3457394,0.7029374,15.632013,20.040092,10.272434,-1.4917727,-3.4077952,4.288225,-6.1891117,0.38811058,10.025158,-3.1099622,-4.44005,-9.96105,-8.709654,-2.934678
-248.6027,171.65953,-38.648735,47.928535,11.0244875,-6.6029425,8.214829,17.755991,11.425606,1.8952613,-6.346314,1.0391189,-7.718022,3.1464486,11.073374,1.6479859,-0.22402084,-10.56908,-11.808144,-0.73881555
-252.31105,178.47809,-31.542961,45.88951,10.927368,-8.857108,4.867481,12.726061,9.3498335,1.5577903,4.0611153,15.217072,-5.8807306,0.74266696,4.7481184,-4.2131777,-0.19226694,-5.294835,-11.871286,-5.531177
-259.77713,168.82889,-25.999691,47.512657,4.30958,-2.333951,8.020369,19.210594,14.856396,-1.4247379,4.9652843,12.604298,-2.895984,-0.61592746,-6.959166,1.0584896,3.271295,-12.002777,-22.601316,-7.878435
-222.37546,125.03024,-11.081083,53.723434,-16.99468,30.231037,-23.97483,29.534176,15.737452,-13.272345,18.00565,15.6741905,-9.148556,1.2563962,-7.8603716,3.8773527,4.211416,-9.22786,-22.904068,-14.396851
-221.84935,116.629425,1.3460965,58.117332,-27.998257,24.417994,-34.082424,24.833017,17.328457,-8.167332,12.810226,5.5514336,-12.284521,4.799506,-5.674753,6.958136,0.13677466,-13.255933,-17.410776,-10.912313
-247.7365,147.84692,-7.716703,51.857666,-13.439329,6.8461294,-18.676844,20.746233,12.790262,-12.979751,9.030286,8.592263,-6.3803434,-0.45542693,-5.158905,8.043837,2.7122812,-8.860821,-16.004303,-12.748735
-255.10207,164.46696,-17.08791,43.5718,-0.0773592,-0.665403,-10.66133,15.963583,12.435249,-7.537574,3.5863857,1.9332463,-8.152162,5.596012,-1.5199448,6.7615576,0.909019,-6.067319,-13.976779,-11.491056
-267.90036,172.69635,-20.622208,40.102737,8.56308,-0.5642055,-4.0101004,10.833687,2.8487148,-8.329884,1.493206,4.7334356,-4.7375965,-0.49006832,3.8040168,8.899159,-0.13369465,-3.5250235,-9.655809,-8.505487
-278.00687,171.08298,-25.185345,35.896194,17.115353,-5.1463947,-6.2545547,9.648434,1.0319629,-2.8207955,-2.4470387,4.614249,1.7797723,7.8133764,11.67957,5.527721,-4.688586,-2.7972074,-1.7766753,-1.7026777
-283.55734,165.58649,-32.461914,23.8852,12.773941,-5.7660313,-2.5341039,12.001303,-0.49273324,-5.3207817,-5.2010818,8.852491,8.024958,5.543315,0.539301,2.3028908,2.2915661,0.39719105,-7.1150475,-1.2890129
-291.77637,157.0263,-34.365692,23.42936,4.0606594,-1.6115032,2.7625651,5.8385715,0.33050254,-9.009999,-7.172976,6.1981792,0.98610437,5.2670407,2.9154406,4.965127,-1.237303,-11.51556,-10.867474,0.25996244
-236.1437,149.85008,-34.627975,23.75512,-22.089266,6.9593573,-26.87051,16.624245,3.953537,-6.095801,6.7198744,-9.241192,1.502908,1.3010442,7.798748,-0.39961755,-12.30292,-1.472414,-6.5376406,-1.7349153
-114.7761,91.79222,-25.00023,53.68867,-54.57821,51.704384,-26.392773,12.676006,-29.956474,-21.47428,-9.466893,4.478967,-10.687977,1.7469627,-11.488543,-6.089237,-10.934814,2.3744931,-3.569798,-6.6010113
-175.48451,91.96386,-15.683198,47.344692,-43.95913,48.92682,-30.72277,13.471777,-11.574688,-20.170918,-7.6225696,6.0032043,-10.499232,0.51364434,-9.352145,2.239764,-2.510643,-10.688124,-17.548897,-11.611334
-247.46481,107.56959,-23.69821,35.91379,-35.206963,22.043682,-27.273148,14.730243,8.490538,-9.490881,-2.3639758,-1.0948329,-2.6461556,5.104315,-2.3939586,-6.1311784,-9.304485,-11.410885,-17.403975,-5.347619
-289.759,122.02628,-32.47671,20.940237,-20.528393,5.841632,-14.479656,5.7796764,6.738512,-5.5488763,0.23946711,3.212717,-7.3388467,0.5320701,1.9510423,1.7259467,-3.2482715,-1.9582801,-9.133501,0.20825663
-311.55838,136.17764,-33.511154,15.684515,-7.1083546,-15.882015,-16.61425,12.9960575,5.004635,-5.7616773,-0.9240472,3.3421342,-5.056075,-1.7356751,-7.2257347,-3.4558668,-8.886218,-11.988857,-8.963147,-3.5190563
-324.6156,138.86734,-37.388046,6.9099007,-7.2419214,-18.503403,-15.517058,8.239864,2.1703558,-0.5543932,-0.34359622,-6.003306,-8.345126,-3.43959,-9.668249,-4.813188,-2.45179,-3.9763365,-13.660521,-14.81878
-324.52002,134.16792,-38.22348,5.897522,-6.376411,-15.984556,-6.754471,14.859886,13.132523,7.8427715,-3.8188584,-2.2471583,-10.726459,-0.3121853,-3.2443914,0.5277262,-5.5263033,-16.067825,-18.46239,-6.379854
-316.2379,135.82286,-42.06278,13.4522295,-0.3913064,-10.947572,-2.819612,8.290647,1.1260962,7.701818,-0.9840287,5.942405,2.7544901,1.3357862,-2.5159724,0.06823063,-2.2811277,-9.859129,-9.995977,-4.072722
-297.1842,162.48148,-26.797813,25.182606,19.230392,2.9001937,-4.0471773,23.445751,11.110587,-7.7586904,-10.029867,-11.780214,-1.2039073,6.82933,-6.599888,-5.8666763,-12.605879,-12.807082,-14.559686,-16.171648
-281.83365,165.45886,-34.430466,23.025486,19.519272,0.1742284,-15.007469,15.290976,13.806522,-7.6239147,-13.277022,-8.766281,-1.1791017,2.7281942,-9.187164,-3.9914846,-8.7594595,-2.657866,-9.3953705,-16.196127
-217.0703,184.99799,-32.898567,42.17556,7.5502243,-6.3621407,-22.475616,8.575584,-5.4672174,-5.629121,-15.545189,-10.223856,0.18258849,-15.611942,-5.8401246,-11.125429,-14.678068,3.2947004,-1.825314,-15.013163
-144.83618,163.03622,-46.07655,33.83551,-17.631588,4.2848725,-31.988274,35.55082,-14.052697,-6.76837,-14.381089,-10.180199,-0.2805137,-11.887925,6.8205967,-2.973519,-18.145458,-1.887791,-8.8989525,-16.779984
-134.99481,159.21819,-78.297646,29.589973,-15.392025,2.1792984,-23.46294,30.621164,-23.924963,-15.699884,-13.547546,-4.2911677,12.544598,-15.048309,-3.022933,-9.987251,-21.728231,-1.9634678,-11.396322,-7.982608
-135.37573,157.60422,-97.23686,40.471725,-13.507584,3.4149888,-8.611867,23.347206,-10.102442,-15.773446,-1.8983308,4.9491596,8.3048115,-7.0509343,-8.778008,-19.189117,-20.443195,-5.058759,-7.0961123,-9.36371
-129.13321,149.61823,-100.93633,46.995346,-10.407345,10.538987,-13.338543,6.0228243,-19.98077,-28.126434,-1.5720901,12.573553,2.4504719,-4.672457,-10.4294615,-17.835287,-12.730455,-3.1399796,-9.188925,-8.769296
-137.73802,147.80472,-104.07704,45.0036,-9.4949,8.8148,-18.840864,-9.746134,-20.5101,-18.565891,-2.7338104,1.188585,-5.9566803,-10.331969,-11.095942,-6.681206,-9.23233,-4.014445,-8.044786,-12.703759
-174.23364,142.16995,-86.69415,58.426666,-2.5921729,9.566521,-4.511346,-9.301902,-4.0027046,-4.2164083,-2.9271674,-4.040082,-17.039396,-8.683917,-8.351981,-10.31384,-10.748183,-8.784912,-12.940372,-3.9514837
-186.93634,150.16776,-79.65547,66.00793,3.0379796,-0.51526195,-9.958849,-13.375717,-1.8669913,-9.78174,-9.280105,-2.9947066,-9.983858,0.45585275,-3.0484486,-16.403065,-18.716904,-15.290672,-16.358831,-5.1903596
-179.2202,123.59149,-58.749977,63.871845,-23.661648,21.08641,-16.828972,3.7079244,-12.638271,-5.450034,-3.7043216,-17.068954,-0.9704101,-16.534262,-16.515795,-14.23279,-7.805626,-4.332059,-0.5962568,2.8398945
-113.0878,75.38211,-60.702812,83.49507,-58.101486,6.3357944,-18.694633,4.7629213,-33.808884,14.053418,-5.4649515,4.3852577,-12.465455,-12.821321,-0.07637954,-14.3749075,0.28524697,-8.573866,-6.812149,-5.4045377
-89.6852,87.41481,-56.585644,68.65153,-59.067062,26.714333,-14.200017,14.84626,-27.643105,12.891765,-10.991476,12.460326,-2.610743,-11.32229,-0.52375054,-11.404501,-8.939784,-15.245822,-4.643221,-1.6121793
-85.21697,96.747314,-51.474445,65.1219,-47.86612,34.575417,-31.00244,11.390073,-20.208687,2.7154417,-14.207645,7.106848,-2.1899724,-6.4423475,-9.654098,-7.3347435,-10.474593,-9.85948,-3.6679132,-9.744588
-107.660545,132.90823,-71.914856,60.33335,-24.395746,14.100698,-28.763596,12.097581,-21.395123,-14.972632,-21.230982,-0.92143303,3.2529514,-1.5692184,0.031929433,-23.243256,-10.489506,-6.4919534,-11.05447,-12.84683
-116.46346,151.82504,-92.83164,38.987526,-22.684961,-0.04364015,-22.012386,8.465952,-13.470646,-11.794088,-21.54966,0.022949934,-6.3059397,1.1210945,11.113174,-21.676594,-9.884469,-7.2121077,-6.1600037,-4.85683
-112.18671,161.67404,-100.03221,34.909237,-20.971525,11.406621,-11.321718,10.084924,-11.123999,-14.417599,-2.7124157,6.7789288,-4.51367,1.384522,10.212656,-7.741435,-12.223274,-18.305264,-13.456319,-6.290908
-122.26632,155.2473,-103.905975,29.895336,-27.699234,8.447,-6.761193,9.25992,-13.952409,-23.475494,-6.932477,2.992953,-9.228573,2.284886,1.663812,-9.696428,-10.944316,-19.463768,-14.1426735,-13.275094
-132.66818,158.09398,-97.98619,35.421844,-25.207865,8.32016,-0.42097366,10.082864,-11.302799,-19.120703,-3.8268914,4.645787,-4.236602,1.2502441,4.3959904,0.48691523,-6.06532,-21.2089,-15.176865,-10.877686
-149.57535,156.86195,-99.41905,26.103275,-33.12257,1.6700268,-4.578618,5.9752817,-11.418389,-26.792538,-1.0510947,4.74158,-2.127251,0.24182296,0.46499443,0.9723972,-7.51701,-15.329543,-13.059792,-7.7307167
-164.02505,161.36728,-87.46697,24.135124,-33.321545,-3.9805338,-5.23521,7.3198786,-7.556487,-25.236378,-7.5470304,3.3475761,-3.5417523,4.429866,-1.0218053,-6.1723356,-12.176918,-21.397991,-17.772686,-11.257467
-183.36961,164.82956,-77.613556,27.717089,-28.575764,-7.5025387,-2.1803348,8.30065,2.9719086,-13.206753,3.3560648,11.911959,-9.454086,-2.5819783,-1.0907115,-4.015255,-11.310135,-17.644302,-15.774622,-16.42639
-163.60298,145.02597,-63.598103,43.65657,-29.13451,8.740487,-10.796147,11.035123,-6.694119,-12.97061,1.6045964,-1.3547593,-3.0328047,-1.3889463,-6.5602503,-4.6729217,-12.065941,-4.4286327,-13.053729,-5.9829674
-129.90479,132.72527,-45.013588,46.176315,-41.32076,32.857742,-15.549995,7.230501,-28.645512,-14.735998,2.473731,-10.453888,-12.521732,-3.1406205,-13.531599,-8.512202,-16.72615,-7.299922,-7.914116,-10.47785
-180.6642,117.477844,-25.851616,37.699203,-37.503403,29.816772,-34.313667,17.266699,-12.810448,-16.832144,2.265372,2.4510608,-12.740729,0.92834765,-15.097228,-13.281248,-8.917219,-9.816917,-6.8053656,-13.220106
-211.81711,141.98672,-39.697456,42.65513,-24.143185,11.816109,-26.891426,4.209276,-3.2149663,-24.110779,6.2605963,4.4577274,-8.292953,-3.0989099,-13.797295,-11.278637,-10.390419,-6.937001,-5.7060766,-12.1263485
-226.50766,159.18826,-44.05206,37.171783,-11.471231,1.487071,-21.561771,0.56344384,-2.6208951,-21.417843,5.1804457,0.915125,-8.350209,-1.3235843,-12.478441,-11.242157,-11.9636965,-5.947826,-11.893959,-12.385744
-245.5826,165.49898,-48.940586,30.289505,-0.21785372,-9.697797,-11.710669,-2.901145,-6.145054,-15.410601,-9.420176,-3.1031933,-9.055546,1.0827281,-7.217545,-8.970081,-6.8464775,-6.757017,-17.316235,-11.898798
-254.37776,166.73097,-46.867676,32.879707,6.223156,-10.37682,0.021745622,4.5147066,-10.354496,-18.92684,-9.467144,4.5487633,-6.9470634,-2.7723446,-12.267803,-15.199324,-11.546396,-6.579272,-11.57451,-12.059965
-260.9368,163.00325,-43.847546,33.38901,7.8264036,-7.759018,-0.6515831,-4.5290375,-15.776075,-14.840015,-4.039117,8.093819,-9.041788,-0.7492821,-6.3925343,-8.64065,-8.444513,-9.437567,-14.843351,-11.417944
-266.9305,165.0668,-39.37898,37.07225,13.574049,-4.715431,-1.74029,4.639056,-12.681099,-11.403032,-2.7425146,7.9264073,0.4830932,-3.3535588,-4.281583,-5.5261617,-7.0254607,-4.9793634,-8.371069,-17.984308
-240.5089,173.30292,-38.54371,31.891102,4.6732674,4.2068796,-5.3069477,5.77143,-7.8291054,-9.14127,0.727316,-2.2613277,-4.9780245,-2.8389568,-7.717598,-9.069869,-9.723715,-6.9186463,-16.775208,-14.941
-164.00752,105.23888,-14.209005,58.89125,-30.570545,47.303772,-36.270702,20.879272,-4.8931303,-11.738323,-10.3558235,0.30855477,-9.079933,-10.949796,-16.655907,-12.897228,-7.405779,-6.4268556,-16.189507,-11.280628
-93.17976,115.780136,-13.013779,69.30564,-51.59768,32.644367,-36.54422,27.18346,-9.085098,-5.5092983,-6.302034,-12.986059,-23.84584,1.5983436,-9.786606,1.782881,-7.319704,-6.7411356,-5.9652514,-11.317657
-132.17087,176.0102,-45.163517,47.71437,-22.135479,13.622027,-9.745316,32.157536,-3.7403991,-17.33782,-10.0268,-6.334817,-6.0572004,5.5377073,6.037507,-12.200531,-7.782628,-0.16002202,-8.534037,-17.639969
-152.04614,181.05997,-57.359985,46.10443,-14.566102,2.2546778,-7.77281,17.999832,-4.7082148,-24.479565,-5.880507,1.1078147,-4.5612636,10.626428,4.9945917,-7.947907,-11.937833,-3.9728458,-10.680796,-19.683147
-170.88791,179.3968,-59.153435,48.989357,-4.6470833,-1.8809209,-5.7824564,15.802086,-0.19273469,-21.878315,-9.308031,-3.5298042,-7.127351,9.98612,3.9256167,-12.663593,-13.552899,-2.0513613,-8.173991,-12.2772455
-201.18056,178.96762,-55.61902,50.893005,11.352585,1.9139193,-8.10622,7.266422,8.375252,-5.234081,-5.0712166,-4.932755,-4.661727,2.8228552,-7.304934,-20.138779,-11.270092,-3.4006212,-14.976351,-16.718464
-218.86247,177.39182,-51.163933,45.491234,16.051174,7.482417,3.8911638,10.974188,5.317475,-3.6215222,-6.6641054,-10.103398,-9.018293,4.633146,-9.207542,-21.339493,-12.779741,4.527007,-6.022272,-21.535988
-238.59132,179.56195,-41.5542,47.582657,20.706184,8.863871,8.759773,6.1944494,-4.7337904,-5.5543904,-5.599685,-17.464478,-9.486095,7.879281,-5.236495,-13.745875,-10.532042,2.593778,-4.51937,-23.064747
-257.38428,165.59805,-38.793015,50.622078,30.87761,8.698032,-1.0932102,6.01927,-5.319143,0.51306057,-4.6764026,-12.652643,1.9654266,8.4440975,-8.017323,-18.12055,-11.30255,1.0309163,-6.582084,-13.896399
-243.7935,174.16748,-38.44906,49.79873,31.280563,15.499149,-1.5428548,3.7249246,-7.319852,2.2834413,-3.4301903,-19.820194,-4.0975842,1.5700426,-8.2598295,-12.70553,-11.87623,0.43459773,-2.8446815,-19.39816
-231.82205,173.9755,-33.107464,48.094177,23.026821,15.331731,-11.530218,6.5329175,-3.9652505,-4.746084,-6.4946556,-21.280994,-8.7132845,0.13600755,-10.276503,-19.29971,-11.625007,0.17304814,-9.677801,-16.283207
-166.67163,151.24973,-43.931038,68.70795,2.9901967,26.58638,-22.737125,7.709364,-11.812898,-12.376568,-5.3886337,-14.339813,-1.7351704,-4.813549,-10.292288,-22.474289,-22.538647,-8.479221,-11.045553,-5.073572
-163.49466,140.42664,-44.704163,74.97591,11.83585,25.751629,-26.037884,25.333988,2.2107742,-19.969482,-1.6824981,-3.3809948,-15.184812,3.8683996,-8.098251,-17.599878,-5.041174,-3.6718903,-10.220721,-6.4515395
-182.3051,139.33601,-55.338837,83.3662,26.598953,12.280403,-26.26025,17.52812,-10.743047,-15.117153,-3.0855408,-12.105009,-5.4675255,3.0275798,-12.822382,-22.8093,-6.502134,-7.5371733,-15.404955,-7.9005938
-199.60916,139.44003,-57.871754,86.3384,24.022345,8.47884,-20.04507,14.577086,-0.21456212,-18.517988,-7.5664053,-13.582457,-3.10694,-3.8817472,-15.00308,-13.487565,-4.3666773,-4.6619773,-14.936959,-4.653556
-210.63487,137.31595,-53.839897,87.031265,29.314426,10.473921,-15.691598,16.385437,0.50495756,-17.408705,-9.334698,-6.0470786,-0.7091738,-7.7441874,-16.606997,-18.393295,0.45564497,-3.2298582,-17.187502,6.822784
-238.52046,139.90659,-53.54636,73.06716,31.491213,4.0801063,-7.912134,16.698666,2.3867185,-10.636987,-9.310599,-6.612512,-8.586081,-7.938281,-13.962892,-19.73183,2.7485685,-4.907469,-20.253735,4.7447224
-253.27538,142.11957,-54.278877,53.747265,18.500591,1.027637,-3.0581224,17.64199,12.738743,0.9435344,-6.2126136,-3.9466624,-8.543591,-0.6601366,-4.4638042,-16.744862,-3.370773,-0.30189818,-9.455547,0.8848015
-258.97287,140.718,-36.175186,49.406654,0.9118767,11.286922,-3.667501,15.321302,2.8255699,-5.7502303,9.831412,-0.8354044,-6.6786113,-2.0149455,-0.89110386,-3.6035504,-4.994718,3.3447711,-3.978181,-6.713422
-211.82133,85.3761,-27.94146,68.9332,-21.871891,46.486923,-20.513348,24.647959,3.2766564,-3.411998,-0.053244233,-1.7731576,-2.241458,-5.6367345,-5.1812286,-13.00318,-10.268438,-3.829884,0.5340034,0.06661308
-157.85936,75.414215,-27.050552,75.67822,-50.072285,38.05963,-21.18647,9.005166,-13.562324,4.6997805,-11.354971,2.8693018,-7.996745,-3.1378965,-0.39912677,-5.9396243,-6.1119165,-2.4769788,-6.044956,-12.826193
-106.59429,75.686646,-23.61383,62.07616,-54.411,51.980423,-30.656004,19.151373,-12.959753,6.961294,-5.018771,11.666521,-6.6343307,8.677698,0.23745894,-4.4321094,-9.06267,-6.007657,-12.059496,2.5252626
-89.919205,102.31439,-38.09388,89.29227,-29.624916,51.797546,-16.369282,10.730343,-16.254528,19.013138,-11.577139,5.3058386,2.154961,-6.7742877,12.148637,-2.9104345,-4.439375,-14.561203,-7.1423264,12.551486
-107.03328,103.47413,-46.99373,101.205505,-6.7979555,46.637814,-19.771719,16.77414,-12.077587,25.700146,-10.383434,0.079557,0.69992924,-9.974432,14.719643,-15.552803,1.4298537,-14.965406,-2.6409168,13.883154
-126.33518,110.5361,-57.266563,102.44177,-1.3720214,30.040066,-24.0654,10.665445,0.45421863,25.803144,-2.5001988,0.57160854,-6.2862806,-10.7099,8.719557,-19.676273,0.8883529,-13.992577,-5.5518565,11.707779
-139.95876,120.601746,-68.03316,98.771286,8.659561,26.363066,-22.385376,8.587895,3.0916753,20.339298,2.2551703,-1.2005975,-2.7708774,-15.797565,2.4242342,-15.481411,0.7987743,-9.915159,-5.25122,11.7740345
-168.63914,121.55705,-69.64016,103.00022,28.056694,24.39857,-18.477798,8.8057785,-0.8496082,19.409275,5.5372114,-3.033578,7.2354174,-7.9739513,6.682994,-15.783064,-4.444163,-4.2638516,-10.662754,3.5846624
-180.32979,131.48956,-71.018745,88.87477,23.58374,16.859138,-22.567375,4.246593,2.465978,19.411736,11.84574,2.7505617,7.648782,-13.681554,0.60635024,-18.750965,-7.7799873,8.492975,-3.1881611,0.26818722
-187.85217,133.67404,-61.011147,92.47978,24.8121,14.20068,-19.773893,8.033084,12.166382,12.5661335,1.464857,1.244061,5.610179,1.8588312,3.4638598,-14.866765,-2.1329215,2.3964682,-5.4226437,1.455938
-206.33548,140.99094,-61.450157,81.68425,31.721283,12.496016,-17.283531,7.155795,11.500021,9.525766,1.8465097,4.6568527,2.9460673,0.2616557,1.6885036,-17.909325,-3.1696851,-0.041143537,-11.075627,2.367857
-235.66919,151.69247,-47.318092,74.63631,31.861507,9.412901,-8.178056,12.027878,12.9694195,13.280117,3.1798482,2.7082436,13.178337,0.96509075,3.9215212,-12.605934,-13.328159,-1.1786661,-12.826714,0.9150727
-229.89116,142.03775,-27.7617,75.285446,14.138933,19.426205,-20.71014,14.012068,12.031534,0.999712,3.8623602,1.3142457,2.4589715,-5.813182,-6.3379645,-2.9812956,-2.915683,-6.6713753,-4.4130116,-6.8489738
-224.22469,116.4288,-11.635932,72.20804,0.099953115,42.684998,-18.45248,16.666363,11.334273,3.3034663,9.880137,3.6179476,-11.246281,1.6526486,-7.111363,-1.4040463,-6.0394306,-5.3859224,3.147565,-3.2324066
-227.54604,126.144226,-10.634564,72.45111,-1.1179181,34.85064,-20.085514,13.416741,16.745956,-2.968394,10.129959,5.537957,-8.233526,6.907592,-7.2866735,1.813067,-6.329553,-12.591151,1.4149978,1.7439523
-247.82625,143.54863,-17.230558,66.93262,3.311966,21.021685,-11.56918,9.459707,21.631638,3.5106716,12.02915,3.1208255,-6.5956583,-0.07494795,-10.555365,-1.3083148,-8.130208,-8.892671,-1.3964884,-1.0982213
-253.17397,151.87814,-22.709278,66.43216,15.403115,20.659315,-0.23638713,2.5318866,9.631741,5.165606,17.91127,13.854931,-5.399084,-2.279166,-8.661369,-7.917658,-12.235949,-8.894652,-2.966982,-1.7610402
-268.34412,157.54663,-25.968437,56.669044,22.229782,14.212412,7.887806,7.9577847,2.0162668,3.980445,9.806427,13.172817,0.9892651,-0.41456753,-1.8176563,-8.379488,-13.044488,-7.2157803,-4.4243116,-3.015417
-281.29626,156.5322,-22.68789,53.27148,15.819849,5.8431706,2.4173577,0.7539524,10.840122,11.261398,11.084825,14.5931,-6.054534,-0.1992116,5.337432,1.4706762,-6.8154106,-3.3049555,-4.7929473,-1.1086463
-287.5118,154.50197,-21.459805,57.44712,22.964783,3.7437856,-3.779788,-1.7576265,1.6693711,5.392688,8.74165,14.0348015,4.5379925,4.1882586,-0.7288581,-4.0494313,-5.656193,-4.198325,-2.7761812,-0.3913644
-293.46774,145.66791,-29.67445,49.21951,24.534603,7.6255608,-5.228759,-0.8123939,-1.3966767,-1.7673326,6.897188,9.493317,-1.1393228,1.9487098,-5.4617095,-9.45574,-3.9276361,1.3936871,-0.47428656,4.7282686
-288.67206,134.14899,-35.172176,49.62305,9.222099,0.25871378,-8.47541,-9.1574135,-1.4022759,-3.9244893,-0.22284293,8.662744,-10.392414,-1.6011661,-8.457774,-14.757362,-4.595416,1.7430398,-2.3954568,-1.7867129
-221.45886,101.28015,-23.236752,38.748,-45.668102,30.693024,-39.499077,8.888531,-1.4552348,-2.12126,17.71029,4.5703287,-11.375905,-9.722057,-4.2219357,-4.1525426,-0.73472095,-7.694162,-6.3460526,-3.143841
-113.99353,108.08809,-31.283726,52.905487,-54.99166,46.47458,-21.401123,15.897884,-37.95218,-3.6194985,-15.052397,-16.008595,-13.56975,-9.926172,1.5854974,-2.708819,-7.1006274,-3.456105,0.12090886,-6.844449
-205.80876,142.99615,-36.40608,36.35721,-21.538496,29.908907,-21.81166,3.896441,-20.397839,-12.46167,-1.3211669,-13.708317,-3.4489818,-17.61723,-2.1958363,1.1585046,-8.610174,-3.2948813,-2.0066674,-6.599696
-253.22807,139.1641,-23.033867,39.84114,-18.625568,21.01039,-12.022924,-0.5179539,-11.255505,-20.057705,2.1805756,-8.655964,-13.929003,-7.882183,-7.8827,-2.5815125,-8.787636,-7.5488677,-12.395399,-4.711572
-282.84348,150.63824,-26.197556,36.198685,1.7712376,0.86282754,-9.073444,-7.341242,-10.889797,-10.053228,-3.0670915,-7.0647936,-17.38589,-7.6099854,-13.858476,-11.208759,-16.080805,-12.089967,-7.391265,-3.2084637
-299.08075,153.45862,-18.85719,35.509766,13.20091,-1.0474217,-15.714682,-9.037007,-3.2809892,-3.1021233,-6.067018,-2.7183657,-11.820702,-6.876086,-16.678074,-18.575779,-19.809338,-9.439189,1.1067617,2.5205135
-309.05743,151.43509,-17.825508,33.63234,16.815933,2.1479495,-12.184562,-13.889034,-8.569155,-3.2252436,-8.852957,-1.6502682,-11.107542,-8.332077,-17.52856,-22.715878,-18.359161,-6.0693226,-0.58845836,1.0254868
-318.50214,147.7752,-15.365519,35.611977,23.858913,2.5842803,-8.138886,-5.887396,-9.358182,-2.3368301,-7.264818,-6.6543236,-17.398314,-8.123516,-10.211805,-12.808321,-14.642658,-11.708498,-5.435354,0.0135759115
-319.79507,147.59369,-19.748436,35.606396,28.158644,3.3123403,-10.490918,-5.264867,-9.130077,-2.6059265,-12.163177,-9.676238,-18.234962,-7.9515815,-2.180581,-12.904953,-16.611658,-11.905417,-12.43617,-7.5098963
-321.14832,147.9515,-16.440134,29.478119,17.27288,5.7007227,0.74246144,1.5016232,-2.005648,-0.8626468,-10.1158695,-7.0458937,-15.364364,-2.5376902,-8.414814,-16.651012,-17.67751,-10.028803,-7.2092266,-0.41925043
-278.36365,143.19287,-33.261963,31.723629,7.426656,16.106281,-1.7173235,7.942644,-7.6045394,-5.1080265,1.7299774,-7.4571624,-3.4920583,-4.3174806,-13.77569,-8.775504,-24.337706,-17.428194,1.0945034,5.3154755
-229.82787,150.98494,-33.58635,38.254227,-5.9071455,23.957678,-9.140615,4.798222,-9.72406,-9.154186,1.1874241,-15.354447,-7.7700295,-0.31678426,-5.9811487,-4.11968,-14.588594,-3.6178012,5.6186466,7.072887
-213.12148,124.22521,-14.314326,54.72673,-14.525521,34.994858,-20.125523,18.725233,-3.8513916,-13.833727,-1.4007661,-2.2837994,-6.563946,5.299897,-8.600466,-12.509191,-13.153486,-10.7484255,-1.4238129,9.092457
-210.33984,107.396515,-4.72662,53.581245,-27.214428,46.012436,-26.165993,15.445261,-4.8784084,-19.861696,-9.284409,-9.667334,-16.833782,-0.16456246,-14.239826,-13.655026,-15.754967,-3.8669102,-4.5763264,-3.1337929
-253.28923,142.6467,-21.126945,48.481014,-1.7745285,17.925003,-18.651691,-2.1624053,-8.2688465,-19.007858,1.7215075,-2.9276757,-16.933475,-6.967081,-7.9430914,-11.359535,-14.789971,-1.3095891,0.79405105,2.0627804
-267.24533,152.37677,-20.173761,44.458763,9.484995,13.919004,-18.594334,-7.3246236,-0.68159264,-13.338591,-4.6417894,-4.020367,-17.153088,0.485026,-10.225703,-21.64021,-19.639498,-5.946897,-1.5154216,4.0640116
-270.58975,158.91245,-21.734154,38.914852,1.2966969,0.59030354,-8.856941,-3.724248,1.3509312,-1.3818944,-1.0208411,0.9499272,-16.781921,-1.0189018,-10.3121605,-20.007992,-12.859493,-3.0111804,-0.6260419,-1.3031597
-290.63397,156.79718,-19.358845,33.806717,12.667165,6.5969567,-3.9249518,1.0458125,-11.991592,-16.474277,-14.175486,-1.7755036,-6.159465,-0.46379948,-7.9901805,-17.287083,-14.276413,-7.586543,-4.338173,-0.9672288
-291.09668,160.62775,-16.537806,30.486393,12.293738,10.573099,2.6234756,-0.34823915,-15.179307,-15.84873,-9.674101,5.329919,-8.981103,-2.3318424,-6.5834336,-16.573997,-15.843395,-4.788561,2.621681,2.4440205
-300.08063,159.09683,-15.5806675,31.40998,13.447464,8.572748,2.7033255,0.11736432,-11.959846,-12.74544,-8.785522,-0.13499737,-13.020231,2.4099948,-1.1701182,-14.298908,-9.239885,2.2087538,-0.2823405,-5.646266
-289.10837,157.55905,-16.084751,33.409416,3.1198707,11.245776,-4.5688295,0.65258133,-5.85159,-12.914469,-4.415175,-4.922435,-12.094215,-5.3281918,-11.932973,-13.030882,-2.6719975,-0.3003719,-3.9019432,-5.0895166
-107.997765,95.45917,-32.940384,69.64159,-62.63317,26.114906,-6.0912485,7.881804,-21.665348,22.391312,-17.56263,9.417017,-4.1637487,3.5658684,9.789366,-1.0100054,-2.834271,-18.971413,-4.8369455,2.5062025
-107.75912,68.379684,-19.875439,80.20225,-58.75914,43.922466,-9.336992,22.147696,-20.716816,20.074873,-14.657961,8.441164,-5.463066,4.333521,5.1574397,9.133566,-1.7240533,-21.334545,-7.7843585,2.991629
-171.52348,73.70871,-22.315468,93.249626,-42.892082,36.448067,-8.063741,5.740779,-13.238613,21.129274,-13.829205,-2.0474112,-8.99719,-9.959908,2.9691544,-10.366695,-3.2342644,-12.995773,-3.671981,1.478688
-208.55235,94.4872,-21.35341,87.908035,-27.841022,24.055069,-11.644183,1.9860098,-14.295011,12.409187,-9.172108,-8.908167,-12.651059,-15.132286,9.651976,-7.7905426,0.8323195,-12.049345,-11.8127,-3.8644066
-232.17159,117.00469,-21.848309,69.59054,-16.72972,25.05761,-13.966879,-2.4198072,-9.175552,0.42797947,-11.234833,-12.750737,-11.17665,-10.738902,12.385346,-9.46356,-4.1022706,-7.5619607,-16.742367,-9.077997
-241.69437,131.3317,-22.995434,60.929516,-3.2670467,23.390308,-8.437023,-1.7145182,-14.471207,-6.1882644,-11.263731,-8.091889,-11.850998,-5.1148167,19.379963,-5.1687746,4.8848715,1.4872255,-21.11789,-12.008302
-254.00795,136.616,-24.17783,63.153202,4.005029,13.367212,-3.5490417,-7.221744,-10.712217,2.0261843,-13.197666,0.26718688,-8.968555,-9.803076,7.711752,-5.0205755,0.01930821,-9.883163,-13.961711,-10.17854
-267.9388,141.371,-21.858994,53.317905,3.778427,8.679655,0.7312815,-5.077022,-7.698015,-3.336812,-10.592743,8.194657,-9.368417,-3.3093152,1.0801764,-9.419401,-1.7755705,-7.17741,-10.344841,-9.016873
-281.5714,152.36197,-27.17191,46.88283,14.016986,4.5803757,4.0390735,6.8561864,4.127102,1.6716007,-6.8574495,-4.7585897,-8.661554,6.2539353,0.5644127,-15.884281,-9.9429455,-9.6121855,-16.145004,-10.850666
-264.63974,153.7497,-36.881866,42.913433,9.602372,0.71350265,-3.9468546,-3.3620281,-12.140545,-8.128798,-5.676827,2.8990338,-3.5286312,4.7202873,5.5377355,-6.10116,-11.99667,-13.007526,-17.015871,-10.093719
-263.32913,158.41342,-44.68551,37.63935,8.715915,6.9834743,-2.5492902,-1.8877106,-5.728018,-12.000626,-7.56174,3.8180213,2.8934875,-4.184704,3.6493914,-7.837776,-13.960791,-12.220937,-16.854956,-2.895613
-152.59554,164.22937,-42.020805,37.283978,-34.159767,23.71144,-4.254365,0.6036606,-18.798557,-2.1798391,-2.3898773,-2.6585808,-4.4419165,-1.6799676,3.7390783,-2.2077541,-5.945325,-9.740738,-3.497645,-0.72975457
-174.95158,145.15887,-19.376053,40.15293,-37.539787,43.061844,-20.645027,9.500788,-21.37411,-12.766264,3.6439612,-15.428265,-5.0351844,-4.7189455,-1.4909875,-3.596345,-15.911745,-15.754243,-9.107216,-12.9858465
-237.85103,121.539764,-20.616734,32.129005,-18.655418,44.180717,-20.802486,12.708059,-16.648468,-14.980135,4.2150874,0.8677943,6.451005,0.33827746,3.2704637,-5.652424,-14.433331,-8.982718,-17.43732,-17.387453
-267.97394,138.68323,-19.962475,35.60952,-7.952084,31.229317,-9.1578045,3.9328125,-6.382311,-15.261999,1.4750158,-6.0952,-2.246325,-0.72308123,-9.447415,-7.018055,-9.478911,-11.30332,-11.615875,-15.517495
-277.72806,151.19186,-21.95509,35.935966,-3.4210865,11.504531,-7.500966,-1.2207391,0.3182629,-9.080599,-1.5321864,-0.4062584,-2.6711886,9.693466,1.1892737,-18.762438,-20.464088,-10.477311,-12.710516,-8.612547
-291.42642,145.79915,-23.23011,34.370293,7.8116336,12.681426,-0.743754,-1.3172147,-5.538024,-7.1562977,-3.9505148,9.761348,1.4088833,11.617594,7.006243,-16.33515,-21.932114,-13.671135,-15.365826,-1.7228004
-296.46194,143.24458,-22.299788,32.47252,6.902757,6.0883074,-4.0989947,-6.503414,-5.6813345,-4.96439,-1.7604322,14.918069,-5.0030794,4.450222,0.65026677,-15.257538,-21.3382,-11.918152,-13.00616,-2.2503405
-299.85583,151.68774,-21.199318,32.549484,6.7509027,2.009595,-5.8879213,0.07219219,-13.731436,-11.654679,4.983471,9.31769,5.2050138,9.275972,-7.550803,-19.410728,-17.945435,-9.389255,-4.8124332,-5.741536
-265.16248,164.06122,-29.43449,38.053185,22.69945,7.9051723,-14.534548,6.387597,-1.8932815,-4.6893206,-3.8722627,-1.45928,3.096413,5.5598984,-12.511381,-25.013176,-18.361404,-10.933071,-12.617355,-12.387981
-220.09244,157.6642,-40.465153,47.917694,9.166679,10.026293,-10.932276,12.213607,2.8099048,0.9520642,-2.978981,7.2757874,2.424881,-6.765581,-21.19043,-31.139565,-13.061708,-4.3313274,-0.24986783,-4.1473665
-121.92162,147.46893,-35.669693,71.63092,-24.930645,33.315063,-3.9172502,20.19878,-1.5202503,-2.5361714,-10.659109,-5.857439,-7.7598667,-1.3790028,-14.166201,-15.894154,-14.21958,-11.1164875,-0.47476137,-11.015226
-91.252144,141.37549,-45.84264,54.673573,-39.45034,25.60603,-19.177616,40.300735,-4.526658,-25.592491,-18.353252,0.38883656,-21.611946,-5.613652,-1.9896867,-6.1017494,-9.036421,-15.530211,-5.8521657,-10.385383
-122.25582,174.13745,-70.48434,50.8041,-16.334003,2.9376006,-14.241977,19.82644,-7.561227,-24.061275,-4.1501436,4.070337,-11.035315,-10.916138,-7.0279465,-8.786443,-15.095166,-7.6486177,5.0633492,1.663974
-134.36288,161.48706,-80.96745,53.25821,-13.137625,4.0675087,-7.5177445,16.052532,-10.371754,-16.73007,2.9854183,9.418289,-7.438659,-9.542425,-8.9000845,-14.685833,-17.227455,-4.458599,7.8804026,0.44700384
-147.20087,160.37605,-78.06308,48.4076,-17.872177,7.138095,3.0079927,17.66266,-4.3764386,-18.462051,-0.017962337,9.113804,-13.1908245,-10.085571,-4.876198,-5.7530484,-13.204123,-2.9713964,8.159652,-2.2823925
-160.31316,167.37578,-70.34037,48.750854,-17.305351,4.6127663,1.4082596,22.282223,0.18528652,-14.894585,2.613359,-1.369738,-14.032133,-11.1451235,-9.886026,-17.613895,-6.62936,4.301564,4.6059885,-7.596634
-184.99223,160.79703,-65.95003,53.012657,-8.488933,12.256338,3.4503012,16.909164,3.2653716,-10.75389,3.240797,-6.4310956,-10.125776,-6.108385,-16.634586,-22.766285,1.6665573,13.310972,13.498616,-5.827101
-204.60207,158.93658,-51.95613,54.00955,-6.8456798,7.7851706,-6.422602,17.158602,7.590819,-11.358308,4.594124,-16.366749,-15.287652,-1.2255125,-15.987953,-18.122988,2.6101096,14.135262,6.8328075,-6.798159
-220.13792,158.24234,-49.222202,56.72489,4.926317,14.341156,-2.2332678,16.139297,4.407403,-19.846317,-1.5485276,-16.13693,-4.85171,4.629917,-14.329364,-13.21712,-2.6375966,6.219385,1.9424993,-3.3955078
-220.08269,151.87172,-50.487995,56.236748,9.436523,20.062729,-4.2670097,18.29892,5.8186398,-9.565204,7.0276804,-15.7496,-6.6719394,-1.3774781,-12.693871,-11.172414,-4.8644724,4.5732546,-4.073647,-6.951614
-192.21696,153.87558,-45.942307,66.06633,0.7847723,19.673931,-2.8076448,18.94542,1.8912947,-6.0285096,-2.842286,-22.373417,-13.5603695,-9.3444195,-10.200122,-13.301033,-10.612875,3.4383206,-5.830965,-11.755184
-192.17905,164.18489,-34.021297,61.152996,-2.3390803,31.487047,-1.4827112,16.519054,-2.852498,-16.264906,0.13852751,-21.0616,-5.4167385,0.26105595,-15.1976795,-18.324196,-15.993662,-1.3726033,-4.3844757,-8.415627
-181.3927,135.42523,-25.940926,63.58226,-12.628422,34.75139,-16.140053,17.93045,8.405741,-4.455404,1.3813139,-15.449968,-24.568693,0.9031587,-14.850985,-13.168964,-7.318859,-1.4523132,-2.2644951,-7.7832646
-201.24814,144.6899,-41.239033,53.437977,2.1814852,30.281338,-14.297514,24.274021,10.944082,-3.3856988,6.628908,-21.929134,-18.586681,-2.4697046,-13.392466,-9.602968,-3.9688601,0.18663965,-12.533795,-12.206589
-223.36714,154.34392,-47.06704,48.536766,3.3296802,18.265224,-2.891212,21.413551,11.394001,-6.4572554,3.6087496,-18.157791,-12.856586,-0.6502925,-11.901592,-3.5383558,0.8472749,1.7716818,-5.995653,-11.039787
-227.99786,158.53726,-41.851463,52.474693,7.0381756,8.972336,-3.5379066,19.61462,6.226757,0.5112423,5.031007,-23.089172,-6.065929,6.9727945,-9.839162,-7.04756,-8.030192,5.817395,2.1516526,-11.266558
-241.8548,153.39178,-45.698112,51.351852,15.0900955,15.260577,-2.2746716,17.121998,0.44666758,2.367331,6.7623262,-27.169537,-9.782375,-8.428234,-13.835262,-1.3923638,-1.2338405,8.391125,-0.8427098,-13.861546
-237.39803,151.15546,-54.366714,44.54287,4.5297575,10.210726,-5.373598,11.589144,2.3144543,-5.001074,-5.4174404,-27.005127,-8.197331,-3.7409286,-7.104867,-4.0553193,-12.661591,-3.9048338,-5.0593567,-13.326227
-232.94319,141.79492,-60.088844,47.998943,7.455062,7.989944,-6.862122,12.791975,-0.90072376,-4.3478575,-6.3855906,-26.84046,-10.143674,-4.8034663,-7.4687986,-4.3037696,-10.712912,1.610163,-3.5636427,-17.349255
-212.25706,154.96234,-66.70607,48.396618,12.415124,16.844994,-18.508026,2.3388286,-1.1050978,-17.141281,-2.766342,-24.225311,-10.895754,-2.4964693,-6.8411555,-2.1033678,-3.9541874,3.1989799,-2.9834971,-10.85516
-150.40382,152.00826,-74.90625,65.59357,4.4292126,18.379124,-24.073866,-1.0879405,3.7199545,-3.8217795,-5.7148013,-17.976784,-13.050428,0.5841054,0.3616073,-1.0965662,0.58378756,6.140005,6.012795,-7.654211
-68.78539,97.126785,-60.114,78.30371,-19.294127,45.23677,-19.060307,34.38285,-0.52226657,6.166298,-22.888483,-5.9993362,-3.6004338,10.101372,6.195548,9.466877,-7.062091,-5.0582924,-6.439283,-2.1705544
-86.6037,86.128006,-64.353195,93.52191,-14.060192,38.622025,-22.82994,38.534153,6.4190273,10.942678,-12.7849245,2.4577587,-0.6721996,0.18277061,2.3678231,1.3148049,3.532239,-4.652042,-8.016806,1.7271783
-124.52369,88.43977,-62.151146,108.05162,-5.4663353,26.907394,-15.952198,32.56029,-3.0191455,0.62095785,-21.231924,6.745333,5.5497446,-1.4801738,11.153923,-1.8072002,17.539602,-4.2538066,-2.4611938,6.593872
-161.00777,98.213104,-61.83249,113.41489,15.046381,17.975773,-19.271973,25.32953,5.881839,6.949414,-20.714203,-1.2152984,3.3308053,-2.8677294,16.847443,-2.945441,15.418382,0.46809617,-0.02174139,3.5544872
-171.51584,115.599594,-67.14232,99.00438,12.768854,4.7227917,-17.445925,31.7464,11.8165,6.5332603,-12.091242,-2.5681572,3.892096,2.7685232,19.019543,-2.4072258,16.707724,0.68843627,0.93225956,2.4450624
-189.78181,126.47407,-64.89487,93.66525,19.601215,-0.68264604,-11.499751,33.585323,19.988266,12.840021,-4.390105,-3.688323,-6.542021,-2.5986402,13.618746,-2.8919783,12.748062,3.8318996,4.509302,-2.5425014
-210.92485,130.6726,-56.991737,90.69389,26.44783,-2.0894098,-8.314587,32.206387,11.903385,14.75235,-11.882545,2.6481044,10.67021,-0.21685982,16.582914,-13.531029,5.407089,1.396752,3.546418,6.0693474
-223.85846,134.66518,-52.848915,78.223434,17.502573,3.3476276,-9.084642,22.634653,13.796829,5.5676785,-15.291193,-1.1470281,7.02388,4.336198,22.044708,0.7373034,14.824143,2.809453,1.2499249,3.9973316
-242.4707,141.18758,-37.30581,72.35889,16.84741,13.071341,3.9979944,13.494577,9.661785,1.9216623,-9.335885,6.7775555,3.9890914,8.04281,14.605961,2.987063,11.305966,6.674947,7.3958,1.4793394
-247.36671,143.40515,-43.93381,63.984768,20.381203,12.635138,-0.6212211,16.03287,15.297637,5.2447205,-7.842331,-1.5376182,0.5222802,3.5277033,15.016851,8.601838,10.692307,-1.4815714,-8.66166,-8.542564
-251.45193,146.20334,-41.884766,61.34441,18.152197,12.055735,4.639852,19.584995,22.125444,1.056957,-2.9004934,4.018958,-4.2258873,7.1007824,5.877265,-0.56027865,4.710543,0.011530608,-2.9050171,-1.5480187
-228.27614,105.6037,-20.318924,65.132904,-1.3667504,36.56221,-28.21799,34.07248,13.415859,3.4822083,10.187212,-6.05188,1.2333395,7.854829,-5.8712325,1.8266736,-6.5975146,-4.19632,7.9704027,-8.406227
-212.76514,95.422775,-12.677321,70.45271,-9.955477,40.285873,-24.94513,32.778404,20.426252,-1.6636523,2.6623511,8.038198,-7.8623886,12.576284,-5.3898153,6.937873,-0.12145376,-5.052245,4.5242653,-1.4425478
-231.3486,110.29457,-22.105982,64.30949,-2.078277,33.140278,-16.973202,32.641155,16.639114,-3.7112012,6.0894403,-2.6315303,-7.655775,6.7108154,-5.502905,7.3808837,-0.61918366,-5.2779965,1.5409834,-3.6205015
-254.1187,131.62753,-34.395138,56.818718,8.159978,23.2888,-4.385398,23.24089,17.021885,-5.6570325,7.852317,-4.976346,-3.6190453,11.731689,2.090554,12.222092,-2.591053,-2.365162,1.3223104,-2.7255423
-273.21835,139.02289,-32.588303,57.374077,15.997245,10.623966,8.340923,21.540588,19.340897,-0.5880917,-0.33925325,0.9418129,-9.227498,7.717572,-0.6318678,6.6051636,5.0725183,-0.26817864,-0.16017425,-2.323838
-280.39346,150.5971,-37.46781,48.644676,24.797726,10.21747,11.599639,21.66878,17.652851,4.44929,2.1228435,4.909551,-6.0206165,-1.2029933,1.3275173,6.877262,-2.6070437,-4.1657815,-0.65009,-4.8971286
-280.08923,156.1935,-36.396057,53.227974,30.727642,2.5394988,5.219054,15.524997,11.779233,3.6447837,0.1519863,3.6703284,-6.706205,3.4263892,10.459752,9.364521,0.5767618,-9.120768,-12.41131,-12.1683445
-273.6972,156.02028,-38.076363,47.393005,27.81155,3.994079,1.3135023,11.609017,9.593605,9.449938,3.8537664,3.0532734,-10.067707,3.9271429,12.201984,6.725021,-4.9988146,-13.593045,-12.322748,-8.933358
-265.21634,162.50638,-37.93573,42.722897,14.145813,-0.25407243,-0.541607,12.035896,19.805256,11.169567,2.7458262,0.2698976,-12.677976,4.5755854,9.87755,7.6848145,-0.88375235,-17.39587,-9.711489,-0.82634485
-143.01859,124.714874,-30.41474,51.55934,-39.85235,30.303062,-19.668352,16.70494,-17.721764,-9.305928,-7.6133165,-0.53113693,-0.27513042,9.237928,-7.7957926,4.9184103,1.3047607,-8.277922,7.1786404,-0.012807906
-139.34833,90.02649,-4.7736697,58.36161,-54.217793,51.607544,-29.205975,19.367603,-9.773073,-8.124209,-0.8684538,10.698494,-8.02157,11.087316,1.1554028,10.172847,-3.7782753,-2.774477,-4.9353523,-0.61955166
-213.2897,101.55812,-20.722467,55.275616,-20.202026,38.457985,-20.126915,30.256496,4.7413316,-6.5095806,-1.0696445,3.9714,-1.6515923,1.501945,1.3486078,3.5053916,-3.6790981,-5.642108,-12.639664,-0.97349083
-260.26138,130.35559,-26.285912,53.958015,0.78506976,20.210384,-5.7885227,19.333233,9.495971,-6.077944,4.4590015,3.496884,5.32316,6.0838194,1.5164549,-1.4087316,-11.421677,-7.55054,-13.91593,-9.359384
-290.4003,135.39304,-28.817432,40.786285,8.13067,14.467718,5.865902,10.665694,8.712305,4.622645,1.8142931,-1.1713421,-2.5004795,8.553626,3.6003366,6.6064625,-5.5186005,-2.1513371,-5.8546968,-12.216706
-257.1357,105.566536,-24.59105,68.69875,-10.339907,33.691376,-1.1177881,7.61594,10.7379,3.659544,-9.43782,-0.86628973,9.739626,0.19048403,12.061258,8.825214,-8.32926,0.75313044,-3.7887642,-8.439419
-218.17334,63.33499,-22.845833,82.37593,-38.397297,49.43654,-4.686099,13.873243,13.295094,10.448204,-5.398237,4.2680016,5.2267942,1.5341015,7.371845,9.543066,-4.0213223,0.32828444,-3.7178764,-10.857472
-189.09033,34.03994,-22.678272,93.10367,-47.888042,52.01835,-11.609889,17.391468,6.0216913,18.235844,-6.540863,11.136411,5.700016,5.653491,13.901118,10.436764,-4.459196,-3.7254012,-6.784235,-11.316569
-189.57932,24.339682,-13.789745,91.78213,-49.362366,56.943848,-9.814657,28.032692,6.7455797,16.315006,-3.3162258,11.58564,1.8885427,7.80061,0.8976023,5.3205404,-2.6347327,1.6821778,-2.16682,-10.738184
-185.83533,22.45647,-26.643257,77.95447,-56.019222,50.44042,-20.181847,17.781103,-4.4152594,6.3737726,-5.6449647,17.06141,-0.3998729,3.259716,5.16954,9.692215,-4.81937,-3.98742,-3.8642626,-5.1880765
-115.14647,100.95157,-40.3461,65.83937,-39.96331,50.131104,-34.89431,1.8673873,-20.265278,-21.319607,-18.233461,4.0874557,-3.7486992,-13.130741,-8.1544285,-8.782981,-10.750603,3.3319972,-11.167673,-13.086838
-91.687,129.70651,-81.7448,48.911896,-33.627518,24.193556,-35.51531,15.274789,-12.00628,-21.323517,-1.6183622,12.516695,-0.7192815,-9.430133,3.5192819,0.27173597,-8.229174,4.608005,-9.429634,-19.567814
-79.5275,133.9227,-90.343094,47.594086,-24.91412,24.357246,-21.299145,27.731176,-3.226916,-5.31026,1.974812,12.158066,-8.427692,2.4710972,7.504339,-4.976756,-13.127138,-4.661532,-1.4125483,-9.079975
-106.31223,130.40924,-95.213425,51.426186,-22.521494,23.7117,-17.32254,21.01197,1.5714061,-7.148165,4.4237714,4.1446357,-11.7395115,-1.5206499,0.74968076,-2.798922,-11.362534,-4.384336,-1.8862202,-13.080497
-118.73423,143.59201,-101.07753,46.229828,-22.53556,16.675901,-17.97815,9.840687,-7.1507115,-10.920858,2.9277253,0.4799111,-4.81631,-6.545726,8.216232,-0.9974873,-11.574603,0.76499367,1.0138466,-13.324352
-123.811455,150.15295,-94.87008,47.819054,-22.11303,19.274414,-10.951346,6.3245564,-12.417168,-12.1627655,0.22809595,-0.8023554,1.2458035,-5.902991,5.6222305,1.3566606,-9.077675,1.4895761,9.250425,-14.47383
-145.51756,145.07242,-83.08026,56.67256,-18.866268,22.375689,-9.696449,-0.9209399,-8.130105,-14.090948,2.22357,-8.011682,-4.322596,-4.057226,-10.771431,-3.6146228,-6.968391,-2.6815927,3.3225207,-8.6395
-170.90657,154.91708,-66.127884,57.013206,-14.135714,13.790607,-17.53512,-4.228739,4.4633064,-8.526776,3.1394358,-5.8026557,-0.77423906,-0.47492224,-13.445425,-6.6419344,-8.216146,-4.969269,-2.4058585,-5.015642
-191.01942,157.58142,-59.128136,55.476517,-10.060367,9.894566,-14.712839,0.29593426,4.9610386,-13.641359,5.643491,-0.9594325,-1.9785826,1.6138729,-13.07725,-12.338018,-4.077425,6.7407966,1.9921572,-12.502925
-189.63498,162.22064,-59.388664,51.073082,-12.698059,8.710543,-12.136796,-0.8317213,9.033423,-7.4946175,-4.7193327,-12.0203495,-8.336153,-5.557874,-8.522111,-1.967588,-8.876049,-2.6272874,-0.16169418,-15.587427
-166.43661,147.02715,-54.85527,45.455345,-18.62862,22.200893,-22.461823,10.700663,-6.188227,-0.49420974,5.4253445,-10.259144,-1.2478753,-10.744632,-5.36684,2.196417,-3.480229,-2.2965624,-0.426974,-3.964046
-89.435036,131.6006,-66.405914,39.569218,-39.926357,25.97904,-32.995144,11.32515,-25.229036,-6.023966,-2.5529895,-1.4416656,-5.0700283,-0.6267978,-2.0880919,-1.4198132,-7.4370356,1.3942486,1.7268909,-12.144418
-76.34553,130.25635,-80.80573,55.450745,-34.55272,22.468388,-17.766958,28.342636,-4.707436,-1.902616,-4.2066097,8.39869,-1.1068339,-1.6077452,1.5129066,-1.121918,-7.3647127,-0.5453563,-1.9683998,-15.960377
-91.406715,128.48907,-90.32573,56.026062,-38.440277,14.452319,-15.964867,25.524746,-6.346608,-3.8614032,-1.3727815,9.351851,-2.110118,-11.355274,4.488995,-3.857583,-3.797964,-9.624695,-12.551872,-11.719998
-79.49932,99.925575,-75.999916,60.187363,-54.47256,22.682598,-16.869776,27.165604,-11.4909725,11.751568,-10.04409,12.046576,2.0667439,-12.3339405,7.3108582,-13.155895,-5.35021,-9.052464,-10.015007,-6.6520214
-103.56634,116.27411,-85.59837,57.902184,-44.59159,20.826952,-6.1842194,18.218536,-7.0619154,6.551538,-13.782486,11.667576,1.3177793,-17.641125,5.5931616,-12.278801,-1.5005122,-8.01445,-1.4806875,4.063078
-121.61108,136.49155,-80.34636,48.751503,-42.211166,13.6181755,-7.0351496,18.802435,-4.220074,3.2580338,-8.961813,4.52004,1.3691628,-13.129789,9.555958,-13.213628,-1.576092,-6.7117357,-8.282274,-0.3376516
-148.68434,142.56158,-90.2399,42.455215,-33.107872,2.3968313,-4.721078,18.873363,-1.6773181,-0.7269883,1.6056278,10.072863,3.3380113,-15.794844,3.8043282,-13.108207,-4.5067654,-9.161921,-10.909782,-4.917303
-154.0701,161.40598,-88.15959,31.385906,-33.82074,-2.1054418,-0.62427485,15.494894,-0.10430002,-4.861852,2.7397358,8.9463,-2.7820482,-9.740572,9.211522,-6.2607527,-11.166151,-12.2301235,-5.1328707,1.1668038
-172.67587,167.37329,-78.19539,37.010445,-26.004877,-6.2838774,-0.35745907,10.261465,1.6613803,-8.448643,-6.0952163,10.186981,8.875486,2.7407746,8.732237,-12.51199,-14.907175,-10.915218,2.5189028,6.5905256
-182.13593,159.67128,-77.072334,29.816147,-26.64404,2.1694064,2.881783,9.858071,-2.940589,-15.637682,-6.066681,7.944323,-2.3218591,-6.3051643,0.43515813,-10.422178,-12.301069,-14.000952,-4.9891424,-2.86414
-180.29747,147.20532,-56.617603,30.621317,-35.559708,17.553236,-9.210901,16.014204,-2.8324316,-9.828333,-5.627012,-6.9077396,-7.449337,-5.012081,2.7448745,-7.148427,-4.884015,-3.2085695,4.2484055,-1.3379376
-136.7519,132.29213,-28.703106,34.22604,-37.419884,36.524006,-18.959316,27.514706,-12.128714,-13.7232485,-6.1013546,-5.3253403,-19.409174,3.7617521,-13.007918,-2.3357434,-3.7248936,-4.022438,-0.0816524,-9.758271
-176.78854,132.42755,-34.542675,40.62757,-26.785822,26.899956,-23.798964,17.395123,-6.331432,-8.243363,0.6489221,-0.6324254,-3.1784494,2.0743365,-10.839426,-7.30256,-9.3106785,-6.079035,0.8055717,-3.8639889
-211.71599,160.74698,-45.271828,39.791077,-16.392307,7.2748966,-6.2744837,7.0282497,2.8166354,-12.468589,-5.467389,-4.4309483,-3.8447886,2.637265,-0.1800783,-0.77334636,-6.408918,7.0346293,3.6102488,-8.846143
-229.28494,166.23119,-49.366055,40.483177,-2.78834,-0.932757,-1.2894249,4.6030455,3.3840196,-11.607847,-1.7651501,3.469544,-4.1546297,3.7123866,-2.9185977,-4.5159903,-8.26173,2.5498817,-0.31303555,-8.629037
-237.32578,165.5192,-47.332005,41.048927,2.607891,0.28785777,1.0628974,3.3876462,-0.5285497,-11.719811,-5.08248,7.317994,-0.62509346,-2.5358646,-4.5309258,-3.130888,-9.464289,2.3167744,-0.83166564,-9.13764
-241.45284,160.09094,-50.487957,37.035477,2.7723908,1.8744603,1.1888167,3.301359,2.756458,-3.7213612,1.6081963,6.0650024,-8.646439,-10.230309,-8.872007,0.96363723,-13.70573,-7.5266676,-6.8209715,-5.894929
-246.47011,165.97348,-52.325836,30.145763,3.316586,-2.2620652,-6.2242155,6.4406304,10.467283,-0.63252485,-0.9449677,2.0869122,-0.6586249,-3.1263845,-4.5647154,-2.1385405,-11.81801,-3.2693791,-1.5462407,-12.185006
-252.2303,161.39473,-49.92171,27.452099,-1.5967484,-2.8984878,-3.9942522,4.334487,12.282171,-0.26981068,2.8758092,8.800354,-1.0822376,-0.57828164,-6.339096,1.8712252,-5.37219,2.7220333,-0.6418772,-12.553188
-246.77127,155.66624,-60.624565,23.766733,-1.5333847,-2.8522038,-6.1966987,3.1962392,4.7556553,-13.3490715,-11.047414,9.5306015,-0.27689147,3.383892,1.5511628,-2.2557156,-11.604181,-8.2800865,-5.6549454,-9.554726
-166.93826,120.26517,-39.98561,56.929306,-40.746696,25.461021,-18.79995,9.522794,-7.0088644,-4.976347,-7.364193,-5.1578918,-5.196703,-6.646064,-3.2776787,-11.755678,-8.176966,1.7501309,-2.7463055,6.1737103
-102.759834,118.18024,-13.494905,65.09473,-34.63575,54.98591,-20.880697,22.281414,-8.402979,0.33469486,-11.584251,-3.006072,-19.489868,1.3825176,-11.197512,-14.014528,-12.752134,1.0651078,2.1036158,4.71095
-152.22643,156.95096,-32.501526,57.742767,-19.530119,26.117393,-12.362247,20.33939,-7.1604657,-13.347057,-8.2975645,-6.662215,-4.1673994,0.9051235,-3.2339878,-9.737096,-11.180147,-9.43437,-6.869894,3.1338866
-179.36603,162.69739,-35.467175,61.05896,-8.176382,19.289135,-15.40622,15.048168,-5.963395,-18.827705,-9.098909,-17.427296,-5.64184,-0.334332,-3.960616,-15.698538,-9.675598,-0.44342315,1.0911357,4.4897313
-186.55927,165.45795,-46.004646,50.73096,-3.6390467,21.049656,-15.539297,10.379799,2.5914173,-6.9294415,-4.461706,-14.812614,0.030544996,-4.238428,-11.613974,-19.981289,-8.375314,8.211217,2.5002198,2.0730557
-191.89511,159.3883,-59.90029,44.9255,0.3457443,20.079805,-10.009774,10.682187,3.996947,-1.9464705,-2.9288163,-13.529409,0.25698203,1.8613441,-6.114463,-15.014063,-3.4048436,10.277781,5.133665,2.1051517
-197.18568,156.9111,-67.69037,44.289387,13.537752,28.278755,1.1840403,16.16595,4.9789844,-13.393923,-14.358974,-14.810032,-7.804546,0.74062043,-0.69715154,-10.235157,5.924414,22.845634,5.594887,-1.4873556
-196.25562,170.77556,-63.248695,35.128647,4.3294926,20.069221,-5.9059215,5.6047096,5.0897455,-6.811101,-3.3599792,-17.028336,-14.672672,3.8194273,1.0137979,-6.229478,-3.68719,8.041361,8.512878,3.0714903
-212.43091,173.95642,-61.163967,35.487476,12.061134,24.702087,1.3439583,-2.0766194,-7.013489,-7.5874166,7.299511,-8.487101,-10.50136,-3.2692373,-10.854116,-14.987046,-12.395893,-1.1790361,5.1958456,-1.0348167
-218.77208,170.82655,-56.026077,56.33115,16.971548,12.355867,-3.7567902,-3.739233,5.7309866,-6.7994137,-2.350971,-3.8166738,-10.127501,-9.943956,-11.223731,-11.164051,-7.7426205,-8.1668625,-6.076872,-2.025924
-174.74368,158.12883,-82.25772,55.96334,9.796295,26.46659,-8.023592,-1.7524807,7.6090274,-12.177738,7.89376,4.952121,-7.366856,-8.240702,-10.437094,-15.09705,-9.12641,-6.5197897,-6.5555153,8.099596
-109.29151,179.54443,-79.73445,53.1835,-2.8852086,22.600407,-15.140318,4.923356,-2.7215657,-16.188309,-3.3116698,4.4342756,-5.70263,-11.080854,-10.670352,-13.21286,-7.8046894,1.4135851,-0.67432195,-1.0714071
-100.6284,163.40198,-91.89711,37.12051,-23.82256,16.388113,-13.153256,16.560467,-3.4970737,-17.902168,-7.154814,4.556285,-12.078678,-10.571699,-4.370222,-15.898441,-21.440613,-15.57407,-11.957594,-13.753625
-110.35057,150.58853,-100.90082,43.69993,-19.685143,24.228436,-3.0538433,13.8135805,-9.071622,-16.200905,2.904852,1.927213,-9.088426,-3.5864434,-3.9962068,-15.057328,-28.301365,-14.291012,-2.6906774,-19.862381
-118.36894,147.53513,-99.464905,49.562405,-19.568657,17.023777,-3.163186,10.613596,-6.914167,-13.536528,6.2067933,3.0045786,-14.170526,-2.0800753,-4.5662265,-12.423062,-20.570263,-3.123436,10.28108,-12.477104
-132.67125,138.32483,-103.283676,51.43994,-8.7995405,16.402609,-10.579851,11.809677,-2.085104,-13.79801,1.2423619,5.3700395,-8.376221,-6.1323156,-6.0848894,-8.464249,-12.482111,-0.35965472,3.6360006,-11.436728
-153.88527,139.50453,-81.381256,59.71031,-2.0995436,15.264741,-24.383362,-3.4419537,-9.205845,-5.8636928,-1.5823821,-1.4976618,-10.374461,-10.294255,-7.484351,-9.695825,-1.9758799,-5.096246,-3.7904117,-7.819936
-231.95195,141.31766,-58.529778,48.884727,4.6675825,15.362244,6.2194486,8.756547,2.8975294,-9.621365,-1.8154194,-0.5079068,-20.218163,-12.692039,-9.631896,-7.4912567,-9.180424,-5.2347393,0.2020331,-6.1408496
-259.0064,136.77618,-66.07654,37.60636,11.216257,14.277632,1.2822026,3.805152,7.2661986,-8.053524,6.6036444,9.84374,-11.3631,-11.076538,-2.4933953,1.291808,-11.629399,-0.26446724,6.256516,-5.0500546
-259.22354,117.51361,-63.110573,33.718025,-8.709901,17.844173,-13.106366,14.87375,-5.7005258,-10.120798,14.93037,-1.7542851,7.1870646,-10.492035,4.113617,-0.80548245,-16.45327,-4.2577786,-2.2640176,-4.5151095
-137.64223,54.809868,-44.42208,86.24808,-44.286705,18.039358,-14.056414,12.648577,-29.079397,22.355461,-17.970673,5.6037416,-14.204973,-6.3270483,2.2111354,-5.6628885,7.218749,-4.9093914,0.9507252,-2.1894262
-92.48651,56.448944,-58.2547,85.12248,-50.965103,23.99287,-10.894301,29.403736,-25.963964,25.070875,-11.19125,10.474159,-6.633192,-12.180462,-0.635442,-11.911888,-1.2248616,-3.2652533,-3.0650907,2.9702816
-61.99316,83.16679,-49.75786,78.090034,-40.950066,41.980827,-11.827793,35.72442,-15.789589,12.50004,-12.005453,11.742985,0.5026836,7.425108,4.963601,6.25994,-2.428791,0.11970782,5.4853897,18.001389
-113.39323,119.36858,-58.218384,88.00228,-14.68995,30.466469,-9.789194,25.888783,-1.0256727,10.619513,-8.686224,1.2432381,0.11460614,-8.401049,0.24510929,-9.015403,6.880712,0.98518366,3.2838192,15.849682
-139.0558,138.05759,-68.58975,91.32344,5.947583,19.127773,-10.328053,18.969261,2.3311324,-1.4507945,-7.7744746,4.4728866,5.8723717,-9.728918,4.7916746,-11.262243,7.1253843,12.072243,1.2751637,8.675173
-154.87132,137.83176,-75.4698,96.01353,10.908035,8.861208,-10.210487,10.120686,6.166684,-1.0764127,-3.5550675,9.613535,6.9322395,-9.111383,0.39392334,-8.924302,0.685639,11.750467,11.4673395,8.027628
-162.7267,138.7031,-74.24708,96.864716,15.706906,8.721211,-11.74073,7.9598665,6.7891755,-2.9420643,-3.5685306,5.5888276,8.527422,-0.20147908,3.2178347,-7.551717,0.7361461,7.301652,8.8873825,15.143258
-180.93625,136.95682,-69.74869,97.87467,21.334213,10.616133,-3.5443203,7.674184,4.729971,-4.413477,-5.1553125,3.872607,6.847159,2.049605,4.819803,-8.415275,4.799045,13.908181,5.8511486,7.384558
-190.86311,143.57697,-67.29257,90.24927,15.241775,5.807538,3.478005,11.984964,0.8742473,-9.943503,-0.9967849,10.850821,6.6229143,-2.2127638,1.621764,-10.660184,9.36885,14.036839,7.206704,9.29845
-204.59718,147.05978,-54.200813,78.622696,17.617432,9.2104225,-0.7205539,13.48872,2.1189702,-3.5228586,0.04590845,11.167608,6.8242955,-4.213722,-6.819088,-6.1494718,9.792656,16.887108,14.764619,5.837245
-222.23929,149.70915,-55.08587,67.02982,15.901415,8.206305,2.6296473,18.232225,6.15847,-1.9295845,6.093117,11.593519,2.0971603,-10.686945,-1.8666193,2.1541011,5.938286,10.544012,15.41853,3.0852907
-210.69098,134.65524,-37.388893,66.990715,-4.250673,26.938248,-5.4060764,24.53861,5.228567,0.0088480115,10.986883,5.9177885,8.308849,-5.821867,-1.152773,1.3999146,2.3895907,11.9702015,16.842352,3.1913652
-196.5825,113.80881,-17.9717,66.51544,-9.671385,40.789444,-15.76465,24.02556,0.35794258,-6.95784,7.4558263,17.209053,0.2970142,5.649029,-10.85593,-0.3742662,2.9450321,4.427482,9.941253,-4.948677
-222.68227,121.37277,-26.925884,66.32883,0.83284485,34.4532,-3.4058406,23.693459,4.89298,1.9758894,17.61124,23.017193,10.206355,2.6612272,-16.241787,-9.18708,-4.4027367,-1.8426766,5.607152,-11.48095
-230.88756,141.92142,-37.73346,57.25461,0.9856938,23.244757,3.3600688,18.215351,11.115786,2.565021,23.137383,21.934155,5.1999836,-5.201892,-14.021538,-7.3219995,-2.59029,0.656612,-4.02329,-6.343974
-245.83075,149.8067,-42.593292,53.991173,5.142825,14.828241,12.435676,20.736069,12.651464,1.1615634,25.100363,23.91984,3.7817078,-5.405281,-10.67149,-8.105022,-10.320261,-3.2793157,-0.9464907,-1.574009
-251.04004,157.7732,-41.39627,54.100258,15.625165,12.876287,13.381398,6.145605,11.754884,4.373646,9.386642,19.811993,5.2453527,1.702125,-6.754097,-7.5005994,-13.692112,-1.5243077,7.253215,4.7061157
-257.84375,157.64182,-40.65319,57.31711,21.058147,4.8690233,12.992998,9.194273,4.005987,6.605191,6.8066664,23.030577,8.464484,2.0612361,0.2006067,-7.9531903,-13.268871,-6.0346236,0.7967297,-4.540909
-262.96802,158.87022,-39.398727,52.12451,22.10094,4.8484592,11.703287,13.381319,5.351856,7.9932895,8.220705,14.9247265,1.2375166,-0.6149845,3.8740327,2.9026632,-6.2637463,-6.8985457,-6.40267,-5.4539795
-268.30676,154.02332,-42.774612,46.73556,11.211617,1.8082043,9.881561,5.3428993,0.8626065,-0.64303505,7.3307285,17.199373,6.556086,2.5036874,-3.6080384,-0.22025923,0.25388837,-0.727864,-2.1832018,-1.4166152
-269.06097,144.79007,-47.241898,45.31267,3.0238423,-3.938765,4.747908,4.3667417,-0.64961857,-5.8187075,1.5904778,15.198449,8.6953945,5.6903195,-4.874868,-1.2903632,7.068346,6.836413,4.4796424,0.09542644
-171.91864,122.31061,-34.079117,50.294624,-40.847565,22.035967,-24.382732,9.710749,-6.856713,-4.4899673,-4.855138,-5.189158,-2.783138,2.185949,-13.239623,-4.7234116,-0.8617474,0.2566306,3.596891,1.3495882
-102.92448,102.13066,-18.297905,55.487213,-59.635902,44.770477,-27.719923,12.486746,-23.525719,-8.230599,-8.8839,0.73588216,-15.493084,13.443658,-2.1219196,-1.0792313,-7.787922,-2.7184627,-5.9145823,-3.9359713
-204.78609,121.4014,-25.559025,46.58326,-29.549606,26.365093,-18.823902,12.388058,-14.338649,-20.626732,-7.5909324,-4.536932,-9.819802,-3.5488615,-9.054264,-0.6896943,-7.041923,-8.805197,-5.319845,3.9960668
-240.16281,123.30109,-38.660065,48.569595,-10.649,18.401611,-11.319487,11.596441,-7.46245,-19.904856,-14.004086,-13.864172,-11.339861,-13.720279,-16.637154,-12.481784,-12.566158,-5.0888357,-5.8890753,1.8058381
-269.47717,147.6507,-38.18121,43.180023,7.506339,0.8010607,-3.3019633,1.1407937,-6.069209,-10.9249,-10.099172,-4.855276,-16.36356,-12.579081,-14.590998,-12.254886,-16.342281,-12.593733,0.84151983,4.2292285
-283.66803,141.85797,-46.658394,30.908106,5.132455,-5.3395004,-9.529833,-5.8339167,-10.766178,-13.580128,-13.826239,-13.042241,-18.166838,-6.7246003,-16.418688,-22.714369,-21.870487,-10.950161,-0.54529405,9.983086
-281.55927,146.49121,-45.02812,32.794754,15.698074,0.7559984,-6.311192,-5.4058113,-12.33093,-10.849697,-7.3407993,-4.7719035,-17.663387,-13.7540865,-16.028576,-15.866921,-19.01205,-5.0619745,1.0121526,4.7284527
-300.4234,146.16058,-39.775,29.182648,17.62774,-1.7268437,-4.0891495,-3.0326312,-10.178457,-10.808835,-14.820183,-12.584368,-21.39111,-13.040606,-9.728845,-5.422387,-9.5456295,-8.317198,-4.6680202,2.795893
-293.26846,146.57092,-43.176346,23.622337,7.192066,0.23497802,4.997876,5.332744,-4.9925423,-12.090481,-16.1801,-3.2948594,-18.888813,-19.936447,-10.828305,-5.7488837,-7.003356,-1.219363,0.287134,7.5720763
-295.26117,147.10547,-39.12568,28.074272,12.405411,0.7133864,2.6975574,6.856944,-0.11958134,-4.3300233,-11.049183,-0.9538546,-12.626671,-11.871536,-9.69402,-12.930031,-12.508057,-0.8006165,4.682888,7.563323
-287.4991,142.39252,-50.482166,24.920311,7.147462,3.321054,2.3655906,-2.481843,-4.3740034,-3.4966223,-7.508765,-2.2981806,-12.999115,-11.367783,-12.927715,-13.007504,-8.25617,-0.037838817,-3.0292163,-0.25814587
-200.04808,144.24059,-43.423103,45.013454,-5.427845,27.178738,-4.2203245,18.456623,-7.547854,-9.032125,1.2075251,-2.8293066,1.5700039,-2.07191,-11.9217415,-8.324123,0.69795215,14.25662,0.47333598,-2.0388954
-193.55563,110.54319,-10.359442,57.87693,-17.039188,56.409206,-15.107202,21.887493,0.93927264,-5.5446253,-1.6170743,4.40564,-3.5128446,10.090328,-10.008709,-9.530012,-2.3948162,5.9849286,2.3993485,-3.1854417
-242.02849,137.39534,-12.146233,52.292305,-5.258089,39.78219,-9.111161,13.1706,-4.901526,-13.348882,8.753432,5.2059135,1.2843312,3.502907,-4.202105,-14.63652,-12.408482,-1.2960769,1.1578971,-1.5196695
-269.37207,149.14499,-13.55272,46.416534,3.5100179,21.608732,-3.009596,10.542997,4.073058,-11.653089,3.7915602,8.31198,5.9696136,8.0973835,-9.029694,-12.452507,-11.206177,3.9207978,1.2720561,-6.6614475
-283.41107,158.9328,-16.29457,45.613876,12.17934,6.4209595,-2.1528966,5.5449114,0.049512982,-2.5640054,1.502711,7.0070815,2.402492,0.34602398,-9.716665,-12.008008,-7.5159845,-3.0509968,-4.0044775,-4.2832556
-266.89328,168.78447,-11.734475,37.27748,1.845919,13.745855,-6.6427336,5.016912,10.376799,-3.7306519,10.1661625,4.3200555,-5.9617424,1.7345457,-11.777868,-9.214668,-10.014684,1.5065408,0.010074109,3.465042
-285.4033,164.50543,-12.869873,33.632534,14.782656,17.532032,1.03239,4.385915,3.3188238,1.9728022,6.190007,3.9326904,-3.9390073,-3.4686532,-11.045282,-8.926319,-17.789932,-3.724573,-1.0983902,2.9591956
-295.4445,169.5794,-12.880657,38.15101,21.902529,5.732819,4.3426538,14.047764,8.254374,4.4359274,-9.577446,-5.936714,0.56421673,3.0520604,-4.299531,-13.004992,-17.732487,-10.075306,2.6452281,10.209411
-302.416,168.94539,-15.878008,35.397095,21.54491,11.132608,15.611117,14.733713,1.3636762,-0.70742875,-4.589747,1.0714233,-1.1659012,-0.06471658,-4.6009974,-15.50244,-18.441797,-10.339813,6.671548,7.076535
-158.69205,149.7608,-42.648365,36.029594,-32.53347,14.1724205,-4.831298,8.453482,-15.117846,10.660576,10.095648,-0.35285565,-13.269152,5.341073,-2.7732723,10.803614,-7.289311,-20.095013,1.4641256,-0.90221465
-90.716125,78.09282,-37.134552,68.82599,-61.60047,43.9963,-8.076953,13.139604,-19.243301,30.992323,-9.216034,5.109007,-5.2199326,-4.2744093,-8.504784,1.4197793,-5.332691,-9.3961315,0.16340005,0.3604625
-139.26009,77.30168,-16.072256,86.95203,-49.83187,46.40142,-3.1705313,10.136944,-17.622501,27.345535,-19.067516,1.7550284,2.7405448,-5.935758,-4.209371,-7.2295394,6.858434,-0.47980708,0.7778683,-2.2775443
-174.32724,91.63545,-22.310722,91.90076,-41.281624,31.914375,2.7696092,6.0392933,-9.910936,26.9581,-14.499862,-0.50281465,1.5666617,-11.592002,-2.0828023,-18.332264,1.1306937,-11.613302,-5.555623,-2.8982537
-214.17334,110.1794,-18.226532,79.71159,-25.800434,30.182737,5.6952944,15.59004,-2.290852,9.5442505,-13.400084,-0.44082272,-3.3871388,-18.663229,2.4094641,-16.712608,1.2752823,-9.244458,-5.929547,-1.0245701
-243.42093,127.881,-18.598242,70.106834,-6.7648745,25.259068,7.4744706,12.676585,4.3965383,6.453963,-13.534987,3.206485,-2.8365006,-15.546287,0.44562697,-13.445836,0.33978486,-9.297428,-6.774203,-1.021739
-267.49582,142.74611,-22.454887,56.14367,-0.20726912,18.58004,14.740253,18.731825,6.4274874,7.6466928,-3.180437,-0.4452711,-5.0729256,-11.8473835,5.0629864,-9.947201,-3.204627,-3.2345238,-4.398594,-1.5355498
-279.4893,144.86603,-27.446758,46.003334,6.6989684,13.338362,14.940879,18.022251,6.420934,22.931742,-2.823297,0.43397054,4.4005284,-17.749979,0.19579113,-14.283583,-8.358051,5.692799,-10.018442,-4.131462
-280.45297,145.82635,-23.932758,51.43583,12.4913845,7.9156513,7.698504,8.811916,3.569263,18.315125,-5.111085,8.130884,0.06050217,-13.080824,-0.45896214,-17.566175,-7.1387215,4.1617756,-8.189842,-6.400228
-288.32706,154.23346,-23.772457,47.47915,16.452074,3.7680612,6.3437333,11.349015,-6.1931367,10.581068,2.2359748,5.7356076,1.1253431,-12.295742,-1.3969476,-19.59763,-2.5342605,8.073535,-4.9640183,-10.991699
-267.67322,165.06833,-27.965279,40.47377,8.801418,2.4899342,-0.9171159,3.857749,1.2189484,11.243439,6.4745502,4.114973,2.3532984,-6.6894655,-12.147055,-13.338029,-6.160431,4.8914676,-3.762183,-3.4560905
-174.45859,152.19136,-31.575336,44.81069,-20.41812,25.493408,-7.9193983,1.0620449,-29.451954,5.7286386,2.2298908,4.9294634,6.230337,1.9990048,-8.081968,-5.592628,-1.9528487,1.7101575,9.0785475,-6.959614
-153.87802,152.03851,-22.67276,45.34291,-24.71632,37.7269,-18.502436,6.011632,-21.844524,-3.4424293,0.3777052,-6.607647,-6.3570027,-2.6393423,-11.229725,-8.574515,-7.023997,-0.9285244,0.9052679,-1.333911
-216.12729,145.2745,-6.9249725,52.435028,-19.256187,31.68219,-15.651087,14.467627,-3.3133223,-12.611539,8.69725,-1.021548,-7.0392632,-6.08381,-16.91859,-5.142864,-1.8062813,3.4803085,0.20601672,-3.4375844
-256.209,145.5943,-14.621389,54.408333,-0.6607988,22.894848,-6.0804014,5.5876503,-2.9835453,-5.005802,15.202575,-5.0672317,-15.036833,-4.3573923,-17.310429,-11.790209,-7.7033267,4.671683,5.6814203,2.512555
-270.66144,156.93028,-17.665901,44.84978,12.806288,16.489338,-4.16394,2.1069484,-0.9710734,0.41571128,6.646391,-2.8132243,-13.974089,-5.4407034,-15.261784,-10.9762335,-7.9989204,0.90783936,2.5734417,-0.8640795
-290.41965,158.77933,-16.077726,40.327644,22.606491,16.684643,1.602488,4.9355216,4.5930552,2.519357,-2.8756592,-1.9279007,-12.556028,-6.842604,-13.837683,-17.265787,-13.035849,-4.797771,-4.6356106,5.1864624
-303.51962,153.79752,-14.928045,43.302193,25.63256,16.990376,8.327686,2.1142204,-7.7269316,4.3155622,0.74927324,-6.4088917,-15.792198,-4.8199716,-7.821103,-16.21987,-15.312653,-5.2688074,1.3666732,1.8829259
-301.54208,168.22424,-12.477781,45.701622,31.167145,18.043045,6.482165,6.473287,1.1383255,3.5214293,-2.2187023,-10.853232,-8.2094555,-6.26309,-5.251907,-12.820578,-20.143444,-8.532627,-4.1664796,-4.502885
-269.79422,169.38602,-28.674448,44.0123,27.825762,12.35833,5.140158,11.467386,9.869749,4.2253923,-4.989975,-8.084124,-19.043102,-7.477792,-9.993486,-18.319984,-13.612738,-3.7762566,-5.2395344,-6.0835867
-223.86081,168.79419,-23.550095,49.765526,16.160389,32.440544,-5.197033,22.354595,19.493244,7.2983847,4.4158087,-9.43857,-9.046794,-6.4040847,-8.727415,-9.964788,-8.889694,0.36343938,-6.9202604,-4.3990345
-141.19397,120.738846,-14.015103,75.703125,-23.495495,46.823418,-20.194736,22.842178,-3.9588685,-0.38031065,-10.589577,-3.0409179,-3.3987489,4.0641227,3.215445,-12.75744,-17.821249,-3.5055423,2.7711635,2.983151
-104.970055,127.62482,-1.3401873,69.12261,-36.18753,43.864582,-30.757832,32.81626,-5.0073338,-4.8546104,-6.3829455,2.2615452,-14.476114,1.7737024,-4.7086797,-11.41798,-10.893502,3.4938793,-4.148731,-8.723119
-125.86424,174.10342,-45.847534,58.86287,-18.287563,15.011898,-12.88625,24.43711,-1.6450145,-18.739496,-7.9195538,-1.1169572,-5.0442967,-0.70300347,1.8116398,1.203832,-11.352027,-10.227272,-5.6405373,-13.811965
-131.50414,168.21613,-62.933556,64.7637,-7.3445396,2.2279,-5.2810183,21.208626,-5.8608217,-10.769291,-6.089843,8.456686,-5.5651236,-1.0208642,7.1514225,-1.982871,-12.028702,-7.829269,-2.579914,-10.424588
-150.62518,165.11676,-64.20441,63.851326,-6.0367937,-1.3314788,1.4569293,18.747084,-4.30318,-11.884762,-5.556356,8.7005005,-7.942195,4.0449147,6.218918,-2.1209707,-7.80437,-5.1826754,0.26105586,-9.799551
-169.16988,169.74402,-57.72893,62.680817,-3.265512,-0.8259007,5.7858934,24.812637,-4.896928,-4.5914345,0.19039464,2.2818727,-8.7561655,-4.8878956,3.5901375,-3.0925617,-1.8442198,-6.0080614,-6.856962,-15.608715
-193.3467,166.93304,-58.81543,58.889275,12.562555,2.0802944,6.763111,25.722862,-10.57819,7.050717,9.8262825,1.0289638,-0.6670642,-5.8613524,4.8230352,-17.580072,-18.943651,-5.886738,-9.513354,-9.480798
-223.52267,174.28693,-41.474754,57.628986,13.626236,2.109332,11.842696,25.997597,-4.0716085,-3.925528,1.7403877,-6.7099295,3.078037,3.4435077,-1.8727844,-12.858582,-12.994898,1.6630001,-12.488194,-11.830139
-244.28545,165.11513,-42.980347,64.72233,26.37434,7.6363335,9.969164,24.55092,2.5743265,-6.515382,1.5148925,-17.6584,-2.0213902,8.905279,0.23384929,-5.9098816,-3.6280084,6.5277424,-10.526524,-15.28887
-236.8904,154.07204,-45.21045,61.74696,19.04892,18.030838,1.7167432,19.57444,-1.0859826,-9.278703,3.8252707,-20.020575,-3.5793693,4.5735407,-1.468019,-8.011007,-2.9649882,3.708573,-10.18634,-12.059802
-228.9237,155.29922,-43.67968,63.279037,18.844046,21.637466,-1.0829327,13.9819145,-3.6696236,-9.284748,2.9426694,-18.75559,-8.5912895,-4.8665457,-6.833518,-11.510323,-2.9319913,4.9226217,-14.490847,-20.674923
-200.66528,173.4772,-22.809502,72.34392,8.838233,23.30439,1.1210526,16.545116,-0.10265881,-14.288265,-2.3257508,-10.437525,-1.9627454,5.4631023,-8.397934,-14.709824,-4.4500217,1.5066769,-8.862961,-10.876937
-200.54448,150.70236,-10.6543045,74.85339,5.0776315,37.231857,-16.899466,12.873627,2.4851563,-12.1030445,0.5304359,-15.010662,-16.669964,7.7073565,-9.660122,-18.15103,-3.0484514,-2.6232805,-11.719056,-11.6073265
-229.94832,154.22052,-13.969265,73.84059,18.303776,25.021961,-12.8240595,12.548828,3.5852141,-10.431791,-4.0435085,-21.583244,-12.973442,8.902021,-12.396723,-16.85441,-6.21255,-5.7590637,-8.200783,-7.520898
-246.04773,159.76537,-20.34356,67.89261,15.345404,16.041945,-6.108925,11.279129,6.064127,-8.307587,-4.4352484,-28.011581,-16.6309,4.5096574,-7.7740145,-6.557826,-0.14630695,0.53882813,-11.194892,-16.12008
-259.43976,167.1408,-17.6064,66.97031,24.704096,16.11264,2.2826476,6.853714,1.8173107,-6.5047703,-2.4933038,-23.465977,-17.356281,7.499825,-1.2210075,-10.501268,-6.9183855,2.3286138,-4.234258,-12.0837345
-257.85397,164.03625,-29.359303,57.281296,26.54678,18.267632,2.1846182,7.5247254,-0.4917038,-3.5722609,2.9142272,-19.831764,-13.784117,0.7641159,-15.388369,-15.989426,-6.911821,7.6617565,-2.453455,-11.069364
-270.04996,168.50963,-16.673225,61.718025,24.263021,16.062325,-1.6896061,6.768299,1.0361626,-2.5919447,-0.31815255,-28.892597,-6.8058777,6.702418,-10.223682,-12.819729,-10.005508,-0.004163444,-0.7690245,-12.849043
-267.8552,161.12976,-23.773167,60.34755,25.267923,15.688443,4.0851617,12.210608,5.450984,-0.19548196,2.6070724,-19.581871,-8.097187,10.357378,-14.485466,-16.45726,-5.543252,5.9607215,2.6239548,-8.808332
-254.89449,167.24887,-34.896965,51.042316,21.061935,13.812584,-7.6751237,6.5832305,11.217787,-4.01029,4.259375,-18.500277,-12.851155,5.9992037,-11.377029,-11.482149,-0.71697134,4.181574,-2.0483139,-3.983612
-189.14131,132.87534,-45.22338,67.635345,8.27922,26.467297,-30.96159,14.175419,-1.577787,-5.1925554,-9.92823,-27.2823,-19.873913,-10.440329,-4.3285522,-7.3680954,10.482756,1.0464779,1.7335912,1.628861
-86.17537,89.05539,-44.83319,83.366,-28.092983,39.529327,-42.885834,15.33856,-5.78588,11.81878,-17.562967,-0.28311884,-2.8546107,-1.5422142,-13.22846,-7.907548,1.1685553,-2.3805957,-5.8496537,0.21378952
-82.81919,107.17441,-49.25032,88.87689,-19.556976,41.069458,-16.003,29.132755,-10.925251,8.886136,-15.495985,6.3154287,2.6195877,-7.1417727,2.43649,-0.6495161,8.047463,-4.1126146,-1.8215187,16.645885
-127.40144,89.52344,-45.5434,114.41496,0.6113571,30.650616,-19.272228,26.125622,-10.25818,8.873096,-17.009167,5.1236095,-3.3874397,-11.921557,0.26511657,-7.373124,25.609932,3.8073022,-5.2007895,19.915203
-152.99834,107.92337,-51.861385,114.051956,7.7096467,18.8309,-17.107187,26.148258,-6.6305714,-3.6736069,-14.865681,-2.3071632,5.115528,-7.4646034,2.9156382,-14.894524,14.401043,1.162534,-3.240227,14.268068
-184.15674,116.664764,-52.510635,113.76594,18.07231,-0.4222573,-20.90989,23.640274,3.250123,-4.097436,-13.513278,-2.3305748,6.093313,-5.4535933,8.494526,-3.026549,11.584776,-0.86646223,-5.985254,10.426811
-197.28766,131.97807,-55.377098,100.51958,21.561184,2.5477238,-12.897296,18.549555,-3.8181152,-4.6106844,-0.93546194,0.95679015,4.2442226,-6.0892167,6.1537557,-8.854751,10.903729,-0.65884453,-12.838039,7.562379
-215.02998,140.17923,-47.36242,97.214264,25.127983,-4.425459,-12.543171,14.861663,1.8691456,-0.7525598,-1.3413103,4.484723,-4.5922203,-12.13811,4.99905,-2.7428694,20.058624,4.1614375,-17.581406,-3.9879115
-226.43327,150.22235,-40.07304,90.87958,23.305328,-5.198551,-5.0518975,14.509678,3.3113651,-2.8442497,-3.4160635,3.5203624,-9.142483,-10.962263,3.9818032,-3.250864,16.442307,0.8973882,-16.791164,-0.7318995
-256.59387,154.11691,-39.675583,70.47335,29.133564,3.9413745,2.435834,19.478367,11.2926,-1.673039,-1.6440548,-1.7506121,-9.19865,-8.937001,0.5924274,2.0596342,14.485856,2.4338334,-7.4016905,4.28958
-268.99796,155.31885,-36.68966,56.90069,19.299961,-3.5410995,0.4487973,17.174305,15.91107,5.73287,1.1238747,2.1803377,-4.064319,-1.7095612,9.035339,9.881889,2.6630092,-1.8187246,-4.653245,1.4109682
-259.92755,149.27594,-28.36766,60.71286,12.319116,6.007922,-0.059037983,23.524254,17.669825,4.3670864,8.353664,0.8013375,-7.275525,-1.553848,0.013957262,3.269291,1.0055487,0.07328105,-5.600731,-5.2711873
-232.46797,105.01395,-10.734585,63.297432,-3.9563136,32.87394,-21.869656,29.716507,16.248531,1.8588634,9.679815,5.894917,-14.868641,3.9177406,-4.826042,3.9660513,6.603677,-1.3856959,-9.451846,-4.270027
-240.24527,109.59105,-11.051505,53.54069,-4.905097,35.50544,-19.89701,28.449884,9.321318,-3.5016398,10.358037,-1.6963971,-17.016449,5.8662024,-9.698081,-0.6235076,8.732826,-1.7401063,-6.1134167,2.053509
-255.05101,134.50095,-31.46508,53.18879,15.511568,21.017597,-11.03323,20.398277,11.091989,-9.964535,1.6252325,0.5966408,-9.628666,1.5023273,-9.476582,-3.540938,1.5079634,-3.8562396,-7.3026047,-3.3317266
-278.50848,149.73727,-26.51203,58.94921,27.667221,4.01748,-1.2851638,14.041279,11.092621,-3.7866898,-6.5842934,-8.263348,-16.328144,4.731975,-8.630736,-0.24549937,6.9923553,-2.5857782,-7.1370335,-7.4700537
-286.49557,154.02777,-26.752552,57.88308,34.52243,3.8768027,-1.8007138,10.335903,2.6296692,-2.8213558,-2.4131594,-5.31255,-10.255041,3.0021868,-3.908291,1.2491179,7.6879544,-4.544774,-9.17591,-4.1064763
-282.32486,161.34467,-26.357136,49.682884,31.202677,-2.268114,-6.684889,9.971785,0.14044076,2.8121977,-0.31375536,-7.149583,-9.706101,4.2167993,2.8088088,7.9998336,7.005865,-7.6932163,-9.3907795,-5.53063
-288.7746,160.43341,-25.1311,48.096985,32.205772,0.103055894,-3.2034779,5.887837,2.2124493,4.4713073,-0.9339994,1.9864728,-3.2678525,6.329528,5.530962,6.62002,3.5187573,-5.733985,-5.9660435,-3.8868248
-293.2683,151.69183,-27.423077,53.23845,30.3948,7.214021,-1.1586614,8.617041,4.019484,2.1187432,6.443856,4.3464556,-7.9200187,-2.0856209,4.4414167,6.895815,6.100704,-5.4553156,-3.0945845,-3.859466
-279.57086,151.18271,-28.479506,51.333168,19.634024,12.502695,-0.33932495,1.4571409,6.5564404,3.7192407,0.47162545,-0.78083384,-10.995995,4.2361054,7.6315336,3.5969043,3.069429,-7.993902,-10.625704,-6.818261
-230.87323,131.2305,-28.861378,43.55342,-8.15602,24.097996,-24.60699,10.490099,8.795488,9.557593,13.555127,8.87384,-0.8067671,3.6803093,5.7856083,4.622002,4.998329,-5.3002434,-13.333424,-6.569253
-139.51505,67.12663,-3.213273,59.077198,-56.73449,50.250916,-31.3868,24.770863,-17.357096,4.4457254,-5.4923177,8.577652,-12.627922,2.271369,-0.2330249,4.378295,-2.51091,-1.7836345,-6.143953,-1.4787912
-150.38832,137.84567,-16.749249,56.429863,-42.933964,32.70128,-20.117453,2.7819328,-25.896408,-2.5881782,2.1034515,-0.54184294,-1.4280386,2.2136767,7.48586,2.57676,-5.237079,-9.196838,0.2958752,-0.55369496
-261.1393,139.9018,-29.679726,36.87116,-3.170001,10.467974,-25.52467,13.475829,-6.3427477,-6.219997,5.591504,-9.824181,0.91929775,-5.7360168,0.69645846,-0.8792312,-7.2924824,-6.6787567,-13.058338,-4.1351147
-300.21954,133.17294,-26.171993,34.874863,1.2729399,-4.5793734,-15.333473,8.210655,2.2813773,-0.04087591,4.061547,-2.8963518,-7.7286844,-1.5122007,-2.6687903,7.927551,-1.3965614,-8.454393,-11.902292,-3.4224358
-321.0365,131.25308,-24.907612,39.748707,15.6810665,-8.580541,-15.089347,2.6093204,-0.7644347,-3.2372336,-0.17372,-0.018190742,-8.390123,-0.60408807,-5.041602,0.8674116,-2.8012938,-4.227827,-2.3521183,-0.787946
-335.58206,129.21704,-21.39805,35.426132,12.496218,-14.5267315,-13.955534,-3.8484004,-6.6982536,0.5908259,-1.8013139,-0.43699384,-13.166025,-4.6972365,-9.529537,-0.030416131,0.042774916,-11.514618,-8.990163,-3.77245
-332.08386,127.55776,-30.44089,29.683636,16.165035,-11.011176,-15.536266,2.1642249,-5.2154937,3.3218431,6.051302,-0.46537024,-12.295875,-3.6555185,-7.711958,0.05657792,-1.7753983,-10.218248,-11.041792,-4.374371
-329.17526,132.31778,-22.930616,26.058002,13.759217,-4.667119,-6.901876,9.624892,-0.35068792,4.0504546,3.5751529,-2.4967906,-12.019836,0.32638744,-9.31282,3.2558475,3.9368548,-3.9525237,-10.209422,-9.345421
-313.87305,145.3393,-21.337593,33.018196,27.35173,4.421317,-0.32214522,19.586985,2.7328558,-0.34411466,-4.403157,-5.7246113,-14.640623,-8.689725,-8.787099,-0.8862764,-5.0220757,-7.87331,-12.876902,-8.714101
-273.7384,162.07327,-31.291637,37.29054,24.37397,5.205035,-7.451474,17.18222,14.563234,-3.6114225,-10.263682,-7.4985943,-6.847168,-4.8264546,-17.89925,-14.316734,-10.87434,-3.6297073,-14.634874,-16.004253
-188.82466,170.95323,-40.113045,44.454777,-5.3275847,8.80317,-19.712624,16.481613,0.21453959,-14.99328,-6.4202385,-11.382732,-8.728284,-7.347863,-8.551007,-8.255183,-9.553303,-7.9716015,-14.327319,-11.778828
-117.66959,170.73994,-64.42366,35.86621,-26.411043,-1.5095205,-32.177525,30.062637,-12.755009,-16.032875,-9.727149,-8.477807,-1.9147512,-9.054398,-2.2191298,-5.5086427,-17.823063,-9.680491,-8.309288,-17.511103
-115.44286,175.97885,-88.0234,34.700966,-10.191351,2.616369,-2.0607977,40.7947,-12.262784,-1.0144773,-0.8537022,1.5845313,10.604202,-10.022131,5.4864063,-4.3295455,-17.703014,2.8085837,-7.0331464,-10.918299
-115.63081,178.8357,-102.24739,37.18548,-5.3435626,-0.20697725,2.1147428,29.922968,-15.804806,-6.579406,-2.1157637,-3.5464165,5.079674,-11.666866,1.7504358,-6.278459,-24.347776,-2.851243,-5.662117,-12.345327
-119.04564,162.94424,-102.61171,52.98178,1.9857936,8.247309,-4.5033183,15.981741,-17.830254,-11.193712,-2.468172,-1.644876,-4.8563437,-12.015992,-0.6672466,-5.1531706,-11.473675,-5.55377,-0.5661173,-8.1610365
-133.50363,158.91522,-93.13129,63.00956,1.4862701,10.950834,-10.603199,-1.2237481,-15.034582,-13.93804,-5.4309697,-7.094019,-13.721273,-11.897694,0.24738523,-6.410006,1.1365867,0.08059886,-13.926293,-13.091796
-185.21663,153.1925,-71.41997,61.585617,-5.5120115,4.3196044,4.0898395,3.7943168,6.698623,3.5704947,-0.035708144,-4.081647,-12.7861595,-0.64239085,0.16227365,-11.587078,-10.5474415,-10.612093,-9.197091,-4.860956
-190.04744,151.01663,-59.9803,70.55787,-2.8807535,5.1393766,-2.7037609,2.6803927,-6.8739567,-2.754489,-4.613823,-0.4113801,8.376527,-0.81639886,5.2070236,-13.171188,-17.8656,-4.0095396,-13.568293,-9.798107
-170.56387,119.48204,-51.255787,81.818726,-23.871782,14.113406,-3.9918952,9.070715,-21.864525,-2.7141297,-11.583553,-9.616253,9.943248,-4.130083,1.5423409,-10.90996,-14.900583,-9.538467,-11.509656,-10.805492
-130.81348,91.653725,-59.089165,87.58236,-35.291573,15.226553,-10.663881,11.996118,-27.93359,4.5086393,1.7350571,0.096803844,3.23472,2.5241835,-6.75834,-13.706332,-11.29318,-2.81349,-6.0514565,-7.9563456
-118.44056,109.06374,-60.37265,79.83916,-32.666954,16.90512,-17.819906,10.956926,-25.60427,13.351995,8.797881,3.5326102,6.784198,-3.048581,-8.162069,-14.563305,-12.247801,-6.851865,-5.8861694,-7.0699277
-60.907402,107.86015,-38.282013,62.889565,-47.76352,38.52581,-19.946133,23.20298,-19.27333,7.1586733,-0.5815154,16.355518,-14.562769,0.41719848,-6.5375433,-5.553299,-9.56452,-7.2746625,-7.0593576,-4.540583
-64.73089,126.49947,-64.191475,61.66299,-32.788017,38.43404,-20.375036,15.2114105,-13.799469,13.495606,-12.276232,9.5797615,-0.14864004,-8.704391,7.4273863,-10.56186,-3.495314,-11.9343605,-12.777702,-7.323029
-81.66759,142.2995,-84.392975,49.014305,-26.629997,27.774532,-20.271587,16.00375,-18.929886,6.1023054,-17.97241,-1.005881,4.8721094,-12.921389,14.565109,-12.391315,-4.952626,-10.436842,-8.969904,-9.517059
-107.29551,153.9769,-89.764206,46.9358,-11.870169,27.23798,-10.621599,13.254048,-15.632462,-6.009298,-13.151583,4.829376,8.348966,-9.778025,9.872118,-6.504557,-6.7250824,-11.334906,-13.568497,-15.950743
-118.42735,159.91762,-91.34781,37.542572,-19.957136,19.092592,0.5142101,21.073708,-10.474607,-14.593649,-8.588973,6.8105497,8.903272,-0.14494693,0.6482469,-5.3312874,-5.525632,-21.10411,-13.358271,-8.710987
-131.43056,169.99011,-92.21628,28.155575,-18.385197,13.798136,3.9741662,16.484524,-6.0128307,-15.790907,-3.5099158,6.294155,-2.6655033,0.40562138,3.897655,-0.88021964,-11.450927,-21.41323,-9.096365,0.2881115
-149.43138,168.48901,-84.9966,35.092323,-16.84699,6.2412286,7.042113,19.020712,-4.72345,-4.7699337,2.7325296,2.866393,-8.31554,-2.7758598,5.179474,2.3087826,-4.4477654,-22.51482,-14.780285,-12.730253
-168.22702,165.21912,-76.50281,38.26919,-17.607521,3.107655,9.4551525,16.796413,-3.4153254,-2.6849546,6.1237216,2.4054017,-12.61171,4.9845877,8.479256,-4.2014246,-1.5677907,-16.903275,-17.805462,-18.90491
-192.29155,172.41475,-63.842884,29.416342,-14.309099,5.6317754,10.340565,17.352886,1.0691152,0.22130609,-2.0609157,0.6695152,-8.458782,-7.769437,-0.60171974,0.9636847,-4.202926,-7.1723156,-1.6527171,-18.015638
-209.59196,170.3016,-56.232056,30.14289,-12.319246,5.697874,11.533569,17.137928,10.095961,4.9284754,0.47004056,2.3068037,-11.153543,-6.5785418,-10.916994,-9.71431,-6.766241,-13.854077,-4.352288,-11.41329
-156.21338,153.75226,-43.228485,51.95192,-30.308783,28.392876,-5.860972,12.005533,-4.445511,-11.479587,-7.0737667,-7.8957496,-7.348313,-7.888378,-4.626547,-0.6350728,-8.75657,-10.27631,-0.46957994,-6.3456492
-155.71983,141.34683,-23.046467,52.33564,-26.078133,40.22079,-12.316717,18.85598,-8.546781,-12.733185,-4.9134817,-8.106485,-15.640119,-5.850569,-14.130022,-4.00523,-11.283428,-15.003689,-1.1535463,-1.7894881
-203.57312,142.95413,-32.287605,47.961414,-12.161144,31.38683,-11.650122,17.242939,-6.6289673,-10.7020445,11.29401,-0.12633559,-5.3968863,-11.494786,-19.322922,-10.797625,-11.567152,-9.05949,-6.317156,-5.903598
-230.8482,164.88083,-40.223526,41.32988,-1.9551716,11.470015,0.20002615,6.455529,-1.3005419,-11.535591,6.3726783,9.157156,2.444522,2.4961836,-11.608232,-8.241843,-9.522606,-7.4620733,-8.511258,-9.871876
-240.91985,172.40974,-40.365116,37.358032,1.2486637,1.8623751,7.9659348,11.405176,3.2002654,-1.6495628,3.712742,3.8689518,-4.9430327,-2.069071,-7.770296,-3.5433187,-8.685485,-12.63031,-9.629807,-6.6064086
-253.29652,163.62888,-44.544353,41.358826,12.1897545,5.4919677,14.003888,8.700364,-4.4365926,-1.4200286,5.3921976,8.971795,-6.7470737,-6.9254827,-8.662609,-10.130717,-8.419065,-9.539375,-9.386772,0.2098707
-251.24374,169.88812,-44.056213,34.058136,13.329015,6.3980513,11.826892,11.998413,-6.478216,-7.6007977,-0.29310656,5.53387,-2.459609,-6.344692,-8.735298,-7.6707296,-7.3806562,-5.0591564,-10.784006,-3.715694
-261.98346,168.32585,-38.834396,36.786736,13.675884,4.2624154,15.435186,9.880544,-8.433253,-4.7646284,2.0695481,3.0134223,-7.04488,-3.2032254,-9.4005375,-9.840122,-6.1051416,-3.499618,-4.013871,-5.103222
-262.12546,171.66165,-39.59784,37.701576,16.416695,3.5570178,14.950701,10.322924,-2.1976912,0.29732072,-5.9286585,4.412964,0.7838297,-1.0274566,-4.090337,-10.589794,-8.022937,-6.445962,-9.293026,-4.5914636
-229.01723,168.49368,-39.622948,39.278564,-11.161649,8.302302,-2.5028124,7.5337496,13.298887,-7.081217,9.976085,9.815683,-3.187553,-0.009285152,-8.763332,-2.4093487,-3.650715,-8.505449,-10.815607,-3.2984095
-82.963135,137.99057,-35.708366,52.300014,-45.44593,30.98563,-35.868668,26.891788,-5.142523,-8.280172,-16.670925,7.5409107,1.9870346,-0.5109472,-3.442381,-1.0489906,-8.506294,-18.741955,-14.319334,-9.831936
-78.835945,134.54279,-42.826866,55.316658,-44.146248,26.000198,-37.812073,30.843576,-8.291578,-16.359776,-19.156496,3.6848233,-0.72717506,-7.299353,-4.904484,-4.8217854,-11.934988,-14.128351,-13.634221,-10.9746065
-118.63604,170.32074,-55.90717,47.75457,-33.23104,-0.017252266,-20.09473,19.597155,-4.330932,-13.500503,-10.54108,5.1983557,-3.6356673,-4.3717647,-6.0619097,-9.106276,-8.522,-13.226485,-14.09701,-12.19401
-185.32243,175.50758,-36.067703,36.09974,-23.311216,-3.296776,-9.435282,16.81558,-0.7221042,-7.387645,-12.358227,5.756998,-0.9700366,-1.5855144,-6.2213254,-7.432866,-1.3427664,-13.93103,-6.9170275,-9.301757
-244.05542,170.4422,-29.972755,31.09791,0.88143706,6.30144,-3.4270754,5.3339987,-10.033854,-9.832614,5.427006,13.784756,-1.7674534,-1.6193327,-10.128927,-5.1161766,-2.9737327,-10.41116,-2.9522579,-7.2976418
-271.695,169.07288,-33.036427,26.822927,1.7342128,-4.965061,-1.2607965,5.737151,-5.2253647,-16.154377,-4.873713,3.141457,-1.9818097,0.5978602,-5.553012,5.6847973,-5.308889,-10.543097,-0.24284315,-0.18890071
-283.3783,158.38632,-46.489243,19.479694,-1.4245347,-13.38408,-0.45209754,5.5859404,-1.4590604,-12.122459,-4.9862785,10.080196,-1.7782089,-5.390742,-7.6855145,-6.4989324,-10.629676,-1.7073509,-4.5292773,-7.916459
-274.55685,161.30992,-49.69971,15.683809,-0.5368989,-11.9175,-2.976534,3.9917336,-3.4896064,-7.4175134,-5.752671,3.800077,-4.955299,-5.9588695,-3.0154545,-3.4146686,-11.780378,-7.6053967,-11.993083,-9.000871
-278.05533,159.11874,-49.875183,18.740614,-3.3047838,-14.005815,3.3365493,4.18026,-2.7973642,-1.8281285,-1.1439605,13.63904,3.2079568,0.18893147,-0.30968803,-4.5682745,-12.745265,-10.94772,-5.0365305,-4.8474965
-247.3678,174.67459,-51.91062,16.615845,-0.70140266,-3.5973852,6.293361,7.8675785,-4.1371164,-1.9731915,-2.411297,10.232817,-1.9192156,-8.973029,-0.020648807,-1.3670819,-8.426935,-10.485454,-6.767977,1.2218308
-160.04396,180.22626,-54.901978,48.648716,-19.670328,-2.4838386,-1.9842204,2.0592244,-7.794853,-9.30196,-8.325991,3.7624958,-3.2476463,-2.266649,-1.0413051,-2.6369557,-5.7404957,-5.9473844,-5.286454,-6.797223
-118.36838,178.24817,-60.257668,51.024307,-16.639751,12.432367,-15.608559,19.165276,1.3659399,-5.1817856,-6.8566885,-9.253695,-7.2649546,-5.715085,2.333167,6.230653,-3.176225,-17.209448,-17.020905,-16.31192
-130.67769,160.30634,-78.90791,51.952087,-11.00758,19.368217,-10.621565,17.335608,1.4136106,-20.505781,-5.9529614,-3.0791593,-6.6526585,-4.470168,-1.3150432,-3.514794,-17.295303,-14.872168,-11.309904,-6.1107683
-153.42247,160.70242,-74.58577,56.07563,-1.2641456,11.667269,-7.3540096,11.741547,-10.427943,-26.291409,-11.658892,1.435307,-0.3685342,1.0705488,-2.8625488,-11.070524,-11.685423,-5.131833,-7.2486367,-12.308106
-179.92093,158.51428,-63.644485,59.63177,15.445795,12.305166,-11.7122135,6.532261,-11.509716,-10.191917,-5.521104,-5.899582,-6.709161,2.5917652,-0.1523214,-10.552898,-0.18454051,-3.8930428,-19.382511,-14.844416
-234.47823,172.37521,-27.176384,58.152966,13.842045,15.430468,-3.9044766,-2.0144777,-6.288271,-17.802639,-8.1996155,-5.732065,-5.4726744,2.4185796,-14.195341,-14.75609,-0.09984237,-11.213932,-16.922922,-8.089274
-257.75858,168.07184,-24.867493,46.93796,16.899076,8.781605,-8.044684,7.9428406,3.2561696,-3.0840583,-0.03273946,-1.9191885,-8.358719,-4.786563,-4.757766,-5.561327,-11.95841,-19.849289,-18.190536,-9.9027
-262.92297,158.82999,-24.48078,46.535984,9.448472,7.4753523,0.7044188,11.770279,7.297698,4.6925545,-3.7440393,-4.544538,-8.930988,-7.0791483,-13.740938,-10.907597,-7.6909046,-9.421679,-10.126014,-16.666061
-265.60507,149.91183,-38.62278,49.332886,2.3465893,-1.357446,-1.0050621,6.3353863,7.1557655,-3.2220774,-2.2830458,1.9250187,0.6163486,-0.23882806,-0.7080995,1.8278128,-2.9282303,-4.297658,-5.3256445,-8.383632
-219.35048,121.246925,-45.339645,69.156235,-29.641375,6.4832945,4.2691717,3.946739,-0.9518069,2.252499,0.3964736,-0.9171684,3.6990805,0.98401105,-2.919793,1.8216918,1.3293846,-4.4488096,-13.913963,-10.549666
-150.9062,95.25421,-51.528595,73.120895,-41.290646,13.896582,-14.193968,18.565271,-20.791285,4.4068017,-3.3655303,1.0198286,-0.179928,-7.2658224,-1.3580239,-5.249162,-4.0133944,-2.0272243,0.118193865,-5.4234915
-90.789925,95.26964,-41.421406,81.77849,-46.7405,34.831425,-5.809393,31.071196,-22.834667,5.751295,-4.9130926,7.5136065,-0.5402398,0.6947159,7.724025,-1.6899675,-4.8061934,-8.773459,-4.669235,4.0789013
-83.72473,86.410065,-49.94889,87.99484,-29.575722,48.50872,-6.4132385,25.17157,-18.070726,19.086445,-16.031416,12.979801,6.6531425,-4.768882,4.4303827,-17.308226,-8.567167,-15.394126,-11.242207,13.370674
-106.914444,98.547,-51.283257,98.39504,-11.303499,37.38485,-14.247541,25.352127,-12.985324,15.215908,-15.092546,7.858863,-1.3616928,-11.489914,5.579969,-24.135204,-4.7933664,-17.843355,-14.735991,2.5404677
-139.84918,107.710365,-52.65708,102.479996,3.0945086,26.024721,-13.252737,24.911102,-6.2230945,7.4919643,-16.545605,9.36144,1.8689184,-10.690376,3.6715226,-28.278513,-6.137376,-15.783827,-13.135275,-0.2252458
-164.049,126.69644,-57.978706,93.08973,15.163506,20.547985,-12.236086,21.152676,-0.84974253,2.8338428,-15.33381,0.9594306,1.5240601,-8.130038,7.241106,-23.007927,-0.82333934,-13.65992,-17.382114,-5.9680777
-193.30275,137.08078,-64.02236,89.379074,25.004559,10.518238,-5.4993668,17.309086,1.3839966,4.2646313,-7.3004084,3.484322,6.388752,-10.258872,3.0302134,-19.20954,-2.696641,-6.872923,-12.290784,-0.6669414
-206.92117,152.90575,-67.62595,76.34267,31.489561,7.023028,3.4056313,19.751144,-5.9900837,-1.4527307,-6.223915,-2.478375,15.52333,-10.5122175,4.1917086,-9.894987,-14.87286,-0.62585163,-15.299027,-7.339572
-216.93724,148.32631,-60.16368,77.14749,30.319061,3.8129828,6.211645,22.578043,-2.9519935,6.8673615,-6.031062,2.4454217,9.495259,-16.368235,2.535574,-6.0272417,-10.475315,-8.71395,-25.057388,-10.121305
-223.15472,152.51599,-46.220512,79.2168,25.58989,9.325187,4.4456387,15.781171,0.34609082,-0.14028132,-11.224037,-4.319619,9.702852,-1.4999104,-2.7687914,-12.736248,-5.001766,-9.151968,-22.402737,-11.588829
-243.45564,152.52866,-37.14733,73.23117,25.67688,9.902596,2.4299529,15.03142,4.5251875,2.068349,-0.14809683,5.233303,-0.7552568,-8.846641,-8.363923,-22.106129,-10.382515,-14.959576,-18.923754,-8.169907
-244.5839,158.31561,-30.596214,69.93965,23.695452,16.671535,5.6243954,8.798229,-1.8230865,-1.0361481,4.398621,3.7259078,-8.96055,-9.936132,-8.196767,-18.10562,-8.437633,-15.630655,-16.08221,-4.7908044
-232.26364,127.1122,-15.455271,68.308655,-2.9295008,32.589584,-12.234741,15.308332,-2.1833034,-12.5814,5.689333,1.8927171,-6.7547226,-0.4609421,-10.76182,-14.840068,-12.218084,-20.51272,-16.93468,-15.200365
-220.17926,102.366264,-8.002493,57.91129,-18.187265,38.454502,-28.677752,17.938799,-8.926661,-9.861009,-2.8244267,2.0874777,-5.1367188,-1.9663819,-11.952156,-15.528498,-9.067953,-13.642513,-12.729439,-8.436098
-247.83212,127.79976,-14.658051,59.4354,0.6283217,20.534073,-21.310125,8.146964,-6.4174337,-17.476694,-2.2455304,-1.86661,-15.472402,-9.86781,-18.01048,-10.657272,-5.171171,-10.35975,-13.170483,-8.859624
-260.449,133.37903,-22.46301,61.17604,6.5983725,21.703005,-9.558285,3.1411679,-3.9221191,-22.256748,-5.9791017,-0.4180429,-17.049202,-8.833008,-12.469688,-12.419703,-5.894133,-5.4160056,-8.786186,-1.7161673
-270.1201,146.83298,-34.612823,47.242523,11.796854,9.874094,1.2599492,6.781851,-7.77334,-14.377838,-12.765167,-17.32761,-17.773338,-14.076389,-12.14962,-4.5564766,-3.1232486,-2.5064397,-9.979202,-2.9100688
-285.1365,149.84196,-28.64713,49.79325,15.242239,0.51599556,3.7150195,-0.81495947,-5.573351,-6.22602,-11.870577,-4.9078016,-15.565126,-9.595105,-11.402124,-8.557894,-7.578699,-12.7518,-14.188373,0.17015004
-278.70636,152.1713,-27.653786,46.16043,13.975885,6.9267826,2.1021643,3.0140219,-3.8674126,-4.2330046,-3.2191777,-5.366285,-15.0810585,-9.29087,-11.850615,-4.1308484,-5.0417714,-7.4424257,-6.9272814,0.56742406
-284.68234,143.82408,-32.532032,45.548035,15.505544,3.1590862,0.41064787,1.154943,-8.150165,-10.417833,-12.518042,-4.4384017,-14.615952,-5.1728516,-8.224116,-9.9531145,-4.818865,-1.9205272,-0.70940197,-5.8940907
-273.06442,151.56732,-45.743767,37.976547,8.214099,2.152587,-2.164093,-1.5326087,-7.005239,-10.621782,-6.9912105,-1.8048372,-6.4771314,-8.754694,-6.0156174,-4.2751026,-4.0034404,-5.0585756,-4.105651,2.1290975
-151.66972,134.63205,-28.32397,31.252405,-46.424675,32.086456,-28.75198,9.792669,-15.152117,-6.60385,-4.3447537,-10.737829,-5.5248737,3.327221,-8.612287,0.34369075,-6.526312,-4.5342207,0.876364,-8.790676
-141.6646,91.49643,-11.610696,51.332897,-53.359367,49.506203,-28.165352,11.343706,-17.704449,-5.603241,-8.000178,2.0286906,-11.086668,6.4116144,-5.7904644,-6.5701027,-10.916721,2.062965,-10.922427,-11.101422
-217.06369,90.26587,-19.924387,49.79377,-35.67643,36.39675,-33.852806,8.674753,-11.866541,-14.147848,-2.0225568,6.3119683,5.779905,11.732961,4.006726,-3.472608,-7.4225416,-5.181974,-9.815847,0.9683176
-270.12766,109.985886,-21.773636,48.3245,-10.710808,18.841991,-34.18738,4.248645,-8.382397,-7.7715993,10.41361,5.548114,9.103434,2.173424,0.5241929,-9.815054,-10.299339,-7.754426,-8.389637,2.6276875
-289.34265,130.27972,-27.902172,41.997967,1.9500498,7.4507546,-21.151115,0.68489265,-6.8657002,-10.33922,6.916572,3.7524045,4.249491,2.4351778,-3.142657,-5.863942,-4.267229,-0.6790794,-9.524644,-5.266425
-309.09866,138.76678,-26.184795,35.27979,13.607639,3.8486056,-3.1356,4.448245,3.9097404,-1.2842515,-2.4323354,2.5054798,-1.7287922,7.0208745,-9.351259,-6.421677,1.2354077,3.9796247,-3.4394865,-2.2461448
-317.45746,144.91476,-30.834124,27.681229,18.766891,-0.09528577,-2.5396862,3.7610712,-6.6716347,-7.196905,-3.9195735,5.613639,1.2297282,3.6362965,-1.9064093,-2.7907102,2.084727,4.8302865,-6.214862,-7.929362
-311.96494,148.09366,-24.41235,32.2677,21.896484,5.7230363,-1.6530594,1.7620325,-7.2197523,-9.862153,-8.782888,2.5014536,0.008774608,4.282106,-3.9806051,-4.119584,-4.373664,-2.148633,-12.942207,-14.023017
-308.98053,148.58334,-22.631577,34.753593,16.125399,7.4367547,5.0324636,-3.319365,-11.88814,-9.038662,-6.2173567,1.885786,-2.1563177,8.823725,1.6410961,-1.345138,-9.281931,-11.077938,-14.3266735,-11.553975
-307.44717,156.86856,-26.811241,34.02494,23.044632,-3.9968674,-4.6843963,0.1058234,-12.02448,1.5918694,-6.8839235,1.7335408,6.613682,-2.5649943,0.73562515,-5.0346107,-15.665407,-8.299184,-5.6009774,-10.289408
-304.6674,149.53537,-20.359863,38.047676,7.3899646,-0.6071323,-10.627371,0.8803445,-9.242802,-6.9112906,-2.405475,-3.0323045,8.373525,-1.2281834,1.4637557,1.7720392,-11.199791,-5.9077125,-15.301467,-9.611858
-228.86105,132.27719,-19.343102,49.717667,-9.984831,22.189247,-14.461684,16.190199,-20.084879,6.532176,1.1938086,3.501782,20.075504,0.5261915,14.268202,1.7021723,-4.3703604,8.247267,-6.1873364,-5.031829
-197.82945,112.11516,-14.748341,42.909035,-17.017294,53.499146,-23.1274,25.684406,-16.05339,-5.324462,-4.905529,0.9264071,-1.1877545,-2.6100206,2.666143,-9.970552,-12.614247,-6.132107,-0.7383795,1.8755116
-248.27713,134.88153,-13.366749,39.201134,-5.8072267,35.04142,-18.791756,4.925573,-13.494207,-21.488415,2.0883892,-3.2252173,-10.311392,3.9785066,-4.5473757,-5.216301,-5.025286,-9.580566,-8.065559,-0.21662593
-280.9908,152.03506,-11.89914,40.65275,17.265234,19.61641,-15.130968,-2.336153,-8.2227955,-15.447031,-3.4165723,0.10084748,-11.2482395,2.1593747,-4.287044,-8.965633,-6.7312117,-9.664343,-8.183994,-2.6785169
-294.8839,160.89091,-9.895446,38.84002,6.40569,14.297287,-3.4423149,-0.54203534,5.1282887,-7.555846,-1.0737352,-3.0953012,-13.036575,1.0319653,2.4686,-4.0896344,-11.3599205,-11.0020485,-6.7264175,-6.092448
-271.48474,168.87634,-22.767483,29.30671,-8.486034,0.3371694,-0.404186,2.6150799,2.1717637,-3.6611211,3.928498,1.5840166,-9.745679,2.4558291,-6.4011955,-14.966721,-10.237421,-7.508255,-2.5035672,-3.1065001
-298.74347,159.58746,-10.637083,27.054012,2.1136332,16.95683,6.0947986,-4.3299036,5.0270557,-8.503363,-4.872077,17.716276,-2.4819517,6.54813,-12.088561,-20.744812,-10.535301,-9.07519,-11.361633,-1.5814031
-308.7236,154.50899,-18.975397,22.456537,9.222801,6.8494825,4.873607,6.614608,-5.3290544,-7.566522,-10.976904,8.881931,1.1808618,-0.20845702,-9.3019,-16.687086,-10.33959,-9.466316,-10.742418,-12.517195
-319.3957,151.92175,-13.312908,33.310463,15.676792,15.57109,2.6292853,10.718149,1.6654694,-4.448001,-1.8821118,-4.828177,2.8499684,-1.0899352,-1.881486,-3.3513255,-3.5367675,7.3887196,-3.4042854,-8.243254
-168.53647,60.06279,-22.69878,85.20286,-49.267746,37.742893,-1.8811606,10.065264,-13.941057,15.905253,-27.21838,10.070692,-1.9356282,-4.561907,1.8791645,-15.143599,1.4020469,-6.674416,-11.106356,2.6893816
-85.84829,85.40867,-41.79918,60.289185,-60.76901,45.708866,-8.847704,31.803537,-9.313738,18.687988,-3.8137155,12.966932,-5.7050242,-1.4743685,3.2085762,-2.2851272,-14.97554,-17.182018,-5.636941,1.13768
-162.50157,61.886467,-37.240772,71.83736,-59.460594,42.951675,-1.5280428,12.394362,-14.108515,21.336163,-13.463339,7.315881,7.885644,-3.3092453,4.842893,-5.670967,-5.1492815,-22.73206,-12.446775,3.6111686
-213.27563,86.69327,-15.358456,85.934784,-28.899418,42.556694,-4.3114495,10.710686,-11.240195,7.819313,-8.567461,1.516442,6.2338676,-2.1405458,9.281734,-18.42046,-7.337285,-19.796476,-11.2460785,7.8238482
-249.83371,107.39035,-13.818966,74.53041,-16.993069,28.811989,-3.717696,9.166389,-1.181474,4.2647424,-6.8570223,-1.5583508,-1.6874101,-5.9110246,12.325386,-17.263351,-11.126764,-15.296454,-12.054676,4.013815
-274.18738,116.75927,-21.34106,65.39713,0.2620526,24.750006,1.7858844,1.3057163,-1.8104126,3.2057934,-6.997336,-1.4713192,-4.3587136,-0.55965364,9.568273,-12.375249,-5.9431696,-8.514731,-10.493389,5.786394
-288.1242,114.18486,-21.500706,69.12041,4.9485064,16.166634,7.9655313,1.8253825,0.04035148,8.593984,-10.571444,-3.574858,-13.6283,-1.9776571,15.801374,-8.489372,-9.774361,-15.227414,-13.972907,1.7664113
-296.64972,109.32123,-27.194302,64.107895,11.136097,23.935917,14.228825,2.1081998,-6.550741,6.0589504,-8.18382,0.3725791,-5.846405,-0.2718141,14.028699,-6.7525177,0.2838319,-5.064308,-20.096622,-13.686575
-290.75687,127.125595,-25.992859,48.76075,2.4786863,11.957523,8.746296,1.0594544,-7.971405,2.9124627,-1.8808842,10.086695,-1.3689224,8.654064,11.0076475,-13.304769,-0.85840416,-0.7955269,-13.320246,-7.1599917
-310.6444,143.71445,-30.67284,44.756012,16.562271,-0.5216663,7.2607756,1.0509254,-7.8455505,11.868622,7.0544853,7.5205326,11.154444,5.9796495,4.950586,-9.952074,-10.183647,-2.860899,-10.797607,-13.951569
-236.41481,157.25125,-57.61803,39.68548,13.531531,16.11002,16.438562,14.462225,2.8016472,6.9011974,-2.48208,15.720123,19.158327,1.0164946,-7.4843445,-5.7527494,5.0484786,9.406623,-3.7912161,-10.045706
-152.38126,153.89899,-35.263466,53.214897,-37.625954,39.462196,2.8825817,1.4268785,-20.002972,-11.178528,3.014893,-10.976265,8.196172,8.836472,-10.48674,4.4991856,-9.75395,-6.1978536,3.8645735,-7.416895
-168.00133,122.54639,-7.7185264,41.70945,-38.755943,50.180485,-23.95596,15.050411,-9.984498,-1.5512432,0.73138934,3.713406,-10.431786,0.7079187,-8.674537,-3.4444957,1.5554289,-5.41663,-4.3684034,-2.324479
-225.84155,120.23693,-7.6087856,49.161026,-21.192093,41.964478,-9.719738,27.674625,-10.821038,-2.5821223,5.5874825,-3.9923255,-7.719152,0.31431127,1.0801204,-9.29768,-2.713729,-2.669633,-2.0580676,-16.361557
-265.4645,147.11949,-12.359451,53.618477,4.532699,18.770506,-1.2977601,20.039814,-5.3887033,-0.6540379,6.9173317,-3.5774772,1.8002856,-1.2739029,0.095819235,-10.634934,-19.412807,-6.1362424,-6.4201283,-9.5893955
-286.25812,149.93456,-9.17824,51.63494,14.361923,15.1127825,-1.9097786,7.3563724,-1.4315276,2.4653964,10.475708,-0.28817034,-6.12776,3.8125834,-5.6195126,-8.4021015,-10.0630865,-3.7915568,-10.820188,-16.2207
-308.12277,153.90149,-7.3642063,48.765686,26.659584,11.915432,-1.6508331,2.5886066,-7.367484,2.56544,15.935,7.0706,-8.908953,-0.104153514,-4.4201007,-12.535303,-3.8621738,1.77744,-11.961012,-14.367497
-317.06454,155.91179,-5.0749063,40.79833,27.205898,16.218403,5.8448334,4.644557,-4.9745207,2.4440858,3.0250292,3.5015287,-3.3143682,2.012141,-5.156715,-11.279971,-6.799476,-0.5797074,-2.1244235,-1.0920606
-332.92462,155.87599,-0.5079948,38.352005,26.615206,9.860907,3.0588956,9.698305,6.8387203,2.266677,-2.9500399,0.69910324,-6.894481,-5.2956643,-3.8163435,-2.1827607,-12.112637,-10.939178,-5.3115993,2.750159
-334.3171,159.37474,-3.5673065,38.960304,32.7415,9.094023,8.082413,15.172534,-5.5269246,6.8411765,8.173523,1.1432637,-2.4639935,-1.2045999,1.6393663,-12.061445,-10.306677,-1.9643377,-9.787599,-1.1678293
-312.1806,162.27924,-16.241388,33.96738,20.706955,16.760244,13.670339,6.6239586,-11.226036,-0.9211368,5.832809,4.049528,10.529898,5.9554257,3.0872355,-12.985083,-16.81575,-2.9511952,-0.9277554,-0.49777436
-124.37054,106.299515,-23.335964,71.76517,-45.433773,44.12884,-12.429771,18.295753,-9.080207,16.371792,-1.738608,-4.182642,-7.0858974,-5.790586,-7.3861814,-8.831696,-9.061241,2.4356246,-3.392694,1.9580405
-102.03582,115.471115,-34.39827,53.881233,-44.05832,55.542946,-5.5231485,24.731747,-28.247559,2.1563604,13.181002,-1.1159348,-18.575586,4.2915564,-3.947412,-14.445801,-11.550989,-7.7545624,-11.75811,1.3228563
-149.89131,154.48563,-67.863464,35.904343,-10.875473,40.853683,13.445973,17.557484,-29.451992,-6.783045,13.528823,-7.415124,-17.68045,-4.3335543,-4.905002,-19.044079,-13.957867,-11.442146,-10.023121,-1.6005614
-195.31032,159.92142,-65.636375,42.12332,-0.7606168,21.32211,22.065083,13.64956,-22.341928,-9.970782,13.320386,-4.9696493,-18.327402,2.652617,-9.16873,-24.846313,-9.505277,-9.202074,-7.7930512,2.0232599
-211.05322,152.73462,-62.907135,49.002846,5.525426,12.797663,21.438139,2.99537,-26.645985,-4.558719,13.821689,-0.3423469,-21.439465,12.20133,-5.8486896,-28.76543,-8.863231,-11.082712,-10.203163,-0.52377284
-224.3988,151.51257,-56.61119,55.9471,9.842739,7.501048,18.753857,2.659657,-22.059849,-1.1684446,16.221172,9.53103,-22.589027,1.0454481,-5.255026,-24.766895,-10.220123,-12.051136,-8.296677,3.6491868
-230.94351,157.80603,-47.938484,40.144863,0.52375555,1.6959333,21.757399,2.6192112,-27.995995,0.27895188,19.93057,16.624096,-14.549213,3.5626354,-20.98956,-30.965282,-14.241628,-17.4696,-1.738365,9.166956
-278.19742,179.69998,-25.936975,31.207664,3.813991,-5.356571,11.253836,-8.305866,-23.133802,1.1887648,21.003906,16.498543,-7.8595476,3.8423035,-9.942695,-27.028988,-14.058336,-18.522625,-6.1395035,-0.4147259
-302.49866,161.84528,-25.97123,30.157234,16.221115,7.7464504,18.660212,7.7698317,-13.248415,5.2096095,16.207035,6.766205,-8.498053,0.13921392,-10.834377,-23.993874,-4.3047743,-0.2484935,-4.160477,-0.38274097
-289.78625,160.28464,-33.268726,24.457966,7.4063883,3.300525,12.481842,-0.21479559,-13.044765,9.699528,14.724831,9.608368,-7.419469,-1.1505461,-6.987913,-14.799502,-5.00526,-0.78839225,-2.4557867,-3.6907225
-210.15671,166.33801,-25.989096,59.206635,-1.6302679,17.86361,4.144888,-0.1291996,-10.22624,5.5454636,8.926142,0.26697043,-0.91772646,2.491437,-3.2685943,-3.835222,-3.4478545,1.3836085,5.1909385,3.865569
-179.2205,177.81189,-13.442677,59.588943,-14.92349,22.860826,-8.818105,4.5394464,-12.113281,-1.3713758,14.848258,5.4729247,-10.529966,-7.859586,-11.66555,-25.39597,-11.658833,-8.75936,3.7205422,8.311848
-172.10619,151.267,-20.739004,49.34115,-26.758614,30.019272,6.696997,23.554964,-13.946257,6.9249525,15.653664,3.546701,-21.490906,-2.9557738,-15.8648405,-27.965195,-9.343654,-10.175802,5.3707705,5.020372
-183.80171,157.69095,-40.09391,52.102882,-9.054097,21.63245,15.324119,13.953024,-22.234901,1.4201984,15.168919,3.7944655,-19.805912,-6.982154,-14.700623,-20.132423,-8.901398,-5.1874495,13.906369,9.415703
-204.16107,165.07527,-56.860466,44.139595,1.8046465,17.207813,25.42558,14.730011,-21.766375,-2.2821598,19.05929,1.9907389,-18.361687,-1.8946573,-4.0835047,-15.869526,-6.970398,0.56436205,16.007252,9.517162
-212.68423,172.53223,-62.961906,37.312202,1.3500743,7.7096004,31.48249,13.523806,-24.221607,1.7486701,26.575583,7.2520933,-18.782639,1.2215655,-2.743506,-16.533382,-8.154685,-10.257015,13.55359,15.031576
-220.78912,157.1611,-66.94249,35.26585,5.4210296,10.930101,27.18998,18.752182,-20.643707,3.9994888,19.950493,3.5262237,-19.147701,4.264951,-2.9689708,-18.338825,-6.4144473,-7.2701483,19.844734,16.930088
-219.3339,152.04938,-67.640045,39.657215,8.393173,7.6942387,22.423752,22.741138,-10.54447,11.1784935,19.70531,0.20740521,-23.929226,5.5650496,-4.442165,-17.760017,-4.5225725,-15.724998,19.610043,22.913143
-229.27101,147.95618,-71.86397,40.159973,9.1747,7.1931376,14.282406,20.875303,-4.103045,16.95245,23.024597,-2.6849592,-18.193285,-0.35674214,-7.729967,-20.26865,-2.4272306,-7.1195283,24.51575,24.146606
-217.29796,136.9231,-80.890076,44.88011,0.52812105,5.043891,5.205848,2.6516604,3.187422,15.6803,18.730412,13.5776,-13.315212,9.09585,0.028059483,-23.221945,2.177303,-1.5796584,18.641672,23.27071
-170.53897,127.83908,-71.24275,52.58775,-31.425499,0.74292094,-13.966701,-6.4291997,-5.28929,13.330978,-1.6227957,8.108345,-13.626804,-3.4955382,0.022174686,-25.713203,-5.4750624,-6.797027,16.861284,18.63409
-71.472435,79.82446,-40.71304,72.00713,-57.137253,46.099052,-10.925125,11.890173,-21.892567,25.722988,-16.237953,5.2334614,-12.0934515,2.193143,2.5256522,-5.573965,-3.54738,-4.505231,12.3807125,12.313582
-99.74588,91.6856,-30.614254,86.09567,-40.39692,48.92966,-16.80937,12.389986,-14.821264,29.584982,-2.5934749,2.4773474,-4.1819024,-6.955886,7.6238403,-3.813743,-2.5576735,2.8009827,12.9652,18.532644
-131.89638,119.6752,-38.122414,81.33392,-31.622648,34.744568,-7.3516936,16.112896,-6.5599546,26.33466,2.0781362,2.7498713,-6.8477216,-14.093445,13.230747,-9.565979,7.6359787,9.824959,19.865158,17.682384
-171.42664,147.53214,-36.24738,66.46956,-20.48114,23.452755,6.45419,11.70356,-5.989006,12.836649,5.5301175,12.283646,-10.049217,-13.394239,8.267633,-16.493172,1.5889847,12.362345,26.256111,17.14303
-186.97557,154.9364,-42.770035,58.65049,-7.9192247,22.617508,7.197581,7.3313775,-2.815494,19.243238,8.287354,6.187378,-16.958351,-11.057684,7.2951193,-17.376915,7.6305113,7.905265,21.599699,24.78584
-201.76112,162.76683,-45.45562,47.380455,-5.29718,15.574188,17.746777,13.1060915,-11.224422,12.728238,13.937947,13.576343,-23.058565,-15.120833,2.0738604,-20.531265,3.8647544,8.666142,22.939701,25.693691
-211.55428,163.09885,-45.603683,49.1016,0.0132184625,16.121859,26.10979,10.224371,-9.74119,15.174464,6.683629,11.839533,-18.448418,-13.076466,-2.6285915,-17.579311,5.820509,14.658592,28.996284,21.652302
-211.24944,159.70258,-49.15734,48.890526,-4.3334937,13.389452,26.298904,17.811703,3.5770264,5.032229,3.3652737,8.584055,-28.741596,-6.6652575,-3.807949,-17.223095,7.8262005,9.294109,26.98405,27.22091
-213.7674,158.46939,-48.499043,49.13229,-4.47015,18.390774,31.185051,12.325967,0.120298386,5.088209,3.278739,9.027615,-26.770489,-2.471509,-2.6124086,-14.352304,13.799931,15.238974,28.548594,23.785473
-219.41988,166.79912,-46.049397,40.15171,-10.337364,14.315861,36.647507,12.489087,-1.8841271,4.470089,8.967165,11.631858,-26.809608,0.5724027,-0.009639487,-6.8157263,12.896362,14.337273,29.193499,21.374783
-209.00702,145.00255,-32.68461,39.449104,-23.189823,27.083704,15.027309,24.675797,-6.6210365,4.3357882,15.049639,3.1143064,-15.0044,1.7070128,-0.2542777,-9.850016,3.3209934,15.78493,23.334944,21.045021
-174.659,116.868256,-29.669762,35.51081,-30.706787,42.651978,-6.1761694,29.764528,-3.6763544,-0.77346146,23.267914,13.197012,-22.906754,10.030241,-11.081325,-10.986392,9.258329,18.364477,20.234438,28.4314
-195.64554,141.89618,-39.62308,30.029755,-30.07595,27.07396,3.0015068,26.663815,-6.44799,-6.002342,26.705069,14.481247,-10.426573,4.254158,-10.972649,-11.738485,12.152691,16.913683,15.52133,22.341429
-213.43102,155.91986,-47.94865,37.191162,-17.374296,6.678706,13.000704,11.934616,-1.5340071,5.701714,16.571438,20.052387,-6.057891,9.321594,-10.215412,-20.467567,9.26795,17.434238,20.778248,20.183802
-222.06235,164.96594,-47.518948,33.937405,-16.125452,7.6127386,21.7002,7.131433,-6.4837055,6.928465,19.902866,18.53796,-8.64124,7.348323,-7.724975,-17.584608,2.0915136,13.740214,26.590385,14.945673
-232.64201,171.62308,-44.383278,31.859608,-9.26866,-0.40101674,23.73737,9.296431,-1.9259603,5.100043,18.086666,19.826092,-11.672342,6.19681,-7.852291,-11.245825,-0.76888895,7.6560698,27.97001,23.687227
-258.7242,184.37985,-32.834858,29.722765,5.7418785,3.6888556,19.937977,5.0100675,-5.4159136,-2.2676332,8.3569,11.325567,-4.7720656,11.121929,-6.129425,-13.166939,3.4681392,8.920662,22.12172,17.649502
-291.08423,171.00327,-25.442991,28.483639,8.41024,7.3108,23.659698,6.853857,-1.0581005,10.626478,14.463863,9.776211,-2.7246156,14.889331,-4.519391,-18.910433,-1.189343,2.484612,6.4143167,6.0612564
-288.20374,168.99237,-31.434395,21.370022,4.2772894,5.9550877,12.524568,4.114121,3.2194457,3.6282036,9.711763,14.504471,-2.3899372,6.908203,-2.121942,-15.288512,-7.386881,-4.4959416,-0.7376759,4.7843475
-268.75266,153.17169,-36.30182,19.172848,-11.553176,6.518441,-2.891432,1.5357978,-5.2010574,-4.716054,-0.2720443,3.4703918,-4.9680114,4.3997383,-3.4681976,-20.895649,-8.64831,-6.4385414,-0.065141976,11.840979
-129.18384,77.11296,-12.384981,53.815453,-62.04248,47.159206,-17.032244,11.803334,-28.552351,-3.360564,-10.2332325,4.10006,-13.737708,13.200529,-4.4957786,-5.8817644,-5.768468,9.608337,-3.0281932,-1.2188425
-120.416306,133.75609,-39.67601,34.13487,-39.48746,36.312042,-33.193123,7.2733936,-23.604763,-2.4697263,0.42880273,-9.832812,-5.503895,4.5739226,5.9062004,7.600161,-12.787442,-4.9028645,-0.30217123,-3.7208202
-189.79442,155.09618,-75.18612,29.186409,-5.4891768,6.819702,-20.974834,-4.996293,-8.680797,-6.161465,-9.79466,-15.044067,-8.719595,-2.4913006,2.8514252,4.1196537,2.047713,2.9438217,3.848786,-3.984104
-206.92787,143.12315,-81.63056,43.64029,-0.9001725,-8.588145,-6.762746,-4.209933,-2.1258752,-5.556072,-36.633698,-21.67383,-13.020908,-9.205941,-2.456011,9.374334,9.631907,3.955469,-1.1895374,-13.686261
-206.47656,154.12378,-79.76459,47.99114,-0.4978406,-15.092464,4.849511,2.1268373,0.83651316,-3.101136,-31.429,-19.10241,-20.068132,-10.210615,-1.3553476,10.697315,12.730753,4.400071,5.6504784,-4.9296575
-220.71461,145.66376,-76.45645,53.18886,1.2587368,-18.677387,3.8771398,5.7981987,-1.105173,-5.0097337,-30.560143,-24.432417,-22.729568,-5.7977505,-4.498692,6.4547744,12.240071,4.8097577,11.1780815,-11.160372
-213.22905,147.25282,-77.424255,50.341537,-3.1013145,-22.095627,-1.6732663,2.5488577,1.4738775,-2.720394,-25.799183,-17.686426,-20.412952,-3.8756917,-6.7034984,10.090584,13.028699,0.2656535,9.8212805,-9.48675
-214.24702,149.52768,-74.97458,43.00286,2.8957782,-15.985882,-1.0505335,7.1086044,-2.2830262,0.55071914,-18.221085,-17.003902,-21.171043,-0.81003284,-12.828185,8.788791,21.714123,0.08107424,13.426901,-10.14947
-225.29085,155.39139,-76.64885,39.00585,8.410378,-20.710758,-9.897613,-4.4736166,-15.103897,-8.198694,-16.495949,-13.753477,-21.600704,-7.3071218,-14.01022,2.790094,15.674013,2.1049647,14.420738,-13.427542
-240.06366,154.12903,-64.61606,48.1472,7.988456,-19.506447,-5.0107355,-0.24198812,-13.290388,-8.868868,-8.845032,-9.033454,-18.229748,-5.5485888,-2.87363,1.2626966,5.746477,7.0673456,22.527449,-2.9991562
-237.38896,150.32007,-72.37165,44.0299,3.2031994,-13.265581,-1.3433254,-6.3734293,-12.771288,-10.704567,-7.599317,-11.756748,-25.13956,-5.203014,-1.2716367,0.4030019,8.201289,10.99972,18.914078,-3.0195444
-158.08788,141.56708,-41.46971,61.48445,-11.865129,20.204758,-22.735474,4.9626884,-7.7094526,-7.2873745,2.8198962,3.5775552,-16.441547,7.095645,2.8184173,2.625518,11.668544,7.3664527,5.626614,-3.246486
-133.49083,133.6203,-53.384148,63.879917,-8.78521,25.642841,-27.477375,12.643754,-8.310594,-0.35064378,3.2526324,-5.9115567,-9.848753,14.46675,6.875005,5.605381,5.9639554,-4.3832455,-2.0237775,-13.302984
-168.15402,159.63345,-64.85921,49.928875,-5.8156567,9.723562,-10.251684,9.091446,3.6546617,2.3305097,-11.806942,-11.617605,-9.429754,6.648782,8.670501,8.909998,7.9531884,-4.0349708,-4.6397448,-20.493671
-187.67494,159.08228,-65.70749,51.442432,-2.9091802,3.4859874,-0.29268134,4.192548,5.422575,0.24798909,-15.90605,-6.4609194,-13.381124,10.619835,10.301984,10.11052,3.0151947,-9.391062,3.5644984,-17.054224
-198.2384,149.50427,-62.47998,58.60354,3.4856405,6.694561,-1.681297,-3.7782173,0.5028174,-3.567409,-13.623903,-5.0633974,-16.609348,13.437527,10.919266,8.94066,-0.16054511,-15.805091,-0.5786632,-15.07239
-202.5289,160.82347,-57.616318,54.09915,-1.1917411,-0.10244489,-4.145061,-2.0518968,4.8546233,-6.069395,-11.712807,-9.902283,-18.532288,13.277451,8.770498,6.180149,2.3327868,-10.612911,-0.7889904,-10.954268
-235.63237,171.29547,-45.33642,45.472145,14.417487,-1.0750928,-6.0958495,-2.3341997,2.1773121,-1.0626506,-6.520708,-9.469871,-10.422345,17.799923,8.6795,6.361016,3.4140797,-7.582906,-5.6313953,-16.34502
-273.82257,164.30511,-39.65863,41.150066,30.958275,4.302073,6.408106,3.0583577,-0.65029186,3.7819304,-5.412367,-1.9835935,-9.738012,10.093754,4.2513924,-2.4982138,-2.0875688,-9.230684,-3.4191725,-0.3633779
-268.46393,165.9881,-39.56984,41.49115,23.190987,1.1636676,2.7914708,8.391623,6.553424,4.0335693,-5.027319,-5.5126896,-6.978968,11.704687,7.572016,-4.369354,-3.7577882,1.907282,6.2253985,-2.9409454
-205.16174,104.94693,-27.96307,61.461,-33.266853,32.15365,-19.455309,12.003439,3.7588277,4.727812,-4.9592757,-11.444365,-2.1622717,-3.79298,0.7038486,0.3286718,-4.499445,-1.5990024,1.3795207,-5.644621
-93.026596,77.717,-28.46408,77.995865,-48.017666,52.485344,-15.046545,22.78535,-7.3417826,16.409225,-12.919765,12.577316,5.4757123,4.4193344,-6.219495,-1.285259,-1.2084451,0.029001951,-9.428549,-2.7313664
-76.84982,106.75314,-70.99751,69.45048,-36.388702,30.568386,-19.285797,16.644876,-20.182686,5.7074604,-16.716423,14.585793,10.602432,6.3289995,23.04565,0.30653223,0.60263896,-14.348447,-17.782372,-8.625162
-129.3064,107.068115,-58.121964,77.13641,-27.19558,24.16787,-16.030968,16.431623,-10.372032,-2.7045844,-18.328367,5.254476,-0.6623821,9.409035,22.540377,-4.0495834,1.2165133,-16.108013,-11.640654,-4.7633214
-163.91992,114.534904,-63.366066,74.88919,-11.725164,20.45907,-9.385492,15.048895,-9.414288,-10.115018,-10.630665,0.769052,-5.928421,7.4352794,20.799948,2.5986395,5.592782,-14.260611,-8.311992,0.75428843
-192.58241,121.46503,-60.94712,80.43553,-0.4017645,10.915773,-7.7588315,12.418621,-6.5974445,-11.941353,-1.3225873,1.7656784,-4.526524,5.201508,18.307035,17.40763,1.8244672,-26.233244,-11.639644,-7.3288045
-201.46985,129.06017,-63.52497,75.95746,1.2726439,7.510448,-7.1805077,10.471174,-2.0999246,-18.139484,-1.8675746,2.131291,-3.7982595,6.725897,15.939099,23.137295,-4.1779613,-29.311646,-4.6544814,-8.796963
-210.39635,124.846176,-65.45158,75.741936,3.7753806,-4.0847845,-1.0815088,15.709655,-1.0957471,-15.371901,-6.5989385,3.189114,2.91823,12.321687,8.934548,17.347422,-9.774015,-23.99081,-1.0691,-15.550279
-217.85915,132.0364,-68.11537,74.481705,8.189974,-7.9310484,-4.557705,11.859419,-5.166709,-19.970575,-6.243351,-1.3404727,0.540395,12.810728,11.351118,16.093758,-7.803691,-24.054077,-5.0046716,-14.652222
-221.04352,134.72153,-66.53537,76.23685,14.261268,-10.81065,-6.5042295,9.864338,-7.65394,-14.940075,-7.7054176,-2.1656182,-0.03748572,7.423425,12.28258,22.051804,-3.4320965,-18.844856,-4.6254025,-12.000423
-218.90573,129.65643,-70.81231,71.17761,11.659401,-9.185862,-1.9348927,14.681889,-10.366085,-12.40509,-7.7073855,-1.9716707,2.3066397,10.2960205,15.881351,21.286964,-8.742654,-25.26356,-5.1749644,-4.1214905
-189.6079,110.90533,-59.255768,74.01465,-2.1197538,14.418489,-17.996262,21.964973,-20.617819,-12.7168865,-0.5685799,-1.1367157,9.3372135,10.627703,25.829931,25.16615,-10.670406,-27.028904,4.769706,-4.6817913
-119.25948,134.47803,-51.239754,65.96702,-32.58959,21.86838,-7.609002,5.1400385,-32.464104,-19.778175,-4.0140147,8.513844,-6.291775,-0.97451186,8.330386,6.9069967,-19.21434,-15.460386,7.236328,5.81911
-185.74606,147.92004,-58.888992,53.14165,-17.61557,0.14770865,-0.7824174,14.107921,-16.404573,-12.031655,2.0398445,4.3221154,1.6425362,0.70912504,10.279966,17.315765,-16.064367,-29.26289,0.25833666,-1.9340682
-213.11943,138.17685,-64.990906,58.06574,-0.19457084,-3.442016,5.089188,11.240047,-14.799613,-10.903929,-6.5004673,7.656763,6.7663364,7.642865,16.396534,22.253498,-14.9526005,-26.856451,4.4616117,0.4209144
-225.26137,133.11589,-60.86519,70.77431,15.815886,-3.6350467,0.2061441,9.035658,-16.310413,-5.045338,-4.7279024,2.9471714,5.819634,10.673768,14.663134,15.10922,-16.73754,-33.40416,-2.5897264,-1.1496334
-233.5952,126.86329,-61.74124,83.967926,27.664543,-10.150106,-10.092947,4.962324,-8.312005,-1.0886047,-7.0302043,0.8022257,1.1642241,9.443708,20.407598,25.534632,-8.912505,-37.481415,-14.8394165,-8.536661
-243.7341,129.92697,-55.033813,73.90877,22.462435,-10.33229,-7.320244,7.2479396,0.40947735,5.9334846,-8.365717,-10.921682,-8.792088,15.937448,23.105644,33.808197,-6.068945,-39.98093,-17.77326,-14.794773
-239.70514,133.78404,-62.664284,61.61297,24.56881,-3.4573665,-11.621117,2.5951881,-2.493267,5.3621836,-8.232326,-11.299446,-2.3136218,19.876041,19.059427,21.314434,-10.570475,-32.233566,-11.470861,-12.547564
-242.96652,165.43549,-53.979126,40.12707,19.928247,10.628515,-3.7004411,-13.127731,-10.584393,-6.272471,-3.1828108,-3.0749447,-1.7798134,19.388515,21.552952,25.923506,0.6204181,-21.424816,-14.191771,-13.526838
-236.87206,114.38844,-30.957218,54.64862,-3.1682277,34.87619,-19.459148,22.110344,-7.9736123,-5.607988,9.280001,-5.1602383,6.9792204,2.425863,15.490478,16.012135,-13.326801,-16.47939,-1.9445883,-7.994633
-169.9187,57.27394,-15.230267,66.030655,-44.83334,54.50475,-18.315178,24.395634,-13.203915,7.8021603,4.357229,13.9274235,-9.840488,4.572591,13.397257,8.711132,-12.459235,-13.598181,-3.7096329,0.5877369
-146.76436,123.588165,-24.487099,71.33682,-30.72321,49.27434,5.4881663,28.194042,-7.0259004,-2.4706988,4.665684,1.9636406,-17.699364,-0.18949795,12.537139,6.0954747,-6.3365273,-10.766283,-3.2059739,-1.7336457
-152.34932,163.5202,-37.600426,54.43466,-20.38882,28.524548,-1.8036346,24.393436,-6.8432693,-13.911272,9.245479,5.479064,-13.820232,-5.525856,13.92233,14.858874,-8.3089695,-24.19654,-10.481995,-12.25062
-181.82845,151.72382,-50.18985,54.101944,-13.881914,27.717201,19.748878,22.6697,0.31040975,-13.89709,0.31110096,2.476232,-23.707947,0.40696573,12.132933,15.06122,0.55265355,-28.459127,-17.597649,-13.152226
-208.27257,140.41068,-51.223053,58.577656,-4.5306644,26.904596,17.182817,13.333532,0.7436174,-14.665265,5.1727495,12.453232,-15.777412,8.902219,6.330797,12.542041,8.952963,-14.3509865,-21.117638,-21.310148
-246.467,141.38951,-49.910355,57.421333,-4.684404,12.7833805,30.317509,13.193784,3.3084962,-16.20341,0.78107923,20.518265,6.6761117,22.303514,0.45981485,12.274252,16.954674,-14.873294,-23.793327,-26.250605
-286.5649,150.41168,-40.312706,47.38958,15.006439,7.345989,15.189808,8.408879,15.901006,2.7793932,5.830743,19.878086,11.038024,15.478737,5.8357067,17.754295,14.963197,-8.856318,-14.581591,-18.65867
-297.64142,151.0794,-32.07823,51.081345,26.39901,1.252948,8.028744,6.384011,8.349798,7.7151794,10.065498,17.791054,6.346651,15.76086,13.947559,21.068851,16.368366,-8.146352,-17.753864,-16.383457
-292.5432,157.1323,-25.972069,50.840767,19.14117,-5.6576595,8.940771,13.884001,2.3270397,-0.29119658,0.37372667,11.114338,7.01044,17.032095,16.87043,23.36022,24.626553,-1.4063015,-6.7654457,-13.103648
-284.06503,156.99937,-33.7739,43.10669,22.336609,6.0066442,7.90827,6.119459,1.9203786,-1.2793856,5.318698,18.390331,2.4250941,15.765306,21.77903,22.584421,15.16404,-6.145572,-9.227712,-5.920097
-270.85745,135.01991,-48.247726,36.765503,18.099087,32.067154,0.91926944,18.673843,12.468021,-0.16705179,14.104921,11.636343,15.905504,11.686413,11.258568,20.721539,9.92231,-6.0687323,-15.251103,-4.268105
-198.13963,123.6736,-32.7327,64.308876,-7.4789886,47.058723,-1.4797542,8.138143,0.35701555,2.9625008,7.749115,11.574099,6.851698,7.562361,-3.2070963,3.9610968,7.698799,-6.0625973,-0.9611629,2.2488384
-152.1433,156.76102,-41.016876,50.59832,-12.933895,38.066547,-10.371992,8.485867,-9.546734,-5.260662,5.759549,-1.3187622,-6.491785,0.3839054,-3.5698662,4.471889,-6.806778,-14.053977,3.1964295,2.4786189
-166.73195,173.09363,-54.836746,47.378258,-14.681236,14.142817,22.398327,18.65791,-5.9227686,1.2518375,3.0003927,-2.075031,-20.490776,-7.430324,-4.1343155,11.285507,12.138219,4.91197,21.44381,-6.015044
-189.42331,157.04205,-61.85425,51.774055,-8.044519,21.589218,34.141205,5.1582813,-16.66185,0.9083656,13.811037,1.8023585,-29.283806,-4.7335577,5.146295,10.893923,14.373159,14.9016695,16.092518,-13.16872
-211.26222,156.14137,-68.60904,46.178535,-12.903719,14.179302,37.686638,5.3829336,-16.880106,-1.4249346,20.517849,1.9467556,-26.819813,2.9005256,16.861023,6.4006205,14.562302,19.320042,19.521042,-11.945732
-226.96228,141.86795,-71.087875,46.0681,-3.4558218,16.215546,35.780228,3.6458495,-19.42747,-0.48748267,20.059752,6.9170103,-19.778393,4.949915,11.1518955,16.65144,24.33082,21.504736,13.156721,-13.935327
-223.59822,145.85948,-83.013596,38.812782,-0.8758136,16.996256,34.988525,5.829368,-11.324769,3.6314182,13.193518,-5.133393,-19.401192,5.1110306,7.4774456,15.136892,23.403946,14.630732,5.083127,-19.438293
-229.7214,148.29677,-73.78917,37.355988,-6.2536297,9.751864,29.03766,15.867138,-2.7867775,2.6071758,12.249587,-2.3251603,-14.161047,2.8233094,4.7969513,14.545437,25.4202,17.654242,3.00812,-19.858232
-235.22665,147.58856,-65.48201,37.48734,-15.643452,5.5366697,33.775314,7.4790707,-8.200077,5.2391987,9.97168,3.3873706,-15.7838955,-0.8537624,-3.103244,16.244595,35.60162,23.341335,7.336404,-24.952572
-182.53815,93.37016,-20.50978,49.280663,-63.08393,45.182533,10.463043,18.91327,-16.25993,2.7502816,6.0745664,3.3601313,-10.710948,-6.0260897,-8.252799,13.100069,29.891804,21.64854,-1.060641,-1.343628
-135.51338,83.16303,-24.079426,61.24086,-74.31952,40.056755,-2.1365082,8.346096,-21.706732,13.126223,-4.701153,8.1693,3.6509209,4.8916497,-2.805453,10.475302,13.096575,6.2472105,16.322954,9.416344
-110.89244,104.00438,-39.08171,59.391136,-56.324867,37.971657,0.83540213,17.36987,-20.839573,14.5696,-19.270224,16.406261,4.5022497,0.12175965,19.968819,-0.5890493,5.2452917,-6.5194054,4.0065937,13.9846525
-115.96659,115.84622,-44.205498,66.142494,-45.94327,45.281067,12.341026,19.935581,-11.648647,23.541124,-12.528837,10.201226,1.1171846,-6.4722805,18.25019,-3.4333858,10.212138,2.5779843,16.995193,22.365902
-141.69868,144.62389,-33.19478,58.238415,-46.15519,32.28103,16.784548,23.043991,-13.280893,8.750695,1.7437618,10.427702,-1.5023353,-11.572063,3.6181884,-9.9680195,14.36517,11.887754,17.391373,15.619443
-171.26633,150.81013,-45.352253,47.73513,-37.383274,13.697857,11.40554,13.438253,-15.044376,4.866741,4.8710375,15.069281,-6.388888,-16.754128,-4.110571,-13.627323,25.270935,19.144272,15.35753,14.08886
-181.91653,159.83304,-45.002,47.61645,-29.944466,5.403226,24.999914,13.703029,-18.337662,11.428175,5.7235804,10.580887,-12.448207,-8.131592,-2.8487234,-12.986687,24.982983,20.489727,26.314915,13.977719
-195.80502,157.74731,-49.463093,49.939533,-19.581406,4.1647043,22.138678,14.39081,-7.927402,10.3282,9.006725,17.551498,-8.43012,-2.579485,-3.3329322,-13.792706,27.462723,20.460426,27.191418,19.532093
-201.02948,157.30508,-61.402977,36.562824,-22.34489,8.108703,23.578976,19.763268,-7.684274,0.13141525,13.961638,8.992712,-16.429947,-8.289066,-11.38163,-7.1013856,26.37221,17.701347,21.955828,11.776928
-204.92342,165.76923,-56.850777,36.342445,-16.29092,9.558771,24.661741,16.154922,-5.4239454,-3.5379004,17.424541,13.907593,-17.008331,-1.3405442,-16.853783,-9.813188,25.22963,17.742657,22.366776,12.262861
-187.38092,149.00333,-43.677177,39.01365,-20.803707,26.435146,6.465432,22.931,-8.984908,2.918813,16.342285,6.100899,-14.288888,0.033510923,-7.374872,-14.766251,14.865494,12.529615,16.900723,14.103457
-173.51683,117.76594,-34.57902,42.318325,-34.796665,30.76867,0.84454787,31.070835,-6.313368,4.943048,20.230534,13.523618,-21.905895,1.2630193,-14.691229,-11.654795,14.529579,16.352505,18.526249,19.525366
-189.951,138.69666,-46.47591,43.514782,-20.317177,27.041092,4.2651577,23.257633,-9.444748,8.530256,21.770401,7.813944,-10.406853,-6.695026,-12.168458,-13.673344,10.874482,13.3555355,25.963669,19.19994
-193.36287,160.95349,-67.00905,39.864223,-4.174588,15.836312,17.976791,18.843067,-11.742632,2.3712945,14.537415,7.4882727,-2.3191714,-7.6074486,-17.938026,-13.396532,8.416785,18.290737,21.345123,6.508688
-191.83572,161.78369,-60.73838,41.353172,-14.357681,13.375519,25.078579,15.645172,-3.7615023,4.4822316,16.142578,17.650055,-11.315203,-2.7352545,-22.59766,-15.766233,13.975671,10.597683,21.093647,14.811835
-197.26259,167.61438,-63.06154,35.99601,-15.989733,11.413767,28.605965,11.917793,1.3103377,5.750268,19.867556,19.378273,-18.928974,0.9246254,-15.838026,-15.303526,11.253209,7.61862,21.446884,16.996971
-202.44383,165.67816,-61.23989,28.114254,-24.029545,4.37142,22.178837,5.783389,-8.092304,-4.752364,16.805218,15.154376,-25.383501,4.6277127,-16.151611,-24.058468,4.119027,3.0553358,14.557787,18.359951
-210.92531,165.05118,-66.01227,25.71941,-19.437435,3.490099,25.146263,1.2248869,-15.101021,-4.823413,15.137944,19.548847,-26.609386,-4.2154837,-15.15999,-28.178818,-2.4128835,2.4526792,11.91848,16.391565
-208.1285,162.44754,-66.76511,22.924023,-18.568995,9.985686,27.12114,6.737979,-17.860455,-4.5146027,7.745642,18.457104,-21.158405,-10.311185,-11.440119,-27.02902,-2.0957894,-1.2830336,12.80987,16.05235
-214.38876,160.00658,-63.71106,28.620575,-19.000864,4.4858685,24.75306,-0.98065674,-17.578453,-0.3543015,9.429352,22.040054,-15.348941,-7.515247,-13.340847,-24.259865,-8.432159,-6.1238246,18.585762,14.51773
-186.43748,135.67696,-56.083416,32.238945,-35.215626,15.323763,-4.272466,14.186239,-21.662266,0.75428236,20.008627,4.4511523,-7.7345934,-9.084575,-16.133648,-17.029364,-13.882908,-5.5927024,20.410854,13.412037
-153.96846,103.65546,-36.312027,39.70579,-46.33516,31.16041,-22.0673,16.188934,-14.120903,9.636467,14.500393,8.633986,-17.303865,-5.859224,-21.047352,-20.328602,-11.469177,3.2713346,20.857517,20.456476
-160.22253,135.81453,-33.485153,35.50284,-38.50101,22.158592,-32.540173,6.5689764,-12.841486,3.5205474,9.677071,-2.812824,-19.135231,-10.043798,-11.757159,-18.354944,-9.784785,7.96529,10.316067,4.735965
-129.21216,146.87134,-38.19597,49.6456,-53.078148,29.79229,-13.567068,-6.843754,-25.7986,-12.219311,-3.2796195,-3.914495,-11.207663,-5.0263033,7.584399,-5.0997157,-10.305159,-3.252329,-4.2016315,-7.05925
-196.82669,153.27101,-62.486355,37.24904,-16.932043,-6.4614058,-11.052555,8.649712,-21.795628,-11.956134,-6.2706156,-8.199436,-5.8642673,-12.963413,-13.528452,-13.702031,0.06944892,-0.80310965,8.067362,3.010719
-207.11891,133.2673,-69.72904,49.028965,-14.568971,-9.883324,-2.0683866,4.889276,-25.28069,-5.2607584,-19.740108,-2.6271944,-10.7958355,-43.31795,-13.999582,-7.508539,0.64282507,2.4775107,16.829853,14.9903965
-210.08429,136.42453,-68.08579,57.770134,-16.094196,-20.299583,3.581552,3.5247912,-22.154922,-3.3388314,-27.250051,3.6807399,-4.9953156,-41.232445,-3.920053,-9.6744795,0.8242379,3.3173895,14.160788,13.646226
-216.2324,131.6629,-75.01166,57.65679,-13.262899,-14.956768,11.601278,1.2327183,-23.661629,-8.586935,-27.902666,4.6377506,-11.847823,-44.22074,-2.942049,-11.983278,-2.583865,4.186255,17.370516,14.246006
-222.5963,124.26346,-75.34898,66.75055,-12.811495,-21.230526,9.33498,-1.9662595,-23.373875,-18.749403,-26.537971,11.516321,-17.089355,-41.578735,-4.8710766,-12.999903,-3.8673713,8.281311,22.90054,11.021923
-219.81839,127.622955,-78.014084,68.82719,-14.6016035,-17.209625,16.376028,2.2848823,-14.8323,-18.130932,-19.833145,13.013764,-16.727417,-36.840576,-0.8661922,-6.4928174,0.34967142,10.792751,26.580898,14.391538
-229.19289,119.71791,-73.60399,76.24774,-15.973512,-30.0807,8.847336,3.0754569,-12.992487,-14.726706,-16.151577,20.57745,-16.545666,-44.057392,-9.068954,-2.4902716,7.826137,10.137771,23.062061,7.98378
-223.48584,121.085365,-81.15554,65.907455,-22.53781,-24.85913,11.2182665,0.3934977,-18.811733,-20.85627,-13.815583,18.394802,-14.0815735,-35.661705,-4.2388554,-4.098057,0.61306214,4.139576,18.899046,8.145527
-199.93211,118.25476,-62.69921,80.87241,-14.529016,-3.5824785,-0.6946175,9.674383,-19.03363,-15.997687,-2.4102035,10.187384,-17.239904,-33.316833,-7.317638,-13.850675,-11.362209,2.983859,26.451004,9.985653
-182.81723,102.71971,-48.859016,86.384895,-13.0440235,9.372616,-8.256568,19.704762,-16.706884,-16.469051,-11.911342,8.199525,-16.179249,-20.556828,-0.97843987,-5.7996125,-6.2944894,4.9570894,25.274038,9.152191
-170.90227,117.04193,-54.757217,78.749596,-10.829015,23.57117,-0.6553113,14.678012,-15.959719,-7.9256697,-3.715125,7.607098,-14.528719,-27.419353,1.0435693,-0.8932613,-10.192233,2.4240952,23.288582,13.389239
-198.46039,131.04105,-62.58448,79.29862,-3.062205,11.289215,15.084861,8.313362,-15.644161,-15.172467,-15.797051,0.67415833,-10.457892,-29.730145,-3.2919192,-11.979062,-16.453918,0.5182997,17.778313,13.59828
-222.56013,136.75748,-59.548424,73.67783,4.897335,-5.1709414,18.030487,12.009401,-22.517834,-8.580632,-18.965809,-3.353156,-12.310455,-30.769463,-5.606147,-11.2007675,-7.918751,-5.862389,11.866188,8.314486
-221.2982,157.39282,-52.97959,61.621136,-3.8751717,-20.125778,13.619894,16.436974,-20.170282,-2.5084047,-5.9055862,-7.4039583,-12.043808,-26.420517,-16.908852,-12.513744,-7.170738,-8.777872,13.477873,1.5292221
-233.23625,162.5412,-47.592484,57.129597,3.7154646,-19.882114,14.945743,20.254238,-22.296078,-3.3374515,-12.683844,-4.8881755,-2.594336,-30.184147,-20.379839,-12.500246,-6.8931427,-8.857124,13.372319,0.48790723
-258.96677,152.48843,-41.175167,60.60761,15.430566,-11.246576,15.765071,17.126236,-21.427917,-9.37769,-13.36857,3.0428367,-6.504781,-31.299309,-19.519447,-17.560871,-10.819715,-10.991622,10.646435,5.083843
-261.39108,152.8108,-41.01725,46.71574,6.187576,-7.33046,15.278761,13.885919,-11.675316,-9.227434,-15.4276085,3.787561,-15.156502,-30.163582,-21.584457,-17.546057,-7.887466,-7.4374948,11.121201,7.202805
-270.06067,153.46326,-34.3247,45.894848,5.92004,-2.0928352,11.50588,14.357737,1.2134261,-3.628066,-10.289486,3.8204477,-11.97546,-16.263962,-11.122482,-17.585875,-10.422454,-10.751152,1.0972022,0.63392955
-162.51561,93.10345,-14.993132,53.218884,-56.46541,32.006012,-36.16881,11.706303,-5.744399,2.1850083,-1.7357537,4.3254404,-18.069386,-9.862461,-13.564926,-12.177609,-10.596208,-9.430807,-1.6926811,-0.94851565
-114.28408,90.049835,-40.37509,53.871197,-67.44356,31.459368,-11.633263,25.142735,-18.03637,8.165396,-11.01799,2.8742204,-3.8465884,-9.942163,1.9645157,-1.4719115,-10.59054,-19.71843,-1.1551359,11.165082
-125.05407,93.53491,-45.020184,62.989388,-47.600063,38.889038,-3.4154894,15.155519,-22.44322,10.59683,-18.825317,2.9115348,-5.7160597,-12.976063,15.091791,-1.1457398,-4.728587,-19.964495,-5.019597,12.500091
-152.24915,93.28973,-40.755074,73.24387,-47.13313,30.490309,-5.153805,6.004149,-26.54959,6.4794664,-17.701008,7.56723,-4.814927,-18.537472,4.766694,-14.652395,-7.246167,-24.350946,-1.1780407,2.2438505
-187.22676,105.66954,-35.306046,73.78479,-32.75226,23.673645,-6.2399135,7.9876213,-16.648037,4.397122,-18.811798,7.358444,6.0824585,-18.24373,1.4661721,-23.134258,-5.594318,-16.381695,-7.331855,5.782113
-217.45091,122.604965,-34.957573,61.747467,-22.571205,20.441984,1.7065716,6.0000105,-5.8950243,-5.8355627,-15.082826,10.073457,-0.14253509,-19.422115,-6.830496,-25.14775,-13.374756,-10.346681,-9.256519,2.0774896
-236.89171,136.68121,-42.235817,55.772232,-2.4083462,12.764122,4.0844584,8.1478405,-1.2981043,-4.598321,-9.348338,7.551627,-11.03923,-17.061329,-0.6582391,-20.267233,-13.659216,-12.131752,-8.588946,0.6222029
-244.69215,139.25342,-49.385338,51.96225,2.5018022,6.7218432,9.1366005,8.684261,-6.576679,-3.6443882,-10.632912,0.1438713,-8.378051,-7.2199326,-3.069151,-26.81004,-15.795859,-9.016088,-1.3983552,0.5911541
-253.0986,144.36847,-43.559364,50.71705,2.9776337,4.098608,10.481167,7.6618423,-1.4659075,-10.217218,-12.098791,6.7052774,-11.14031,-7.800455,-6.378742,-20.478558,-13.408009,-3.9008496,-1.895714,-4.0598836
-261.10815,145.56401,-40.549652,53.994396,7.5741053,-3.1344783,10.18611,8.060314,-4.0279627,-1.1592869,-6.8090377,5.26433,-9.793631,-3.9725363,-5.28767,-20.298868,-15.740055,-10.516121,-4.335604,-8.240175
-262.20633,150.65652,-45.323082,45.43957,7.1151867,-4.1024055,7.672483,5.044385,-6.6430664,-2.2881355,-1.503578,3.1038907,-11.701952,-2.1025074,-2.775143,-15.248039,-19.314049,-15.393398,-8.587044,-9.938083
-179.78397,134.94774,-45.482845,44.6787,-36.302387,9.93618,-16.728996,-3.141698,-10.60453,-5.663914,0.9724922,7.820719,-12.827688,-8.325217,-8.7901745,-6.987712,-13.146416,-5.9274654,-4.52631,-5.89425
-115.538,128.9582,-26.023819,51.785564,-44.636497,39.694115,-24.976234,-1.04991,-28.554146,-11.328627,-4.0196977,2.566484,-16.547062,-2.2206345,-10.372288,-9.063894,-14.441252,-2.5310042,-0.3918575,-8.113269
-214.71619,128.70018,-27.685833,37.957382,-24.769962,27.529266,-20.162918,12.576958,-18.566288,-14.897008,8.052359,-3.2072148,-9.968506,-2.368064,-3.6880484,-5.08512,-11.576073,-7.6580667,-2.790492,-12.569986
-249.59906,132.39114,-33.048443,45.083652,-7.7965527,16.667347,-5.699806,15.830345,-12.1385975,-14.463697,3.672514,-9.277695,-14.401596,-13.134614,-6.637828,-7.5620203,-14.157602,-5.7836237,-6.1452904,-14.151698
-271.42053,146.71773,-34.54378,38.95816,1.8030419,3.764395,1.3819062,6.0249124,-10.736267,-7.5493526,6.2137585,2.051699,-15.36359,-15.23317,-7.6364307,-6.655566,-15.92555,-10.204448,-10.280827,-11.137666
-297.20645,150.16873,-30.630636,30.28127,10.730225,-0.41157258,-0.92581344,5.540962,-1.7288022,-4.284958,0.7894628,10.472173,-3.4016137,-11.8054085,-14.600943,-15.246766,-20.364536,-7.314855,-4.7944827,-6.406068
-305.1957,147.27167,-28.031082,35.5471,15.516163,1.8824577,3.7759333,9.188767,0.22116482,-4.9428606,-3.3847225,10.395219,-2.1707988,-11.261768,-15.230706,-16.43622,-16.445656,-10.908455,-7.8426695,-4.7148256
-311.83588,145.31525,-22.726767,37.324203,17.509827,-1.9936618,2.2641199,8.866907,-0.56497604,-1.1241637,-2.5513425,12.783964,-5.9378786,-13.739658,-14.540573,-12.064766,-17.184675,-17.323547,-8.645222,-7.686291
-323.05472,139.40247,-27.96605,23.383564,9.020479,-1.1377908,10.082281,10.986979,-3.1432946,-4.5293117,-2.7748284,10.7778,-13.973995,-17.383175,-16.595503,-8.742528,-13.6400795,-14.667271,-8.595833,-15.454983
-322.289,144.16144,-19.909107,30.536972,11.98196,6.2592416,5.3596544,9.175022,-2.865388,0.37525913,1.4342952,-0.31972075,-11.953203,-18.550228,-10.336559,-2.392694,-9.106168,-1.8244269,-0.5800837,-1.2823839
-209.68512,72.10516,-4.5358324,71.42949,-46.678925,44.09498,-10.920074,14.483248,-12.969817,-2.2334745,-14.461258,-6.7702656,-15.828241,-12.279589,-8.129135,-6.7197247,-0.46641946,4.1544538,1.2285459,2.9935882
-97.77823,114.208694,-24.056635,65.856964,-45.549026,37.62847,-22.766327,26.329191,-10.815798,9.50011,0.062131703,4.3314133,2.1699119,1.1799777,-7.2735376,-1.7573986,-16.942482,-11.7286625,-9.107517,-0.4768715
-150.88426,162.771,-35.41456,48.310684,-26.489723,19.010672,-9.475065,24.249815,-14.044821,4.027138,13.065035,2.3919194,8.381026,-4.340557,-11.940218,-13.8027,-12.3356285,-9.833422,-5.9464264,-15.819925
-195.87556,149.96158,-41.879097,43.37851,-21.74327,-0.44587886,11.494751,26.353804,-15.044813,6.859829,3.0402298,-0.19728607,-14.377693,-5.28034,-19.727018,-21.19402,1.2345715,-7.906793,-7.1935453,-14.295977
-224.97575,164.71219,-35.455948,37.13468,-19.051159,-15.362832,12.268727,16.194065,-22.12269,-0.7547488,-1.4969729,7.5232496,-11.025287,1.645672,-11.798378,-19.771965,1.2986114,-22.30904,-4.4925,-16.296558
-296.47623,166.71237,-7.843665,36.84886,2.1323225,-9.299206,5.692255,14.713987,-3.5839543,-2.0957174,-4.382613,-0.49157643,-6.4936314,-2.9545841,-14.192896,-14.996344,-3.8769875,-17.815586,-10.447712,-10.688036
-308.62326,156.89957,-11.81873,31.742767,11.277617,5.3595204,15.892581,13.548628,-7.0455112,-2.6962001,-0.6547843,2.331428,-11.64883,-4.614973,-12.665017,-8.079769,-3.8693328,-10.920113,-4.685118,-3.4007747
-323.2405,151.26859,-14.534639,36.233284,12.577367,-7.360401,7.031868,17.518887,0.8177977,-0.5575889,-0.34701368,5.825136,-2.3551526,-6.8936996,-11.053944,-5.110647,-0.9018018,-4.025518,-4.0719156,-4.5800405
-317.3949,152.49875,-14.54777,34.101234,9.683851,-8.320995,8.392355,18.888988,-1.6231115,-2.4330935,3.1996624,2.8191006,-5.7641745,-1.8366065,-9.954104,-2.5237641,-3.9864066,-7.2301493,-5.7633543,-7.0022335
-317.16327,153.8223,-17.614174,31.454582,5.574626,-5.182735,9.666508,12.084003,1.9660281,7.5815053,4.264285,2.1548116,-4.0394526,-4.2312574,-12.222341,-6.306033,-8.211813,-14.243624,-12.034784,-12.327335
-294.04993,159.36313,-21.302666,33.587948,5.5775213,1.4064893,10.914856,8.764932,0.55369496,1.5114621,-0.09900749,3.9625733,-10.112085,-7.091885,-12.47086,-9.623969,-6.0565844,-9.1429405,-3.310965,-1.8831402
-188.79958,161.16806,-26.854626,52.445168,-15.313028,18.221409,5.059599,9.572317,-10.2859955,4.1844864,0.3178048,-1.3831819,-3.1960084,-0.5154504,-11.600565,-18.34835,-19.837597,-9.054714,3.7008986,-0.24310291
-157.05305,148.45175,-44.87132,43.711414,-33.43406,29.444435,3.7770119,15.622407,-19.59605,-7.68239,23.919064,-1.5717905,-26.676105,3.6650395,-11.775223,-21.827114,-9.374918,-10.872622,-2.503377,2.6589448
-168.51537,142.33249,-65.26865,41.39356,-22.20425,26.749168,1.907178,5.0037193,-27.863504,-16.368568,9.398712,-10.348829,-24.235718,6.8788652,-0.4487564,-28.553959,-23.520676,-11.885136,-15.113182,-6.8617606
-190.77342,145.49518,-75.09402,40.99891,-11.328834,15.712052,4.7507167,-4.742322,-16.827797,-8.54887,0.67347276,-12.881162,-26.951626,3.4274268,-1.6474428,-27.801424,-22.498013,-8.059856,-10.504995,-6.8515997
-198.23653,143.30844,-69.07149,52.090908,-3.53271,5.9664707,5.8896832,1.5469016,-7.792739,-6.2585735,-7.0744123,-4.233513,-22.47561,11.094429,0.9884094,-23.769726,-17.382206,-4.899214,-6.3636904,-9.724352
-223.8755,148.51978,-53.01303,55.97548,0.2396755,1.4045695,3.8709996,-4.3929715,-5.5229883,-9.423817,-2.0011578,-3.786005,-22.770897,16.406456,-7.952554,-24.432224,-8.770454,-6.46203,-7.6091013,-1.5554157
-265.49347,162.71817,-38.062405,43.670193,22.143208,0.613647,-3.0885174,-0.11295387,-10.555402,-9.275627,-6.8133664,-3.8788357,-6.6007314,0.8606224,-23.555609,-18.545906,-1.5684303,-7.9229927,-3.446965,-0.4545716
-284.55298,154.19695,-44.42891,36.571747,29.930092,4.3172164,-6.6973314,-8.418776,-10.091024,-7.7928324,-8.493072,-4.8148327,-12.204962,-3.012658,-16.850384,-17.071154,-5.1305785,-6.0865393,-3.487299,8.626478
-289.58383,147.29929,-51.072258,34.54471,21.16114,-5.257381,-4.88673,-6.8307247,-6.2569513,-2.9477272,-9.347061,-9.354576,-14.513145,-5.79677,-19.41584,-15.832071,-0.62426126,-7.280087,-3.1477246,9.286457
-249.56247,123.78012,-37.424095,46.965515,-4.6528234,19.843517,-26.106663,1.4974933,-6.235814,-2.9606915,-0.26441383,-23.836678,-3.4916863,-6.7933283,-17.671087,-9.607847,-4.140707,5.5158224,-1.2980325,3.7664936
-104.03945,93.69796,-36.647526,52.524445,-49.684105,45.388054,-23.386375,18.74501,-17.827461,2.4614944,-16.378645,-1.561536,-10.352823,6.144796,7.9035053,-0.33631968,-3.2696433,-4.631463,-7.675262,9.549101
-86.11715,99.67813,-34.82438,76.87393,-54.11086,42.338875,-14.484049,7.8567333,-20.181797,19.922768,-10.640167,5.501605,2.949455,2.3682501,2.0419397,-4.326266,5.0909824,-3.7640893,4.6162763,16.579062
-99.43478,106.25131,-49.6796,63.993088,-49.677948,40.419556,-3.8400912,9.835659,-25.96804,24.398346,-9.888829,5.5971365,7.2602835,3.4747844,9.976231,-14.128811,7.1229186,-2.3310332,-0.13330293,18.363098
-129.16147,121.825966,-56.0188,61.240074,-38.32773,30.162868,1.8928442,8.731997,-29.483074,8.98375,-9.8395195,-0.032279015,-0.75206137,-0.5044533,10.173788,-21.616707,7.3500557,-4.8280387,-5.3466525,15.793757
-160.72023,136.93422,-65.752144,52.3143,-19.496223,25.98956,-4.2597985,2.5200047,-27.481422,4.2255383,-1.7641568,-3.968035,2.2934234,-0.41459548,13.242189,-23.846401,4.8754005,0.868258,-7.5271,18.152546
-181.43901,140.26239,-73.35896,47.036892,-13.144916,15.263003,3.562714,0.45436943,-35.109787,7.9645734,0.7350311,-2.4700384,8.291605,-2.8918993,9.151407,-24.684278,7.290555,4.240388,-6.151005,16.122963
-188.60114,144.08421,-68.29164,43.865517,-16.299479,15.662406,9.8851185,-0.8705979,-28.703442,-2.614959,2.9211006,-3.7522519,-10.668255,3.2259908,-0.4603642,-26.418236,5.9109764,0.74513507,-6.94471,10.606291
-200.16563,141.27322,-75.52681,42.559788,-15.201665,13.511089,16.629564,-4.0872498,-29.47639,-7.480088,4.9884157,8.995021,2.0928137,11.290233,-2.0258656,-28.818588,-0.8563943,-1.3293664,-3.2044237,13.248477
-214.93855,148.18597,-77.84366,32.573093,-5.2680283,16.07295,23.289078,-0.28331423,-32.68508,-8.597709,1.3432138,2.5958714,-1.5852371,7.507641,-0.6600425,-25.581167,0.015383959,4.443181,-8.6756525,6.3476105
-227.58672,154.72607,-78.32673,26.459324,6.1724477,18.458742,26.861012,8.114532,-23.873272,-1.0863332,2.886558,-4.293673,-2.1295128,3.687021,0.04053378,-21.441845,-1.3199534,13.025274,-10.21125,3.485282
-222.84105,152.6026,-70.30049,28.173773,0.9441886,24.309864,29.272095,13.369118,-23.516083,1.7846422,6.3485174,-8.153758,-7.87745,0.020054936,-0.43311954,-25.009153,-0.3832061,20.940868,-11.262888,5.633363
-211.90121,136.9992,-53.030083,29.051012,-7.375782,29.017216,2.014174,16.62959,-31.231754,0.52388406,6.536518,-9.616101,1.1339235,-1.3357453,-4.5668106,-20.076616,0.97556055,16.589851,-13.820213,2.8635135
-202.13405,124.805145,-46.38968,19.161171,-24.74646,36.231567,-7.8390536,20.095364,-31.775167,5.941974,12.996643,-6.4964604,0.71611786,-1.9147677,-9.403559,-22.714272,-4.3124256,13.324373,-16.436745,-5.794018
-212.95795,164.6372,-62.839813,28.675537,-0.677389,19.095776,27.294731,20.53917,-10.329675,16.829391,9.498344,-4.252041,-2.6591203,-5.0453806,-5.2485857,-24.942894,-6.465832,11.543269,-16.491358,-0.28217244
-221.2734,166.6445,-64.20654,27.541203,-3.8138604,10.612819,28.368828,16.887884,-17.672077,7.5642815,11.741566,-2.0505373,-4.1205325,0.4970231,-4.2288804,-24.640938,-5.4162846,6.8990593,-12.771165,-0.22264418
-224.4647,169.93257,-59.956398,33.12349,-3.3478608,7.408128,24.702614,7.1005216,-26.64123,-2.1101604,16.491926,0.71738386,-7.290147,5.301426,-4.651819,-26.756735,-11.247038,-3.1364899,-9.115564,1.5810251
-225.80374,173.32004,-50.536224,35.009354,-8.886196,4.3379927,27.123573,4.4482403,-15.50905,-6.654661,11.428556,7.3035917,-11.784402,12.996977,-5.598563,-18.682575,-4.2776494,-5.0362873,-7.310174,-1.6403573
-236.06615,177.6657,-45.017765,38.86006,-4.0110617,3.176137,26.171444,-4.1979046,-21.460999,-3.6903112,16.21969,12.563372,-2.2507024,10.380893,-14.585739,-13.552693,3.5248408,-6.5142093,-2.5543718,-1.1738157
-260.6224,187.8237,-33.619743,32.28916,12.183088,7.1500163,23.799206,0.6070625,-22.160278,-4.9732447,8.53746,2.979761,-0.30320427,5.1071606,-10.591309,-9.879912,1.6248677,-8.474544,-9.519136,-1.6574216
-270.17844,172.57697,-35.64364,34.85234,14.445151,5.9249516,24.457436,-0.37163007,-21.279192,-1.3657938,1.4236314,1.9774888,-2.826746,9.308253,-2.3772278,-12.4971485,-0.3351943,-1.9792426,-9.319802,-1.6258152
-195.96288,156.73697,-40.42016,30.047352,-18.746326,34.454903,4.2525787,8.431857,-19.08248,4.8201623,15.029669,-2.3886204,3.0748315,-3.6900454,-8.016079,-1.6822915,-2.8331664,-8.587383,-12.040014,-5.8186827
-127.50662,106.70225,-20.819546,60.802406,-52.4849,40.709785,-6.9041333,11.142951,-24.166584,2.5024426,-3.7596302,1.4768339,-18.475594,4.746624,-7.2169394,-14.8558235,0.108403206,-0.75878376,-5.1680613,7.108488
-114.71479,128.9393,-27.796774,54.55922,-43.54773,34.583282,-18.934376,13.814213,-22.317148,5.0780716,-0.19268191,-3.5674386,-11.089562,-0.65723443,-6.8777266,-4.2510433,0.9989238,-4.591271,3.0346406,7.4784937
-167.51955,142.80487,-49.164436,48.575447,-21.165554,27.627518,-1.0585227,10.208572,-24.941174,1.3644315,5.6005673,-3.0393233,-6.809486,-13.157893,-15.945641,-9.377709,1.98273,-1.1294765,22.703537,10.152565
-187.9166,136.47981,-56.67754,44.165924,-18.489613,20.438686,7.8245525,15.099504,-19.403202,1.5635147,8.499741,-10.1740675,-18.24693,-1.5216628,-9.983691,-2.8508186,8.86466,3.8605075,28.414412,10.632465
-192.45035,144.46196,-68.25983,36.86042,-15.33803,19.268097,11.619827,4.4727583,-19.16769,9.923105,9.770292,-14.886597,-25.34757,-6.926915,-13.353188,-1.9358017,8.870655,1.6991023,35.13695,9.13488
-193.2266,143.14493,-70.16141,33.223244,-19.074665,24.176193,17.651997,1.3906281,-19.337425,11.104373,15.1166725,-10.088652,-19.521862,-7.2359357,-21.444021,-3.4347482,4.7389355,7.049323,38.035675,3.605152
-207.75867,136.74893,-70.82696,35.711975,-22.932098,15.218088,16.795574,-3.516025,-18.25661,7.350397,15.757323,-3.6543174,-21.178688,-4.991486,-15.6915045,-2.535986,2.9499767,9.232426,43.04624,5.6767173
-205.47394,130.65744,-73.22502,38.74391,-24.631187,12.598393,14.931622,-8.427663,-12.407803,12.451908,10.1997795,0.7010329,-24.02858,-2.328251,-13.801344,-11.526827,-10.815596,5.5019474,44.315437,10.023613
-211.54965,122.160126,-74.56682,40.221775,-27.227936,3.1820745,8.6665535,-7.672167,-8.869732,11.477099,2.7230022,6.554239,-25.319443,-7.484329,-12.3131485,-13.767969,-3.6571672,6.177913,43.177685,19.190632
-210.06543,131.94366,-76.44105,42.19033,-23.308512,-11.531784,2.645877,-14.154968,-17.682251,4.818589,-1.6890595,2.9631817,-27.858086,-12.344787,-16.238935,-12.158844,5.766304,8.543404,31.887571,7.633025
-210.1679,149.0664,-69.24698,47.525146,-4.8905225,-6.7429085,-5.1225696,-15.6530075,-13.831597,0.5227426,-4.277642,-3.6252046,-34.68962,-17.236706,-14.650738,-8.10535,13.480373,10.33724,26.71452,-0.50073206
-195.48753,144.56071,-47.876923,49.42817,-4.825718,26.857197,-15.711324,5.292161,-14.0739,-5.1644783,6.858343,-14.138847,-23.252636,-8.6071,-2.7446456,-14.124487,5.7563286,15.585282,19.004713,-0.7765616
-164.05016,116.41002,-52.780144,46.60038,-17.672585,35.28491,-24.549503,8.347148,-12.466578,-7.480654,-1.4738832,-8.579269,-27.19601,-2.0341377,-6.458976,-7.714952,12.095938,22.278915,18.142948,-2.0280461
-168.82088,131.70079,-60.788773,54.42508,-1.7326057,30.638481,-14.578978,17.202404,-4.3916283,1.2167832,-1.9780588,-11.784306,-15.688005,-4.347795,-0.7181573,5.200133,21.85214,23.886497,21.492462,-6.936674
-179.89433,155.75345,-65.37318,57.350502,4.168441,15.692727,3.7430973,10.025947,4.86533,4.4818635,-7.8712406,-3.502676,-16.925793,-3.0594926,0.22567594,3.9873137,24.742228,17.638325,23.83493,-3.960643
-184.50972,162.06473,-60.938927,47.516735,4.989044,7.457903,2.7494755,8.596706,-2.9035308,4.5736485,-8.557831,2.761925,-19.34386,-2.6579762,-2.6449902,6.0312767,28.891396,9.818794,15.921938,-5.2612944
-199.24779,169.1754,-65.87128,39.668045,15.283611,7.776021,-4.008486,10.543765,-7.9565797,-6.2124124,-4.462146,-2.3535028,-10.035982,3.6448603,3.5261142,11.531517,27.464844,4.4178267,10.69548,-10.540716
-223.80801,177.33568,-55.19104,32.6625,20.468674,11.374472,-6.192434,-1.2412746,-3.9406457,-2.660263,-7.759968,-2.4301617,-0.3365465,7.571127,7.5713673,10.291816,11.3049755,5.087452,11.67157,-5.207288
-257.30396,171.55339,-37.09482,45.615883,15.276749,0.13599539,8.232639,0.9112608,4.827047,4.712328,-7.4423647,-1.6504734,-7.6466866,7.928449,6.149989,7.2058954,9.629743,-3.0051575,0.9252237,1.4764446
-241.09894,164.10695,-36.822952,46.312004,-0.63689333,5.19234,7.078868,-0.10834074,11.109781,6.4930096,-2.7772143,-0.7813233,-5.6579456,8.155473,1.363317,10.3834,8.345642,8.339796,6.9212604,-3.40204
-196.36903,142.6973,-40.046623,43.850258,-22.276842,20.968918,-29.555796,11.134365,7.72546,6.9174404,12.032768,-5.2586565,15.0370455,-9.974525,-10.197138,9.440613,0.69295603,5.376087,-5.5446672,-0.09211457
-101.375626,62.683342,-30.249403,72.56561,-59.207787,41.585213,-22.22863,15.121062,-6.597778,25.856901,-13.16331,7.492137,-3.131774,7.1996956,-4.9681625,12.020023,-0.092255324,-8.957781,-1.1781474,-4.3631124
-76.99207,96.193665,-56.14747,74.06987,-38.026897,26.454563,-32.53621,21.312878,-14.77599,15.307715,-16.387451,8.684704,8.283533,2.4957767,18.54126,6.8042994,0.9406933,-12.343825,-12.266546,-5.7299595
-126.9122,106.744934,-62.68581,83.93771,-7.791399,25.439583,-22.765533,24.861366,-8.766016,14.912464,-13.173725,6.9842577,1.4885547,-8.198009,28.461437,10.43676,15.830408,-0.5500415,-10.640105,-16.82921
-156.97833,119.3819,-64.485,80.3936,4.512917,14.835091,-22.593372,19.436209,-2.5679307,14.0589485,-8.570938,10.299464,2.8090234,-12.685934,20.795483,8.96483,21.1017,3.1005168,-14.538489,-14.447142
-177.3999,121.4643,-66.95436,79.48352,12.130627,9.219496,-16.835192,19.149673,5.0596213,13.673388,-4.704803,6.6335273,-3.738985,-11.098471,14.450811,14.334486,22.614956,-6.3578677,-19.2288,-11.087612
-180.7734,123.70955,-68.615814,77.111404,13.194769,7.9047375,-12.874939,18.609375,1.2065439,6.93589,-7.862118,7.6105785,-1.4703577,-5.4596424,15.102786,13.942318,22.957949,-7.705016,-13.798365,-6.0529666
-191.48462,128.37888,-69.5535,77.149,17.444817,7.547963,-6.41273,17.72433,3.9772468,1.800472,-5.968267,9.108949,4.275714,3.8975573,14.451915,16.895422,13.091499,-9.475881,-9.570238,-4.3208
-200.71988,130.26749,-70.455,78.073715,15.926201,1.757129,-0.123686194,19.781769,9.615742,1.0342038,-9.298791,5.591221,3.6776829,4.4721074,11.305203,23.577724,15.549857,-10.699367,-4.701457,-5.8757963
-207.2725,133.63876,-71.11566,75.181694,17.648666,-0.9447168,-1.7796209,25.515432,12.641949,-2.9332628,-6.5727572,2.9573336,6.0829825,8.002497,8.6849985,25.150248,17.95306,-6.4066873,-2.5388823,-8.38888
-201.45444,141.77863,-70.791756,74.54874,20.839773,-2.3914747,-5.356618,20.171192,7.991688,-8.639853,-13.691919,0.11438918,4.2955475,7.6887207,10.286693,25.869694,12.328438,-12.51793,-4.045754,-9.9915
-133.31256,152.94888,-63.426826,64.40478,-6.1331553,17.159813,-19.594986,25.869547,-1.1746081,-11.574025,-7.8799124,-12.920342,4.4428287,0.77142525,-0.032698512,14.33407,1.25178,-7.3124056,-2.2684653,-6.212613
-158.41425,135.87546,-54.112885,65.277435,0.56446123,27.458906,-16.836063,32.018665,-7.0330544,-20.8887,-8.165155,-8.454829,3.6893487,5.7770553,-1.8940445,17.04845,5.774811,-15.265678,-4.6430416,-12.357887
-183.70695,117.824875,-51.400703,76.13876,-2.4749358,18.857826,-19.62003,26.834496,-0.9813808,-16.113049,-1.5502832,3.294437,7.3637695,3.4627838,0.32372034,22.798119,8.348339,-9.538874,0.3349835,-8.113354
-198.95813,130.17467,-58.685043,79.71892,15.339231,4.925872,-14.915825,27.262726,5.4146833,-10.231189,-8.531775,-0.22887477,12.03033,0.30541897,-3.492933,23.887276,9.187687,-5.654539,-0.38558516,-13.813832
-229.54678,142.32999,-61.495117,70.376915,30.045612,-11.139157,-4.441386,22.258076,3.7186828,-0.09267306,-10.106476,-2.713577,2.7034862,3.9288135,3.1826417,32.501335,18.275387,-9.437427,-3.9132814,-13.9028845
-232.48808,152.49689,-64.13131,57.28888,35.479973,-1.955227,-3.3451316,13.646571,4.010649,8.652429,-6.402299,-12.316208,-3.1352682,11.760113,13.143639,31.419186,5.786255,-10.475003,-0.5222346,-12.779099
-241.80267,175.39836,-53.405052,33.316357,28.372421,11.819642,1.9369293,-2.5914936,-7.284236,-3.6532335,-2.295274,-5.596709,-4.5287256,16.902697,19.213917,26.42723,9.52856,4.2766304,2.0793014,-14.746617
-276.36765,160.17178,-53.633934,43.258644,40.617653,9.233277,14.264727,14.042821,9.134787,6.1015253,-5.0592513,-1.4137381,-2.7545197,1.070167,5.670311,20.714424,14.596621,2.0339735,5.59101,-0.789903
-275.2565,160.01416,-45.426277,46.3873,31.117748,2.3970666,8.4642725,22.83509,13.535721,1.3993876,-5.2068205,-1.0953298,-0.8934276,0.9492177,5.656595,20.727024,18.220171,6.8649487,12.44101,0.64341927
-254.62654,162.98233,-41.634617,50.374786,20.210773,-2.078639,-3.7713418,10.467772,12.431351,3.977684,1.7088623,7.838666,4.2522063,11.42095,4.6189847,8.137297,13.56218,5.495843,1.9829355,-2.2195203
-169.69748,123.1263,-15.824835,69.54535,-16.594763,46.03176,-30.7304,16.546862,13.675444,-6.1383066,-4.773829,0.30679977,-5.001768,-3.6470163,-7.6027956,5.1299195,-5.5682154,-1.1939309,-9.677695,-3.7649398
-111.10391,119.951996,-22.318907,66.40845,-32.8492,46.984756,-28.637661,22.342789,6.207735,0.18863547,-6.106138,2.3733652,-7.101726,5.1603074,-10.149143,-1.7558062,-15.162043,-7.387255,-5.6888065,1.6797142
-165.34875,152.17798,-55.235832,71.21501,19.808538,14.101137,-27.407116,23.508335,3.9989092,-14.20794,-10.952844,-5.617913,-6.2188587,-1.4614028,-0.5232813,-3.9910269,-5.3628807,-0.59817624,8.744754,6.2639065
-186.2163,138.89456,-74.72397,87.85295,35.534897,-7.59093,-17.388937,21.089699,-3.078768,-12.211483,-20.556139,-2.6617317,-4.964974,-4.5223923,12.262934,5.1823554,8.356015,2.5945296,7.961829,6.238161
-189.59624,118.97085,-90.39327,81.08218,15.239923,-16.082659,-7.717619,11.348579,-11.366873,-17.828579,-23.65531,2.0920644,-14.941341,-5.0135336,13.449533,9.719858,17.182146,0.49979424,11.032935,7.4441233
-204.4251,117.18948,-99.74257,76.55245,21.781849,-16.569267,-9.994849,7.466015,-15.63715,-15.972046,-20.495213,8.113176,-5.257333,-6.132356,20.772789,17.229557,25.556469,0.26516956,5.4177117,-3.6414483
-225.39162,108.12355,-91.73992,77.34903,13.264303,-21.216082,-5.6068535,2.0408645,-14.383553,-14.302059,-23.837112,7.8731594,-6.1137633,-3.6121898,25.454788,30.612911,22.8582,-2.6492782,4.3793015,-17.262028
-249.6563,110.243774,-83.12057,83.47937,17.72691,-30.725319,-5.9059153,4.700775,-23.918877,-18.433605,-15.797098,0.36897624,-5.5459576,-8.590526,23.623074,36.10542,27.267515,-2.2481427,3.6369874,-18.481121
-258.1877,108.98974,-73.18441,85.96753,15.530159,-36.656597,-13.536403,-5.104372,-28.682716,-28.054863,-14.471798,7.6502075,-6.858055,1.8187752,18.511276,30.796549,19.523876,-10.444368,1.2218924,-10.06637
-243.22697,114.809296,-87.27983,70.945404,8.380995,-36.15783,-12.573138,-3.0422208,-20.003056,-23.116188,-16.68792,7.493266,-0.8634266,9.398876,21.674686,34.14293,19.673233,-2.728179,6.1043463,-8.045422
-171.84589,146.47903,-75.4673,72.656876,-3.2506537,-23.815298,-21.843628,-5.5174036,-17.160654,-19.36752,-14.662121,0.5699779,-11.82708,-1.8118657,4.785335,9.110924,-13.101948,-23.142988,-1.1535466,-4.337139
-155.07591,150.501,-76.653656,78.026794,4.8288307,-3.7553077,-1.8793434,18.521547,-1.602639,-12.447966,-21.211863,-5.7126117,-8.192289,-6.4313655,3.5601673,15.598211,2.8743403,-5.939947,7.997566,-7.2011986
-150.72836,118.11969,-64.99076,74.76502,-5.854272,17.877068,-13.51234,28.0459,6.5819836,-4.447187,-8.53857,-9.496304,-21.757845,-10.418123,-8.456572,8.113183,11.647694,1.2954266,7.4068284,-3.6060476
-175.99747,125.66318,-74.2659,60.874893,-9.74505,13.576842,1.468615,27.819912,11.587207,-0.05930823,-11.336758,-17.28153,-25.558853,-19.705332,-10.081993,3.0685062,7.8567896,18.914871,13.786198,-9.84209
-186.98622,130.3624,-86.98592,51.4187,-10.538166,7.703905,3.198022,4.7623205,8.733238,0.86760205,-7.7398562,-4.781791,-29.095058,-11.372143,6.0773907,12.152944,7.221143,14.211439,15.943515,-14.078358
-196.8771,135.24937,-88.54561,50.867554,-0.6962028,15.3291855,11.913803,7.273582,7.3864384,-1.1438751,-4.405811,-3.143394,-31.331543,-16.905962,10.016146,20.550686,16.776667,17.02977,13.669687,-18.594894
-211.18956,133.76501,-89.03326,46.658203,1.0221084,12.285218,13.201886,10.130743,13.189724,-9.805511,-9.121335,-0.28034097,-28.941048,-10.307129,11.066666,23.27261,16.291138,18.110466,5.924081,-25.110912
-220.42404,140.27075,-81.263275,45.133545,-7.471629,4.1248937,18.197758,9.3882885,9.4140625,-11.576744,-8.935144,0.07014936,-23.558563,-4.360671,11.158615,28.86115,21.617271,10.873444,-1.3084427,-31.39663
-232.63722,153.44269,-73.85689,36.310284,-12.339077,-5.734317,12.381014,5.6132298,14.992268,-12.748186,-9.4943285,1.9303423,-22.879074,-4.349768,1.7111712,15.226324,20.755531,18.209976,14.243634,-18.104792
-241.26329,155.77698,-72.72419,42.89156,4.49335,-2.2272918,6.744829,0.43017396,6.0935464,-7.8052416,0.9766829,2.3143013,-17.045462,-9.92273,-5.8295774,0.98721766,9.7081175,10.121752,17.144077,0.64595324
-140.2357,100.89235,-48.8648,57.003796,-36.097775,21.350855,-24.610153,15.442068,-0.60192347,20.735573,0.38080466,20.573261,-2.2602186,-15.353323,-7.959531,3.6790023,15.865066,0.5610391,6.773774,0.75765795
-77.70254,85.59557,-35.31595,65.245735,-61.694054,41.33823,-9.359606,34.579174,-7.9995203,27.508642,-8.62821,10.326809,-3.5686073,-3.9935486,2.5783858,3.25483,-1.1824679,-12.011248,-6.321355,8.450856
-114.47578,90.09732,-42.53326,78.536224,-46.97941,33.32039,-10.918501,21.992054,-9.511646,29.145967,-4.8620577,9.941904,-9.694506,-19.940235,2.6805096,-8.663275,3.2739515,4.533352,22.828182,23.842531
-127.23839,115.04257,-59.47107,61.166138,-41.05046,24.488504,0.013420984,23.273243,-13.678614,15.410211,-3.8830953,9.708935,-8.344124,-18.199423,10.384418,-14.911923,1.6515954,3.9546976,17.944752,21.413452
-150.13208,144.28821,-67.49221,53.04659,-15.485703,29.052732,5.2312794,22.506937,-16.459631,5.340179,4.9620595,5.0217867,3.516859,-12.159002,4.7524557,-20.644833,0.008219957,2.963331,13.215412,19.510708
-173.75497,160.3357,-74.032394,42.675255,-7.965807,11.41436,19.508408,24.058167,-16.785263,6.0055785,-1.5381542,2.3969772,2.6050923,-14.220923,7.882037,-16.320505,-0.67374253,20.21616,15.417548,15.238281
-184.62361,159.2261,-80.030205,37.938995,-6.447503,6.831103,24.521267,18.981884,-25.372429,-1.2123315,6.7948103,3.8345242,-9.470472,-6.8189235,6.800862,-16.296085,7.9310837,19.14518,16.261847,17.13915
-195.80586,153.54747,-79.566956,43.92861,-1.1247642,7.1120358,31.702278,19.899979,-21.096827,5.265662,3.6255383,3.7453113,-9.529509,-9.691092,1.9581071,-13.974881,15.602332,18.864553,20.917183,24.127542
-195.61452,150.81079,-79.06879,38.634987,-1.2050089,7.503069,27.800056,19.586718,-20.74897,3.354741,-1.7980351,-3.3247628,-15.846435,-3.0586154,0.28678298,-15.203045,13.33527,16.693108,23.15533,22.455818
-204.74661,152.15247,-78.53444,38.89538,5.9617352,5.306531,25.436935,22.962978,-20.55592,4.7031827,-1.343465,-6.3617296,-17.138538,-6.4617968,-0.50304866,-12.905607,16.415712,15.179433,24.170256,17.390728
-209.3667,153.42096,-75.94896,36.8888,7.180572,12.719214,28.752169,27.925121,-24.065926,-2.4233613,11.43104,-3.4688196,-13.450213,-8.991413,-11.351219,-10.775889,14.739912,16.716726,25.010403,15.164487
-218.11818,151.56876,-72.53171,36.230427,-0.2723484,7.9588223,28.982704,17.634937,-26.979568,-5.995629,12.898146,2.7780695,-16.715084,-8.166094,-9.62815,-8.735083,5.177516,8.281742,23.963776,18.802952
-175.09106,111.486664,-54.50113,37.186867,-27.923977,29.495686,4.133071,31.696001,-30.753094,-7.1426077,13.148258,7.4944754,-18.638618,-6.6284504,-13.702841,-10.139057,6.35369,10.649369,23.804722,11.06501
-175.51787,120.06485,-56.477867,39.58528,-27.03574,27.372221,6.8707933,27.115631,-25.16311,-7.29978,10.366561,4.568654,-19.868206,-1.5882272,-5.640009,-8.928016,7.3688574,8.773745,17.077673,10.891817
-199.36923,139.48174,-71.42128,38.710457,-8.96487,15.526295,11.181946,19.568504,-23.69768,-2.0084372,9.684954,-4.7453537,-10.741469,-8.618542,-4.9737177,-8.497219,2.932139,9.211161,16.857042,15.707903
-205.25256,149.4062,-82.21823,31.11302,-5.652953,9.783064,26.490932,20.765839,-21.998495,1.1510814,9.927914,-6.2988844,-12.427539,-5.7418914,-9.385585,-12.767107,-2.9248364,7.943003,21.978107,16.89645
-190.37727,150.88235,-86.56578,28.732573,-7.5340385,8.954051,15.342863,22.987747,-21.567318,-10.634873,14.350613,-4.467064,-10.130806,5.940132,-9.41874,-6.698244,-7.8130503,-11.455917,19.972675,13.699117
-187.88829,150.74756,-88.887054,22.348625,-13.047926,14.245506,20.607967,16.47696,-15.066389,-10.440536,6.540048,-7.171858,-14.61207,13.28199,-10.628182,-7.96151,-13.16839,-21.15879,10.993055,10.792654
-189.74074,150.44827,-81.82353,19.87875,-14.723408,15.774071,15.991378,22.635159,-10.097739,-12.732075,7.936041,-4.1462545,-27.390839,17.53238,-2.4426236,-14.113773,-1.5373987,-21.086002,3.9989994,9.542211
-190.654,147.03664,-77.54613,27.874956,-11.4412775,9.362633,12.51211,16.040339,-6.5500584,7.462228,4.903809,2.905661,-26.468933,8.45141,4.382846,-11.242804,4.9935684,-22.5117,1.6294715,5.840846
-184.99852,141.70029,-76.1544,38.080925,-11.908388,6.2825813,14.030884,16.499975,-13.228446,9.68664,-4.6469693,7.862715,-12.696987,4.8792562,8.495984,-19.50259,-1.7351058,-25.159224,-1.5675948,8.078527
-142.41444,111.450584,-52.74103,38.06188,-47.192917,29.751354,-30.363201,19.18272,-12.129013,-5.9006395,9.875389,5.8314285,-4.446546,5.7590213,-3.952754,-9.4028225,-11.809898,-10.596247,0.025891006,3.815956
-109.567154,118.67157,-38.138405,40.5591,-56.031578,32.651794,-32.557625,15.345986,-33.14496,-18.855377,-1.7931999,-0.63661516,-10.647966,7.8075075,-2.1795871,-12.492714,-8.578951,-5.4897985,-3.0076592,1.3430367
-189.69127,135.33217,-47.933723,29.68738,-20.460463,31.915283,-11.335415,16.698532,-26.191025,-25.436726,-4.286927,-10.959252,-10.484364,5.4264765,-4.8574605,-17.396214,-11.517294,-8.42352,-6.124795,2.9490564
-209.48332,133.32458,-62.29403,31.59812,-11.175404,4.2561436,-16.86707,23.710064,-26.427065,-17.172613,-6.345439,-14.083075,-5.9955025,-6.497666,-0.33452106,-11.818964,-6.9583864,-11.387719,-0.013028502,11.538818
-211.32281,128.13275,-71.02405,39.641388,-12.810019,-9.557194,-2.8422623,18.639421,-38.110428,-10.860995,-11.280437,-11.599464,-11.136883,-20.789936,0.40278935,-11.373743,-6.5251913,-12.74517,7.861603,16.059017
-217.29842,124.940094,-67.35748,46.65867,-14.013237,-10.64543,0.98310006,15.379249,-46.156822,-10.576255,-7.1999993,-6.759138,-5.618063,-30.068241,0.67780614,-9.666407,-13.013385,-11.458977,13.317507,22.159689
-217.37262,126.84418,-65.478775,48.367218,-18.145157,-13.502219,4.6289034,13.469807,-46.283825,-6.24972,-10.6638565,-8.337363,0.69042933,-24.858418,3.6783996,-14.441378,-15.641627,-9.480549,7.86724,20.349255
-220.9486,113.752,-71.971016,53.011185,-19.70242,-10.808126,6.2649355,11.049883,-40.390846,-10.223843,-28.031769,-10.875296,-2.0833695,-36.69973,5.4094706,-12.372139,-11.336085,-4.7141213,6.246498,15.551884
-214.48999,113.951004,-75.955025,54.12771,-20.84073,-8.45434,8.052849,11.346726,-30.729881,-1.8872635,-17.872713,-1.3996015,-3.700077,-37.422882,7.03988,-11.121974,-10.6483555,-10.292435,6.410883,22.327028
-221.94624,105.25239,-80.879654,60.34858,-15.153792,-8.1955185,4.9999075,5.516628,-31.623466,-9.798522,-23.358967,0.6554239,-4.2248697,-31.357948,9.764579,-10.002426,-10.485708,-14.847352,10.174274,17.958797
-214.04643,113.46573,-84.00155,60.901806,-16.290905,-5.7277136,9.061825,-0.96063447,-36.423763,-17.008656,-19.338795,10.298372,-0.72751415,-31.4407,8.180454,-13.186854,-13.741165,-18.999598,7.0279717,21.99129
-183.64449,123.69763,-68.171585,75.35799,-10.865557,3.0212784,1.7345852,10.216356,-20.597366,-11.994137,-21.82012,2.2232053,-0.9983268,-18.055653,13.901131,0.33378512,-8.131295,-20.380413,-0.5195737,9.007248
-157.68515,99.8286,-49.669067,78.32796,-23.601555,21.555075,-9.955605,17.436945,-24.585365,-14.263176,-11.149578,-0.3225571,-9.059933,-9.435,-6.3827915,-8.335892,-18.61775,-21.395212,1.1756743,-0.5435891
-178.19304,110.30159,-51.46539,77.306854,-23.535706,11.7687235,2.3475,26.026192,-19.545193,-7.924464,-8.294678,-6.5384865,-6.4232893,-14.086127,-5.9271607,-10.307543,-22.845282,-26.757505,1.2554257,0.43271995
-198.92957,129.50604,-56.998703,68.86827,-12.933425,5.118785,13.099179,19.598259,-29.474792,-15.974508,-6.944184,-6.967543,-8.926682,-9.922345,2.9886684,-15.887386,-20.14844,-19.438942,3.4073133,-1.3242733
-218.6461,133.26088,-57.23014,62.57551,3.0256948,5.4906273,14.310577,18.128746,-37.124924,-8.752247,-5.4024363,-6.789952,-2.339675,-13.719818,-1.0615814,-19.669762,-19.829172,-19.854511,4.980797,-1.4310683
-219.05373,148.24242,-46.66796,60.154602,-5.9967837,-10.604128,7.1335783,13.805035,-30.252857,-2.6088405,-1.6155978,-1.0592561,-5.8861113,-14.900044,1.597045,-17.193626,-12.953882,-15.620274,4.878211,2.7467134
-241.88467,143.62434,-43.892273,52.72354,-0.44118392,-15.2001,6.6224327,18.982143,-25.902779,-5.2500153,-12.958847,-4.7722597,-10.4368305,-15.045891,3.7286267,-19.300774,-21.177004,-20.205532,0.9961538,1.5617895
-256.1358,146.32115,-40.17022,54.012726,13.805414,-10.876209,3.3901534,14.366673,-28.761168,-5.05865,-11.568349,1.3279464,-2.560945,-14.86242,6.699053,-15.998609,-17.320686,-17.84554,-2.7652483,1.3444326
-267.89426,144.35004,-41.54731,43.707726,7.936007,-5.7570095,11.050203,10.122795,-17.977514,-1.0028652,-12.117856,4.4662514,1.4501207,-8.809771,2.7778196,-15.499826,-23.376217,-14.3047285,-4.2318997,2.0077057
-199.77333,75.687805,-40.179672,70.91701,-41.8042,22.895634,3.38618,5.3350706,-20.633224,12.204884,-26.839676,9.663292,-1.7247972,-9.546158,9.7426,-19.063675,-8.5270195,-14.585945,1.9070143,-2.9162226
-110.41436,77.48726,-43.510384,65.58678,-57.544914,38.332375,-18.189579,16.7651,-21.959614,17.867336,-13.73947,4.5288043,-1.2449614,-9.272379,3.361761,-2.5092812,-4.7274237,-5.8839197,2.966692,5.604403
-105.53222,87.85797,-33.887665,69.00585,-61.80491,38.544228,-11.53958,8.955011,-26.598553,17.90826,-10.276871,0.40229946,-9.375918,-4.38545,9.9055805,5.540893,-11.286114,-15.638325,1.4063512,9.033817
-176.95943,100.24326,-28.551884,75.34927,-40.168343,32.661625,-0.31174517,11.50761,-13.235399,14.039798,-12.056963,-1.3749022,-10.612154,-17.596098,5.897366,-13.650823,-2.4050336,-14.768413,-7.901993,4.0342703
-213.12018,118.76044,-35.88558,69.500565,-21.196835,22.064026,7.894438,11.264434,-2.4728315,2.5163174,-11.311619,-0.8325124,-6.745304,-9.92939,5.256687,-15.299892,-6.5540214,-6.8961897,-0.4059357,9.702281
-227.1581,135.09647,-43.15094,61.730312,-5.5472593,8.345842,-4.154104,6.3078265,-4.301469,-2.3027744,-11.854688,0.21652871,-2.80427,-6.372514,4.4641404,-25.35363,-11.770203,-10.20319,-5.303508,10.595656
-220.50648,135.77258,-48.63526,57.508068,-6.8088946,9.513481,-4.255514,-1.5299935,-10.430006,-6.3293147,-10.5140915,9.686964,1.8425583,-2.8607523,10.982557,-12.409009,-12.739851,-16.836052,-7.70395,3.6908393
-226.45457,128.13065,-43.777927,63.85701,-3.389411,14.358875,-1.1900398,-2.4418197,-12.507618,-3.4555929,-5.662032,12.882507,-1.0830905,-2.9957123,8.946081,-15.375831,-10.989983,-12.506999,-8.109547,2.3379135
-241.65945,126.381905,-46.129654,58.01135,-6.7345037,2.232866,0.71886957,6.6163545,-8.343939,3.8854785,-1.9662588,4.459877,-4.465782,-0.11847328,7.709338,-16.459036,-7.6747594,-14.751874,-13.164951,-3.1597347
-258.25815,132.57893,-52.494766,50.230392,4.970194,0.9519602,0.13225256,11.628933,-4.10423,10.12155,2.8063374,4.910052,9.162144,-1.4724169,7.0266204,-10.494599,-14.215067,-15.4368725,-14.345371,-5.183452
-239.57881,148.31995,-49.92801,52.639275,1.7267706,-4.543578,-2.4377542,5.430375,-15.5916395,-5.332653,-3.132072,-2.1226513,0.8840829,-3.3030047,0.63227177,-15.825157,-21.136019,-14.580542,-4.101039,0.5631808
-229.11841,144.64804,-63.091587,43.567215,-7.0769954,0.20606768,5.1278763,-2.3632433,-13.840273,-9.8118725,-8.9625,-2.6462908,-5.2293167,0.83479357,-4.8416553,-14.368951,-13.660706,-9.181021,-4.9148283,-5.354832
-126.063446,142.59296,-51.794083,57.65868,-39.78148,31.713934,-3.6616724,-1.0486989,-26.01736,-16.196522,-4.2860136,0.74808794,-0.7404152,-2.5540578,-1.4931862,-4.581177,-19.040827,-2.6268973,8.614239,-5.4594784
-182.18983,124.29485,-30.72533,46.93387,-27.941513,37.293285,-18.99251,15.29285,-23.410355,-13.662046,-1.9211195,-9.676363,-11.818888,-4.1080565,-3.0385842,-14.202882,-17.567028,-6.8189774,-2.2441964,-9.127583
-232.71593,116.603615,-45.265053,45.965897,-7.2734275,28.239311,-7.255642,17.014938,-26.451607,-10.319219,-0.84278905,-16.162016,-4.7219124,-12.586687,-8.29467,-16.301624,-22.408432,-5.609291,-0.7909744,-5.2959146
-248.83943,127.74031,-52.69248,47.77588,2.8303823,13.226561,3.8914642,10.192158,-15.708861,-9.137202,3.9935043,-6.3714714,-11.629885,-0.8590606,-5.90946,-15.125884,-20.623772,-9.889675,-3.6610708,-3.680303
-256.97748,137.7096,-53.05801,39.010406,4.9558883,10.767634,15.099926,5.670342,-13.622281,2.4930222,6.0066514,-4.229938,-18.187847,2.947927,-6.4251604,-24.662842,-20.314827,-7.9863067,-4.042425,-9.255819
-271.85242,143.95886,-52.415314,29.123085,13.104643,8.446952,15.337795,3.551434,-15.468613,-0.78250206,-1.9390926,-0.39730442,-14.262684,4.2205997,-1.4455136,-22.139774,-23.231873,-10.74399,-7.2274046,-5.380542
-290.09576,152.08102,-41.372505,23.10959,5.711292,1.5057957,16.381397,12.813293,-7.3103952,-5.1775913,-4.4383955,-0.8021497,-10.783136,-1.1387489,-6.862993,-25.348557,-21.086983,-7.454115,-5.522022,-4.789061
-293.354,150.75961,-33.003407,31.5826,3.4985087,3.0243397,18.806461,11.008797,-12.54847,-9.241691,-4.7324533,-1.1706309,-9.924427,-1.2673013,-4.992335,-14.009632,-10.513781,-2.1446028,2.6253953,0.9859891
-268.1776,152.9913,-39.9825,31.15915,-2.661645,-5.3882127,3.7795978,3.3085442,-16.975845,-15.26952,-14.060321,-12.156008,-11.795963,6.2916756,-2.8105931,-14.118046,-5.0356517,7.3167925,5.497336,2.1840196
-225.75752,136.24896,-38.05064,25.745792,-17.633072,28.979935,-15.519766,16.037628,-17.926682,-15.141869,3.0487907,-12.465604,2.919806,-0.8752532,-6.656589,-7.09231,-5.278297,1.3987393,-3.0488288,-3.2784097
-94.43497,122.76823,-51.498207,43.575882,-41.12722,58.945786,10.523142,20.157364,-32.450405,-8.187776,1.5259216,-2.5379946,-22.187237,-1.1704432,-8.010962,-9.078081,-16.782219,-3.2667475,-5.593571,-5.9139185
-78.66453,143.19412,-69.92602,20.786411,-37.74602,55.9381,-6.891755,22.669285,-36.293545,-24.34983,4.2234297,-5.442728,-19.845928,-1.2853775,-8.067989,-14.900244,-21.446983,-9.3521185,-14.093069,-10.384134
-152.66812,154.12698,-84.06128,30.32277,-16.176746,24.861763,6.2250643,8.012315,-29.290627,-18.32362,3.839563,-8.509851,-20.440907,-8.200954,-9.7288685,-26.243784,-19.014317,-13.573368,-16.40607,-8.066027
-183.31015,146.92793,-91.27002,31.689903,-9.2033,18.22899,22.622658,8.423145,-38.976044,-27.379221,3.8712087,-3.2693365,-20.92614,-7.426722,-7.756443,-19.264702,-13.979403,-20.517254,-18.470196,-2.6072297
-201.36449,146.09625,-96.66487,29.279537,-9.876033,6.0627556,28.141235,4.302613,-34.51997,-18.245516,0.9682908,-3.1346269,-22.170269,-4.0693965,-1.5591333,-17.379593,-9.092265,-20.246315,-14.435053,3.8074367
-219.42188,154.68616,-85.23273,16.30518,-14.47667,-10.894117,22.461712,12.965213,-40.895214,-9.073266,2.2448754,-4.3893485,-15.018291,-9.396421,-3.5353327,-17.83308,-14.82078,-20.240734,-5.847025,-3.7152586
-241.94328,182.44028,-58.369083,9.979345,-10.026808,-16.132217,11.712479,-6.782196,-43.661446,-4.5666327,10.6513,7.6701283,3.090119,-3.5701833,-6.9875984,-15.519785,-21.730843,-8.254091,-4.60532,-21.806683
-288.067,164.8009,-58.92533,5.943612,7.8079643,-2.382871,22.186838,5.6844225,-28.777166,-9.477528,-0.38966966,-2.9247503,-8.502787,-2.2806394,-6.920207,-22.163933,-10.038712,-1.8218822,-6.850766,-5.8773546
-280.25464,164.7194,-61.48238,12.450386,13.697525,8.116333,31.9281,10.614725,-22.753956,-2.8456788,8.589495,0.15572739,-11.314312,1.3389246,0.8731448,-18.761745,-12.365385,-7.992305,-6.468852,-3.8045301
-242.70175,159.7265,-60.890427,22.452888,-4.9090962,2.506122,21.3794,3.7400231,-15.773022,-9.907156,-4.442862,4.052157,-13.664669,-4.914099,-11.171064,-15.344105,-6.017141,1.8706816,2.75764,-3.7973502
-173.18483,175.45334,-32.35691,48.339783,-11.880943,14.276659,0.120433986,8.713406,-21.969048,7.813642,10.191698,8.372785,-1.51144,-7.9794703,-13.553963,-21.772167,-6.1264143,-12.342524,3.547312,1.9968331
-143.47401,162.26285,-43.624786,51.052513,-28.037348,19.780258,0.6937456,19.664934,-19.166838,0.46134555,9.94204,-2.766427,-11.807411,-10.399304,-9.4424,-18.444187,-17.187094,-18.228527,3.9697158,7.8210516
-140.85065,136.44357,-55.46263,45.722965,-35.58715,31.455091,8.721565,22.24018,-20.411499,-8.136677,5.4958973,-8.257328,-25.137775,-1.0426337,-12.270629,-20.824188,-16.103546,-12.835366,4.5017333,4.3516374
-160.53987,143.02518,-75.58424,37.107292,-26.398518,17.490114,16.669636,21.080015,-25.287315,-4.1759906,2.3876166,-12.249073,-16.994879,-11.305773,-12.571693,-17.475134,-18.368526,-10.559089,10.63463,6.679221
-182.17462,151.64615,-85.025986,37.85167,-10.598049,10.113772,27.74458,11.178221,-25.400658,-1.6511385,3.1884508,-7.4061975,-24.716635,-5.9016466,-6.6951685,-24.908966,-15.307552,-6.499982,13.258249,11.523365
-192.59659,141.54697,-88.774506,38.936707,-8.189938,13.428572,28.691572,11.902713,-30.263363,-3.306581,10.819706,-4.723897,-19.041775,-4.1817427,-11.753398,-27.293764,-21.242134,-8.108011,20.920313,15.76643
-200.759,137.00726,-87.088974,41.24164,0.95051175,21.991776,27.714462,7.908789,-31.699636,-5.703573,12.021261,-6.4971266,-22.053066,-5.276431,-9.207625,-22.073036,-21.66595,-10.619978,25.062164,24.642773
-194.78017,143.8809,-86.52449,33.213306,4.4299016,15.668167,19.773401,11.702681,-25.073135,4.773017,7.7548847,-7.335265,-22.332935,1.5160486,-10.069775,-21.755249,-15.679853,-10.613352,23.703201,18.154047
-194.3299,148.83427,-84.018364,29.759504,4.5795465,10.007602,11.842218,10.043545,-24.957535,3.542827,4.9657993,-8.321747,-21.23996,4.9365253,-16.381119,-24.30999,-5.528557,-9.615263,22.61206,17.666216
-179.54077,160.31075,-75.43024,34.8602,-0.24786115,2.8604374,-7.2649755,-0.6627488,-14.2032385,5.712282,3.6677167,1.0439036,-15.55943,9.640665,-10.899057,-23.117226,-4.0236287,-10.101097,17.792933,18.578224
-135.07816,120.31154,-68.033005,52.905617,-34.94567,11.825081,-32.258003,-0.81731665,-19.103561,14.419264,7.488194,-1.9647543,-2.94348,-4.0114183,-4.0180483,-21.735676,-9.908975,5.4066515,13.552848,21.46621
-81.17296,83.00496,-44.380386,65.09502,-48.231018,49.33857,-23.869808,17.826933,-13.66607,25.630604,-5.6237698,1.9934704,-6.1420507,4.416652,3.903131,-9.377582,-8.55472,6.002964,16.480358,15.961108
-96.729065,113.76083,-55.917976,64.75307,-36.48398,41.500275,-4.697855,18.321888,-15.176466,34.397198,-3.872888,-0.7114806,-7.112441,-0.8425195,20.049866,-8.048406,7.2187457,9.694559,16.511026,10.463196
-131.01848,122.60356,-58.471214,57.6519,-33.956535,29.076273,-2.353975,14.559416,-7.9680867,38.1875,8.247259,9.520149,2.1688352,-0.96420693,8.526451,-16.201372,11.813917,15.519257,25.35101,10.007144
-154.95158,136.42429,-62.88532,49.687637,-20.986364,19.919727,5.3283014,20.414644,-8.793493,27.229942,5.5977964,-0.33914793,-10.338304,0.032873392,6.763013,-16.402012,14.66212,11.583211,25.752916,9.369956
-168.72298,148.09888,-65.83472,43.991066,-11.432974,21.639423,17.590054,25.426094,-7.2507567,16.765263,13.565207,-4.6612864,-20.5489,5.765958,-3.837988,-11.595224,19.649235,5.8956685,30.470242,16.946438
-176.47185,150.10622,-66.86911,40.555492,-11.502304,19.440205,18.48051,22.566364,-10.246265,11.746323,17.001492,-2.0704029,-24.41062,4.232456,-5.766322,-13.152685,18.982471,7.216508,29.24588,23.34693
-189.06665,152.50479,-53.658905,44.818306,-16.815834,20.12479,22.187868,13.89357,-14.331241,12.904942,15.538498,5.9719534,-13.95639,2.3854282,-6.2623587,-16.302515,16.154766,6.5887012,23.924126,21.972034
-191.43495,149.92769,-50.021393,49.002796,-19.341127,15.318423,25.270126,8.662308,-15.007654,17.997763,8.569582,6.075444,-17.343653,3.3880818,-3.3948574,-20.308117,14.2333145,10.11603,30.239178,17.274885
-196.2811,145.61652,-57.116898,43.675278,-17.945045,17.248953,23.927425,14.472013,-11.151809,8.197949,9.741838,9.07456,-18.898998,0.68104154,-1.7777277,-14.577219,14.4438095,9.075771,27.394152,18.040417
-191.42369,153.51584,-61.762535,45.226192,-13.305617,11.867388,19.183723,7.7044487,-9.788149,14.600661,13.02664,6.0385203,-20.591864,-0.8179375,-2.9086187,-14.3540745,13.07615,8.847273,28.382832,20.136364
-175.96318,128.27884,-40.958347,42.38066,-29.97194,31.068293,3.9175262,22.812946,-18.085745,8.410779,23.534595,8.056447,-15.61051,0.9069909,-11.350155,-12.777662,9.790592,19.003761,30.342262,16.754448
-176.29745,118.14359,-41.65502,45.071236,-27.96793,32.28883,2.8847308,23.709267,-17.239334,4.0982904,13.451789,7.97372,-15.299127,8.977487,-1.4707928,-8.319193,6.3549104,15.443079,30.44523,20.914879
-190.66515,137.87093,-46.049065,44.64538,-18.983479,25.434053,9.150611,17.913925,-21.034996,1.9933159,13.592768,9.0113125,-5.953716,0.29168177,-2.254643,-8.108618,1.1501825,12.835991,26.550858,21.030502
-198.43013,160.34152,-57.698936,38.456726,-11.979885,13.955929,18.271774,13.803092,-13.289486,3.0985303,13.058029,4.1101336,-10.593996,-0.73363334,-0.5985741,-7.245161,1.6309286,13.690882,25.953178,24.577675
-204.95398,160.58255,-57.337097,41.686646,-7.020961,13.474273,21.484106,6.497143,-13.090311,0.5627549,16.48185,9.969851,-14.663907,6.0105267,-12.05262,-12.661752,5.2146645,11.962114,34.381657,22.072697
-214.18037,167.38887,-49.486435,42.24855,-7.524521,3.7679205,20.945541,9.173571,-9.122632,0.47718966,11.515411,9.445522,-16.159882,4.0968437,-11.6021,-8.979273,10.220053,18.26728,40.311245,14.535659
-252.7119,176.80566,-37.818672,36.71153,10.751683,11.907196,16.451912,3.2111375,-6.1122384,-2.427319,10.619691,3.7793157,-10.47982,5.7035165,-8.309901,-10.841297,6.2925773,11.38409,25.96186,18.453693
-264.80933,171.735,-40.164017,36.72785,21.171925,12.185392,18.38395,-0.4618194,-11.033871,5.295515,13.059986,13.7671385,0.1741476,11.184122,-3.6769552,-17.559769,-2.909764,-0.48899186,17.109009,21.771149
-261.00967,166.24554,-41.269203,44.597202,14.927782,10.926649,19.258366,-0.38831878,-4.7209616,6.0894537,16.046316,16.570873,-2.5371075,6.96247,-7.0163984,-17.016964,-2.47606,3.7838402,14.06703,14.260223
-219.1409,146.68304,-24.422428,52.51217,-4.575185,30.740704,-8.741528,16.627907,-10.644981,-0.8270031,15.652853,2.1342432,3.936326,-2.817371,-0.5822634,-5.844762,-4.509615,0.541626,6.55481,5.674532
-106.715485,103.04239,-13.343836,56.358627,-48.927834,52.987076,-22.571613,10.741192,-23.889032,-10.157476,-15.372092,14.945434,-15.261465,7.591555,0.7788838,-1.3590333,-2.7393203,3.070022,2.926856,0.93321276
-118.659454,134.90192,-44.824867,37.164154,-32.659996,46.171467,-35.020195,3.7600212,-17.731976,-5.5430083,0.38672453,-6.8980756,-13.836504,8.347504,12.376627,5.361004,-3.3378487,-1.8918171,5.53981,1.455083
-158.04893,144.03595,-70.35962,52.321507,-4.75944,18.55117,-23.17515,-0.32248843,-5.077314,-8.308545,-20.614977,-12.750628,-9.017828,-1.8542366,2.0927014,5.9582376,13.3494835,1.110171,7.154276,0.2377755
-170.44011,141.51663,-83.221634,54.277725,-6.4548526,-2.5384343,-12.914474,-3.685253,-0.0033559501,-10.10504,-29.833912,-7.456278,-21.351469,-6.689428,-2.6664867,5.2767653,18.665253,0.021499991,9.765509,-4.0097384
-182.23265,144.93611,-85.540215,50.423866,-14.7647705,-12.401501,-5.869291,-11.246831,1.2958212,-6.742477,-31.17011,-9.571298,-21.146824,-0.8641634,-6.366725,-1.2695758,13.327082,-2.927062,15.066827,0.94282377
-198.04842,140.78717,-87.59412,53.737106,-6.1946874,-17.395336,-8.176607,-12.62797,-0.053017735,-2.741955,-28.51383,-12.184113,-22.218426,-2.7404196,-4.241418,2.8963785,18.47393,-5.2051334,11.779724,0.23305917
-201.51309,133.85791,-89.034546,47.71311,-7.4257383,-16.552969,-9.364805,-8.144436,-5.812089,-3.1053715,-29.96996,-17.460644,-24.23909,-9.485437,-10.3300495,9.181557,20.735806,-6.2219,5.195342,-11.344259
-200.3627,143.28189,-84.76045,46.051456,-8.585197,-16.721367,1.2803713,-1.0178735,-6.5649695,1.7914178,-22.741558,-20.113905,-23.932903,-2.240954,-8.196075,9.308273,20.52444,-2.5345109,9.830988,-12.881371
-196.06706,157.73305,-83.881744,44.859173,-1.0712345,-17.79256,2.8017974,-5.3480444,-14.341976,4.1894975,-22.10575,-17.972511,-12.234211,1.0624126,-4.5270023,6.0788426,14.6311245,3.97609,8.602127,-10.63055
-218.11183,155.59909,-74.93671,49.91041,6.625289,-24.23027,2.80757,-6.8342814,-22.591541,3.5022025,-7.275111,-12.764,-18.633667,2.2684278,-4.469528,-2.4815893,9.2993145,5.410193,12.661524,-3.4016113
-215.65034,146.72647,-75.03909,47.61078,-5.751869,-23.169155,-6.4042315,-9.5537405,-25.407951,-8.668907,-6.3502955,-19.713968,-24.818205,5.763109,-0.83249116,-4.1483226,4.8374877,3.1655908,2.8339243,-5.2942095
-130.8665,128.99829,-71.488464,54.349457,-19.929195,9.965468,-35.652435,8.846352,-20.697388,-1.7606106,-5.9211693,-17.957972,-9.80027,18.486649,20.998913,5.227463,8.493534,-5.895425,-3.6372466,-19.981419
-125.897804,121.761566,-63.10256,54.800713,-14.149231,34.41703,-19.102127,23.06273,-0.8404554,2.8846402,-9.940693,-8.515499,-7.764946,22.29473,16.15623,9.484365,11.68107,-0.68098074,-7.818416,-21.51911
-156.28714,125.35464,-75.50899,54.02341,-16.077637,21.548164,-4.2594066,14.07081,10.451823,3.3940709,-18.407602,-11.784874,-11.263447,15.2217045,14.399488,15.317004,7.925581,-2.0370653,-14.116322,-27.038418
-175.2309,122.80904,-66.47676,61.28317,-8.896414,16.334698,-6.290491,9.7757435,7.300327,5.341855,-21.758461,-14.48829,-11.846991,21.73432,10.827281,9.7064905,1.9246707,-10.674002,-9.705238,-22.799168
-187.48836,126.193344,-61.217243,64.58937,-8.461952,3.8995404,-5.781396,0.65180755,2.1678028,3.4448023,-24.650753,-8.048356,-14.661818,21.542377,11.621728,6.35406,2.7905831,-13.119248,-10.552492,-17.18082
-189.27141,145.0371,-63.27929,56.12036,1.0580618,2.8301039,-5.8454857,-8.68274,3.3013263,0.42682475,-25.920797,-3.991878,-17.0532,21.906914,13.70741,5.7299876,10.623146,-2.5300853,-13.329302,-13.987061
-230.69981,165.41379,-56.32828,44.509167,15.784617,10.318633,7.021153,-3.836782,-1.7075505,-4.7772555,-21.25468,-13.0162525,-13.35203,16.704008,10.549767,3.7571197,10.417002,-2.887632,-4.077184,-16.24874
-250.42313,162.87392,-53.800606,40.75079,17.11441,9.313412,10.911574,2.622337,3.4620888,-1.9516008,-15.984224,-13.440195,-17.07484,0.15345636,1.21718,-2.7196078,4.1362195,0.48994344,-2.631494,-9.193766
-236.0493,159.6989,-52.89759,43.38832,8.801726,7.3594913,-0.48565912,6.121435,10.655042,2.4531498,-13.226165,-21.362455,-15.772814,-1.5729004,3.7207625,3.6555972,3.0460386,0.58713,-7.7584724,-3.8216305
-159.08894,103.32198,-42.023453,51.593147,-36.813652,45.26732,-31.723286,19.618778,3.0404153,0.75812566,-4.2420588,-13.329522,-1.2592578,-7.0932045,-10.955506,-1.3735561,2.2294416,8.023001,-3.2204437,-3.0675147
-84.93336,83.381905,-39.38833,71.138435,-56.160088,44.280563,-12.223987,15.511297,-18.25682,23.305695,-16.490835,10.215124,4.2637653,1.0048653,0.677416,-3.9475074,-0.217942,-2.3940072,4.4242477,0.32346785
-80.347466,100.45346,-64.30784,73.856384,-34.578743,27.080795,-32.92576,5.771091,-12.1196575,16.257843,-14.985275,14.9041195,8.149984,9.846854,20.00577,-9.481384,-3.701748,-13.103325,-21.602303,-12.700709
-130.21133,89.93553,-65.86989,77.163536,-22.078835,27.883873,-22.741337,18.344736,-0.76324254,-0.11083269,-23.848366,11.273119,-0.7150339,12.427059,17.859444,-3.1343255,6.285022,-16.531284,-18.91148,-20.42094
-154.93883,106.76213,-58.374172,79.17265,-9.060477,9.759653,-23.914902,24.447235,8.251151,-6.6042013,-17.089594,9.293814,-0.53197336,15.462245,7.541522,2.632771,10.474264,-17.80847,-21.428009,-18.005838
-177.1881,114.64748,-54.25557,79.53565,-7.9722967,-5.025648,-19.125544,34.095734,14.101886,-17.27805,-19.631893,6.618648,9.875076,21.961773,-9.20464,-0.85423726,13.452113,-9.231467,-17.813633,-28.210838
-200.76897,108.199295,-58.901134,91.886826,12.801453,-6.24265,-22.906212,27.208273,8.906041,-16.097334,-16.533836,6.536214,10.451991,20.49654,-6.306265,-0.3425241,12.740347,-16.948074,-20.775528,-26.365845
-202.15204,111.44516,-67.71704,86.47362,15.280703,-1.6673405,-21.562073,19.658575,9.879369,-13.864847,-11.923818,0.05259496,-1.3720324,16.307556,-2.2199867,3.0960732,4.9721355,-21.160633,-22.414272,-19.130737
-200.94609,113.559525,-71.14351,77.00452,11.4637375,-1.9556696,-13.522909,11.86885,3.3854797,-6.78084,-19.894276,1.6489519,2.49886,17.91631,5.858552,12.08043,3.3354206,-22.044256,-19.440233,-19.554798
-196.88914,125.77774,-78.39307,69.80075,7.4590826,-3.3188703,-9.709711,9.1432085,1.6210089,-10.139706,-19.558985,6.5344076,5.6964245,15.618849,12.10158,19.009645,8.10254,-24.62723,-17.547222,-17.719631
-196.61061,126.63363,-78.266556,67.484024,13.124092,-1.3427472,-8.071772,9.474621,0.64288193,-9.6457615,-19.608967,10.137793,3.5853078,16.059162,10.283222,15.557164,1.7870457,-27.845135,-15.387733,-12.901886
-171.45285,131.73468,-73.60374,61.235767,-6.957489,9.525703,-18.793516,10.096572,-0.7482169,-17.878778,-14.658279,3.4286964,7.5626407,16.095467,7.1906805,12.268055,0.3786004,-22.108109,-9.707377,-15.307154
-125.44704,141.94577,-53.605988,59.93518,-20.847647,23.594198,-21.958866,11.417917,-8.514332,-21.412277,-19.559734,-2.5751653,-6.1676707,5.90658,-4.388494,9.842064,-8.892113,-19.458887,-2.1659005,-13.381338
-178.65105,121.50412,-67.80993,60.29676,-3.2483358,14.594603,-18.186611,17.571777,5.4440145,-10.653291,-14.056654,-0.14507645,1.1596386,10.550293,2.5869808,14.684391,-10.104094,-34.167633,-16.39595,-24.085777
-206.5571,128.29498,-68.88481,58.586628,3.5465405,1.2019956,-15.331013,10.948789,6.688716,-6.3007708,-11.231159,4.826174,8.732082,16.72839,4.802352,13.678831,-7.946192,-27.451525,-13.643407,-17.21846
-215.73569,134.5594,-71.117455,51.90291,7.016712,-5.0563583,-17.97572,12.770088,4.8007812,-8.5124035,-9.425625,0.89994866,1.6078086,12.66,8.17833,16.961342,-3.9408154,-24.836676,-15.928294,-18.333878
-214.15128,134.71736,-75.65343,54.130806,16.129738,-4.116871,-16.919838,12.518988,5.222341,-4.333929,-7.1678495,1.3406513,3.0280323,17.200459,7.3513947,14.422714,-1.1181308,-24.564432,-17.447956,-17.844517
-228.01984,141.45496,-72.850945,50.272285,26.427116,1.2889037,-16.755344,-2.223535,4.825141,-5.4245405,-11.258518,1.1646664,2.2988646,28.998789,12.139561,14.347683,-5.8830285,-26.556572,-9.541752,-10.807695
-244.74763,162.00052,-58.907913,37.229774,19.385313,8.30323,-7.288104,-12.745996,-8.117781,-17.81968,-9.223734,2.782205,2.3424106,22.956108,14.147051,23.731525,7.390096,-16.668373,-12.965086,-11.092007
-280.2389,143.19717,-59.584633,48.343758,27.469193,-2.2602239,6.167702,12.187104,15.953306,1.0306723,-3.784029,8.576248,-1.3029861,10.424499,6.2782745,9.134556,7.7907896,-10.125093,-5.395902,-9.127365
-244.21965,120.662796,-49.733223,51.802673,8.135217,19.09166,-23.433758,25.70134,1.2480329,-3.2756402,9.985959,-2.9047701,21.964298,6.834248,10.50795,9.694626,-5.5847864,-4.4143286,-3.75311,-5.8205094
-154.33284,115.036514,-29.133377,68.09619,-15.217516,40.51456,-23.987755,16.79253,-9.723038,-7.1763372,-15.921419,-6.3077245,-1.9475399,-1.0950067,-3.3281884,-2.3642478,-14.847468,-15.604854,-10.335169,-1.7236981
-94.40655,131.21567,-28.278423,51.501404,-30.86567,53.18947,-23.22157,26.81012,-15.040272,-7.5485077,-7.2392077,3.2518346,-2.69989,0.44623524,-2.6056528,6.7241435,-6.181504,-15.643169,-23.845634,-11.983864
-149.54582,136.82236,-51.8096,54.58017,-15.81936,44.641617,-1.0397596,28.52687,-1.0268979,-16.781696,-7.418407,-6.017848,-2.4274006,11.68384,8.077189,8.87761,2.4454737,-15.145371,-32.163563,-23.385744
-197.55205,124.97409,-51.895683,59.4862,-13.69117,37.657394,17.131298,21.88549,1.6698873,-20.226166,-3.0588417,2.0970092,-9.564838,19.438059,6.959572,7.7379856,9.896268,-12.81512,-31.796864,-27.594547
-235.00117,122.833916,-47.884098,62.258797,-11.866444,24.504238,27.338467,21.096827,6.4607587,-22.091942,-9.113138,8.017033,0.72569895,25.271994,2.8333392,17.890072,28.69229,-7.697408,-28.002449,-32.781868
-265.18137,142.14632,-46.72697,47.215137,13.554289,17.271095,9.708571,17.19403,18.364452,-13.9264965,-1.6835908,8.554939,2.7622473,26.48087,6.4169464,16.921425,13.065233,-13.334517,-16.234348,-15.654682
-274.20352,154.54155,-42.059303,42.821827,22.4127,10.325937,5.618661,12.994479,5.1115565,-8.039377,1.4933028,1.4962102,-1.6675198,22.134247,16.110512,16.463676,15.17332,-10.251572,-12.035984,-8.425103
-268.50443,157.27293,-46.300957,46.09089,29.265512,7.5574026,-1.958973,7.6576796,8.393515,-10.364124,-4.258243,7.236307,6.759903,23.318897,9.512092,13.704163,15.205111,-7.6963954,-9.716028,-6.789675
-275.6636,159.56265,-40.736916,47.111095,31.119602,10.248104,2.70316,1.9245179,1.4385836,-12.308644,-4.3835773,4.135438,-2.2512712,21.280369,15.091355,20.431942,18.66589,-9.865399,-9.852827,-2.8877013
-286.3178,148.535,-43.784313,41.771244,25.240782,13.521156,12.069599,12.732672,11.675534,-7.735079,1.154078,13.016899,2.5738187,24.08629,7.277606,13.90921,22.489033,-13.693605,-15.782371,-1.4135841
-219.50645,156.65067,-30.635225,61.85779,6.375762,30.63264,-6.5221844,3.153057,-6.9988894,-21.817593,-6.002001,-2.7866094,5.7374816,4.225893,0.6653189,2.62129,0.018396407,-12.7627735,-14.47926,-4.8424244
-162.22763,135.83846,-55.405212,48.29879,-12.832991,50.733322,4.528626,10.410814,-23.75934,1.3175552,18.081383,-1.0610178,-1.3003739,0.028468177,-3.8689868,-1.6739624,-4.697918,-17.180988,-9.506669,-5.157669
-166.37794,140.2907,-53.58255,48.496754,-23.811451,32.955673,15.449625,18.012344,-8.763403,1.847572,7.2013927,-3.452464,-13.303091,6.0092564,9.397289,16.866028,12.927809,0.47368968,5.0482354,-10.386431
-155.8145,136.79062,-81.2149,47.842064,-19.95847,29.483696,22.166296,17.662813,-18.772017,-5.6816335,14.725447,-7.6105356,-22.571,3.0590324,16.423903,21.791296,20.920584,19.238537,13.814363,-19.211813
-190.0771,131.20581,-93.16035,42.52947,-9.263691,30.008066,26.102512,11.093029,-10.318261,-5.1095304,11.870314,-6.7526016,-22.867092,1.8791758,15.948122,16.259323,24.535057,23.810162,11.33453,-16.78166
-203.1006,127.64165,-98.00266,41.498344,-4.902544,24.880861,28.089336,14.986664,-11.193743,-10.760539,2.6218102,-4.554545,-6.138145,13.434973,22.320671,23.626461,25.732079,13.070276,-0.29145336,-16.345596
-220.18198,123.117096,-97.69385,33.051796,-7.9648542,21.532295,30.2711,15.243803,-11.288182,-2.6417036,12.401346,0.6386915,-1.7614782,14.127819,22.033945,26.322437,26.108685,14.11694,-5.307947,-23.931992
-221.4989,124.995995,-93.449265,26.809841,-18.250233,7.767042,22.608429,10.292278,-14.826761,-5.848074,10.8064575,8.263475,-4.1753874,17.103977,22.795015,28.112698,30.519999,14.635206,-5.9741917,-24.424818
-215.3481,136.54602,-86.860855,25.712662,-26.127182,-5.140895,19.492605,11.84683,-6.1638193,0.23048955,8.533144,8.079415,-4.507,15.780632,15.071564,26.844374,34.13875,19.49959,0.23092413,-20.3
-225.06767,152.21964,-76.57438,25.048073,-23.895641,-13.685471,14.232929,10.900268,-1.4485269,-7.5623913,4.1789804,4.017309,-6.079091,15.817948,2.8517146,15.739826,28.485298,17.85004,7.1508493,-14.3923855
-182.96124,135.89146,-44.460396,33.61561,-40.34024,24.226562,-15.918634,23.499126,-13.843302,-3.79488,16.61532,-1.7348803,3.7000482,-3.2975788,7.5745564,4.061525,13.435865,10.830242,6.371546,4.5739183
-106.359924,91.299164,-31.482239,58.455544,-64.76957,48.02809,-6.0010643,25.191378,-10.681025,16.31078,-6.5762405,8.104563,4.465666,9.050139,6.506209,9.730841,8.696843,-1.5483423,9.079906,9.259324
-106.792244,91.75195,-28.987345,66.40444,-67.095245,38.713017,8.837189,20.201086,-15.99288,24.952223,-17.217281,14.104883,3.628188,0.19586796,4.527172,2.6319916,9.549376,-1.8150676,11.450899,12.266325
-125.57276,105.47998,-29.794876,72.13928,-62.652733,29.76625,18.670311,27.943666,-16.70156,16.996183,-8.567093,21.782703,3.5920553,-8.310639,-4.175175,-15.13552,13.318665,6.9173875,21.877533,14.404434
-149.84306,113.78024,-45.563786,55.510254,-57.476803,17.629328,8.779862,27.673054,-18.184834,16.383732,-0.23821092,16.595892,6.4580436,-10.279057,6.23634,-4.6873837,25.953335,8.728106,19.58657,15.182286
-166.8361,124.55098,-53.20681,46.143776,-45.866688,17.67671,13.703216,27.369282,-10.01515,21.095665,6.129077,12.465207,1.129351,-11.082018,-1.2747927,-8.363174,33.357666,17.797821,17.727716,13.128559
-179.2522,132.42471,-49.017776,49.88289,-38.245335,12.743687,15.714196,22.3457,-6.953267,19.48531,13.30089,15.546523,-5.044241,-5.3390107,-8.012687,-10.467158,25.693142,16.42943,28.38281,16.180824
-191.72119,133.0615,-62.356533,40.282234,-30.04987,10.997928,18.839016,12.435762,-9.648088,14.611617,8.15679,11.769966,-15.829519,-11.66247,-14.208401,-4.6711197,26.74215,20.538666,25.691946,14.146637
-195.38766,140.53342,-59.274765,43.265167,-26.32219,10.270685,25.837275,21.351017,-4.7156434,10.391649,2.2111897,7.492256,-16.042995,-3.524469,-5.352458,-2.8294404,29.017593,17.914192,27.78818,14.552848
-193.54167,156.46732,-59.650047,39.690033,-23.976452,4.8570194,22.556767,14.188684,-7.773526,4.1143007,6.424454,16.580135,-4.6435175,7.7758293,-4.90639,-8.806261,23.568933,11.766994,18.435062,12.792428
-183.95029,157.42792,-65.34186,41.49984,-30.610691,-5.4771967,15.507268,7.1808653,2.9573975,7.1063676,3.553675,16.273355,-6.9252176,8.371929,-7.483348,-5.819461,19.23479,10.271091,12.581425,11.308374
-177.77504,136.5416,-40.03181,35.853157,-47.94658,17.959503,2.4986596,20.283878,-12.624212,3.1084933,13.932042,11.55691,-6.1019735,-2.5952358,-6.1575108,-5.9309444,8.691208,17.67469,14.2109995,2.2039855
-168.61366,120.73488,-34.19667,37.21702,-47.88192,29.299334,-2.80943,21.761795,-13.625307,1.5370178,18.177841,18.115318,-7.5038905,1.4625835,-8.250479,0.9536426,11.917581,22.176058,19.216831,4.6943793
-175.94789,137.24396,-45.4274,36.608795,-42.226906,18.552162,0.21568385,22.589191,-6.6238823,-0.09689307,13.313008,14.657374,-5.3742065,-4.4188633,-7.0600066,-6.7916346,9.05216,20.573841,18.004257,7.7531147
-183.4822,151.2656,-60.754486,36.866203,-32.772156,13.226041,13.284683,5.685294,-0.21199656,7.9350543,10.624187,14.99004,-7.1586013,-3.1298723,-6.5447407,-8.620296,7.640565,20.98579,18.152582,10.757852
-195.73776,157.77817,-62.498585,32.40412,-28.827675,5.392029,20.567495,11.538183,-1.9960766,12.008011,6.473377,17.99091,-6.6274695,-10.179201,-3.239245,-14.84421,1.4546589,18.97237,18.239723,7.994336
-199.43324,162.62125,-65.89659,24.111782,-32.185688,-0.06303525,32.74745,14.719877,-5.280514,18.133564,6.7238317,21.729923,-11.761352,-17.860676,-4.4103994,-15.715577,4.5995817,17.325176,20.55052,5.718294
-200.56403,153.83447,-68.474075,31.357578,-19.664871,12.231844,29.087662,10.314962,-1.7901943,18.355843,10.072556,17.220135,-14.60943,-11.486511,-10.294391,-16.319191,4.9863567,7.12313,24.741886,19.30209
-200.12779,152.67642,-68.77269,34.825966,-20.464373,3.344225,22.928984,6.5143228,-9.768249,17.708685,13.130957,22.14978,-13.961502,-3.9118114,3.723155,-12.552774,8.683645,-1.6763365,22.828403,20.848045
-198.48264,148.1557,-69.63643,32.225967,-17.48007,0.0033646422,7.9366727,6.1935983,-14.412579,15.276266,14.747759,21.573853,-12.232985,-7.495185,0.18008935,-24.033987,-2.0443728,-3.4774063,17.725334,27.670313
-203.24667,142.58694,-71.875916,31.726347,-19.180313,-4.807904,7.341068,9.074881,-14.674765,10.37522,6.0988503,12.731848,-18.895876,-12.522276,-12.33448,-34.07552,-0.66119576,-3.6437101,14.761816,30.939987
-137.66635,115.799225,-48.836853,47.33383,-41.17993,22.349653,-20.629082,27.810421,-14.71216,-0.50608057,11.187603,-2.3169482,-13.015913,-5.8247213,-20.853027,-8.820393,4.6405883,5.7944527,9.380823,10.294154
-110.538,122.21709,-38.91124,45.2015,-48.66941,22.563799,-27.501244,15.93775,-37.798653,-7.880229,-2.2698662,-7.0966816,-6.48425,-3.753154,-16.880814,-6.911113,-4.7615337,5.558793,6.372528,-1.8854183
-179.55936,143.15346,-44.52159,49.292465,-25.997578,6.12945,-21.55075,11.467194,-27.797993,-19.016195,-1.7866743,-12.409958,-12.704826,-9.458774,-9.092718,-18.013689,-5.9514713,-4.6320744,-3.059671,-1.2802181
-200.23616,147.17111,-57.700363,46.285233,-14.523977,-5.330426,-12.631977,1.1878418,-24.707802,-7.21109,-5.769827,-7.5265136,-10.057397,-20.810139,-15.461575,-17.490427,-0.58745813,-1.8529391,-4.008265,2.6748052
-189.10732,136.36172,-62.471916,61.853767,-12.326784,-6.3142576,-10.38035,2.329628,-22.43724,-9.999831,-17.221169,7.713751,-3.4552417,-36.117966,-13.81048,-17.02787,-9.151543,4.0889,10.81106,11.511999
-184.07568,124.809525,-76.42528,75.86392,-14.6292095,-17.357384,-7.4580154,1.2950552,-22.875881,-15.289417,-17.443382,15.163607,-8.061682,-42.741417,-7.2948685,-11.942898,-2.3737895,10.265751,10.406234,9.792135
-183.16422,125.91815,-71.54455,83.02155,-21.740532,-23.8807,-10.180787,-5.4721937,-20.552101,-18.849953,-22.653095,13.9407215,-5.0380306,-32.993904,-10.470585,-16.17892,-2.0863452,12.993849,22.545631,10.722265
-201.68622,121.273125,-69.61087,87.37685,-17.368505,-27.25549,-7.0804877,-7.503703,-23.485989,-14.177845,-20.69079,9.242748,-9.340027,-34.540546,-1.1098331,-4.3225393,-0.15318775,8.942399,23.100262,9.232284
-215.8711,119.69994,-71.893524,79.10769,-15.850698,-27.788631,2.5589485,-3.3450058,-32.56317,-18.949415,-30.43713,17.20074,-6.323317,-49.90825,-3.800175,-12.975792,-1.5094038,10.1826515,23.8861,10.364722
-225.9128,112.75862,-67.85037,83.0668,-18.610027,-31.730976,3.2791047,-3.043095,-35.932,-21.021788,-26.94021,24.572454,4.6387763,-41.47366,1.2561576,-6.958842,3.164957,5.8252554,17.76435,10.385509
-216.31801,111.44083,-62.744293,79.01065,-27.84753,-24.268326,4.4755726,3.0932784,-26.56765,-16.938633,-20.940964,23.881577,-2.3442092,-38.66339,-0.85347104,-3.4640229,5.2501516,0.35831332,21.273228,15.261721
-186.25975,96.413666,-52.619267,80.61961,-27.81077,6.837622,-12.493181,8.598792,-13.365541,-2.6045797,-8.74149,13.298136,-10.3072605,-29.272427,-2.5446208,-3.1790285,-4.508248,4.140237,22.393364,5.9310875
-151.33983,95.75214,-49.174118,77.13826,-16.469696,29.864893,-5.0048637,20.00153,-11.328456,7.2923136,-8.870087,12.40659,-13.102205,-21.776003,-17.791538,-3.847484,1.2011296,8.646425,27.048618,5.8100166
-192.20741,124.98323,-61.342606,74.87186,-12.715243,11.864112,17.43417,18.358498,-8.417298,0.05811882,-13.675746,2.5237882,-7.7340984,-35.486076,-11.107222,-10.607713,-4.032962,6.4490604,23.826923,7.7534413
-208.70663,140.57074,-57.386024,63.012695,-12.961826,-8.990146,13.921408,16.28049,-15.952812,1.2329329,-10.901457,4.4530735,-4.8948,-27.152601,-5.532827,-9.626466,-8.991348,-6.485966,17.007202,-0.21115148
-222.3296,145.36264,-48.631447,66.11984,-4.8915315,-15.2606535,13.112398,16.70205,-21.044647,-2.0266843,-11.904823,8.403593,-2.745506,-25.651875,-6.2836695,-13.367675,-4.660137,-1.7233547,18.741308,-0.6000088
-222.40158,160.05579,-44.179916,57.302322,-3.2279165,-16.405912,7.9025245,15.643291,-14.314083,2.8897305,-5.9882026,9.438433,-11.511812,-34.62079,-12.722151,-16.464113,-4.024842,-3.498804,8.282074,1.6605198
-244.62543,154.2739,-40.263214,61.43194,11.539829,-8.237432,11.900996,17.173267,-11.505121,-1.1173396,-13.413773,11.071139,-9.961487,-37.135952,-8.270729,-16.737247,-5.582755,3.6768696,17.010672,4.3545046
-260.6072,156.18178,-34.37243,57.010887,10.816807,-10.182676,12.722773,12.683361,-3.098427,1.2582849,-13.850811,9.013854,-16.862436,-34.595573,-12.737488,-15.346563,-10.750925,-0.2644255,16.979584,1.2216797
-259.90558,156.94945,-37.957687,52.091774,11.812733,-4.6609116,15.346565,9.4836235,-9.543007,1.0157924,-9.989315,12.752721,-7.803383,-31.876448,-15.10632,-16.327461,-9.369638,-1.222241,7.0895348,-3.2233057
-236.7894,142.69722,-37.573647,50.354183,1.271963,17.509094,-6.038624,18.731121,-2.0569553,-4.2393007,0.07124698,-5.1915627,-2.0801916,-26.13445,-12.020393,2.1285322,-11.245806,2.4080117,10.623868,-4.144026
-108.66046,115.283745,-49.019073,46.306274,-41.451897,38.78712,-12.20337,26.523537,-15.989105,3.4951806,5.873207,8.162532,-9.95834,4.6889977,4.7753353,-5.6324716,-8.910713,-1.9951618,-2.5812554,-2.4315934
-108.963585,67.789566,-30.492882,82.3262,-56.51107,42.052284,-3.832211,19.778347,-21.709438,14.59273,-19.786602,13.575951,-2.818346,-8.84601,-1.5150087,-13.34833,-7.771105,-6.3385277,-0.7460274,7.9437256
-142.56725,76.07175,-26.788437,87.715164,-46.933647,34.015846,-2.8548927,18.271992,-19.7184,13.62183,-20.59381,19.20414,-1.9890087,-21.57173,-0.58886695,-22.08284,-10.251303,-16.962463,2.1059072,11.697119
-173.06607,93.29756,-27.639503,85.31123,-37.482986,31.669516,-5.9246483,12.477627,-16.796839,8.586156,-14.595749,10.188387,2.0168366,-21.00716,-5.27555,-25.696577,-4.1540933,-14.916169,5.3977623,7.6108017
-196.98396,110.4297,-33.38588,75.992584,-19.719948,20.705969,-3.7072299,12.084091,-8.448487,6.9309983,-12.657654,11.100533,-7.221725,-19.637608,-0.9014186,-30.75879,-5.4861283,0.6239935,7.83329,9.324239
-219.2092,132.61462,-32.733337,64.71858,-15.099882,9.94944,2.4991496,18.053448,-1.8523299,4.0166144,-5.4412932,10.789625,-8.1251335,-17.38536,1.9724382,-22.847359,0.12643534,-3.1800723,-2.5119052,3.0658731
-238.69528,131.97168,-40.66031,61.564575,-4.943288,9.814001,9.279968,11.218395,-6.686635,1.2654542,-0.47699738,6.261383,-10.93653,-14.011185,0.31821036,-14.04529,3.7089252,1.7030832,-6.4442253,-6.028811
-242.86302,127.17784,-43.831978,64.43323,3.9262352,18.081692,16.101807,11.800367,-3.865512,-1.0728061,-5.99919,8.62014,-10.371551,-8.092424,4.585024,-15.627632,-3.398593,-0.5191839,-0.16834533,1.8962548
-239.6021,125.80759,-47.719387,58.86913,-1.62305,12.678963,10.766798,11.915817,-4.0294137,-1.524158,-8.327707,6.1240373,-8.8236,-10.363555,-2.0537267,-21.897978,-8.158268,-1.9261837,-3.8333092,-1.3115393
-244.36214,138.37979,-43.89875,52.736423,1.1619327,10.642501,10.041672,9.176041,2.4168544,2.2729716,-2.9716616,5.435876,-13.207405,-13.99515,-7.6207037,-16.10208,-10.749187,-2.53197,-1.0518831,-0.68260956
-227.71056,149.70847,-49.209785,49.807594,-5.5787764,5.028034,1.7868117,7.986024,1.8884566,4.821229,5.869766,2.0270667,-4.420748,-3.6642723,-3.066479,-7.9707994,-6.9249372,-3.1683078,-0.27603662,-4.5575323
-127.64111,130.04034,-37.18782,60.906803,-44.404327,34.55171,-6.0259485,0.29131064,-30.573467,-8.902601,-10.438404,-9.659184,1.51718,8.024522,-2.168899,-4.161136,-12.760466,-2.8195095,-0.5294702,-7.7799735
-176.38974,112.367004,-20.611185,56.25162,-29.774216,36.659164,-14.84486,13.2505665,-18.888012,-9.388103,0.07050886,7.9175444,-17.36443,-1.2003763,-2.4345913,-9.926579,-7.7101574,-5.5156126,-2.951665,-5.1574945
-237.70479,135.43501,-30.715797,58.231194,-4.2929115,15.900176,-9.40432,6.8317456,-14.953962,-6.087105,4.9842176,1.0211133,1.4788853,-4.088899,-3.1105633,-13.10672,-14.241966,-1.6745155,1.9803785,-1.2439994
-259.5716,148.22076,-34.553352,52.354073,9.137762,2.9589798,-3.8781853,16.758919,-10.835056,-3.2283802,5.1473722,-4.8887296,1.080772,-15.810441,-11.176135,-15.127138,-17.63276,4.3025618,-1.1428349,-3.3103821
-278.84583,153.58972,-31.100319,40.351257,9.952862,2.898616,4.0607653,10.994323,-10.23422,-4.035081,-4.7703476,-3.7142835,-7.527729,-20.400951,-10.811632,-10.063691,-12.451417,4.979315,-0.19955003,-6.5751905
-294.02307,157.01819,-28.236359,41.114094,21.406738,9.713524,13.585325,15.60206,-2.3967009,-2.2144947,-7.870531,-2.5940018,-5.788352,-18.046755,-6.1778703,-2.3802488,-3.2002602,6.9777956,0.83783877,-6.7357254
-295.88458,159.28317,-25.225111,41.47613,21.23906,5.360097,13.624783,16.800165,-3.1046524,-7.7956867,-7.0760937,-0.8504191,-8.911037,-13.93433,-9.835085,-7.6804256,-7.4686584,-1.835113,0.15762138,-0.9560312
-293.84775,160.87639,-25.877525,38.812298,20.870975,0.96856666,6.4917746,6.7287946,-6.307346,-6.5378647,-6.014845,2.3139687,-3.4677792,-9.018887,-13.193296,-8.035677,-7.3706794,2.378394,0.8932979,-3.9837918
-304.19705,148.05292,-24.35871,48.18686,27.642635,4.655678,-0.039405942,-5.6716022,-9.999155,-7.622072,-4.995399,8.279063,-7.335919,-4.7985735,-9.463295,-11.455025,-8.583968,-1.4750625,5.858218,7.0521793
-256.17557,130.36649,-16.793873,61.47646,1.837068,20.14904,-14.7171,10.673454,-15.995832,-21.230202,-14.102851,-15.430214,-4.2000837,-4.1009235,-0.07842541,-13.946733,-8.174285,-5.2766314,-2.6592164,-1.3746624
-131.64885,107.26011,-25.276367,70.92641,-31.302608,42.08425,-18.729591,18.086025,-9.354751,-1.7827885,-9.449787,4.605545,-9.006539,-2.1319907,-15.236893,-21.211216,-21.085358,-7.847197,5.0738287,5.3505845
-153.03244,158.86243,-35.1547,51.486534,-24.857334,13.635872,-15.6749115,15.066315,-19.097752,-10.002842,6.1680527,6.778193,-0.55309564,2.5036592,-8.071079,-19.92746,-18.043653,-17.919268,-15.056553,-19.557198
-171.08704,153.33444,-43.72682,56.772823,-22.421787,-2.7618375,9.258003,26.13453,-19.859974,-1.5297154,3.0986626,8.623624,-12.07686,-6.2717934,-11.227259,-17.186369,-10.083077,-18.78423,-7.044609,-27.701763
-182.93776,146.22745,-54.271103,54.64151,-17.511082,-0.6069563,26.161526,31.37128,-21.593811,2.9633946,3.0660417,4.954713,-21.089418,-5.750299,-5.2906284,-12.526651,2.094032,-11.410538,-7.9425697,-31.97397
-206.97488,154.9512,-47.256187,43.42502,-13.467831,-0.77578837,29.290539,19.072697,-28.036171,-2.3909922,7.0255656,13.975303,-24.799278,-2.4307594,0.795032,-14.838371,-5.3356028,-14.517025,-14.681042,-30.130814
-259.83472,182.0994,-27.705004,25.989101,1.3888729,-5.8439713,13.100902,13.688423,-20.035328,-9.576292,1.4483334,15.839104,-2.6542182,-5.2101784,-4.330172,-14.541256,-10.136414,-23.21862,-9.044849,-17.408577
-298.327,160.40465,-23.184837,34.240295,15.39732,3.6003332,16.7471,17.583714,-3.4170597,3.0019631,8.621397,9.369793,-8.487494,-3.36724,1.3893659,-8.067705,-12.706224,-8.14802,-5.3208547,-7.875559
-292.40125,158.28987,-28.254333,33.942596,12.789334,-4.0721517,14.945767,19.055973,-0.031516552,9.53889,6.77996,8.738438,-3.60358,0.2372435,1.5386387,-5.765083,-7.480391,-3.3966794,-5.7588615,-16.454893
-301.95096,153.41986,-23.384483,34.255768,7.0967054,0.17126761,19.264584,21.121958,-2.5171502,1.7490587,11.276943,13.291992,-5.125503,-7.829076,-5.582305,-0.9136529,-5.2324758,-7.3186746,-8.729328,-17.323269
-291.25967,151.5432,-28.516825,39.84919,7.61301,10.41798,15.468271,14.021429,0.5970874,-2.6522472,9.053034,4.648245,-9.470122,-5.430697,-3.154602,-3.5996366,-6.126338,-6.0551414,-6.758562,-11.654411
-194.34125,156.698,-32.93789,61.394806,-5.161297,20.353523,8.330588,4.559731,-12.579616,-1.8212597,1.9819245,-2.2342846,-8.301474,-2.3048964,-10.019843,-8.136753,-16.587627,-14.467325,-8.44229,3.3059719
-208.39165,150.24893,-27.414295,52.39702,-15.945641,38.42566,8.796133,17.526157,4.2732964,-13.126649,2.155309,-3.3579276,-15.589882,-2.9528155,-7.8485947,-16.220884,-12.554861,-11.949193,-6.1307244,-0.5643964
-129.98775,157.68164,-44.01271,27.087753,-49.337765,22.589624,-2.1076717,16.004753,-17.15393,-2.6291862,23.242035,6.4723015,-31.996569,-8.512352,-19.926132,-19.873955,-3.7948556,-7.051862,-3.9101694,3.0814912
-179.61868,149.9923,-64.650314,41.09188,-20.40541,20.981956,17.698265,10.0920315,-16.671165,-0.36301592,6.3465557,-7.1051693,-27.017067,-6.5982747,-3.9607158,-21.457735,-12.930013,-13.896076,-3.9245734,2.323367
-185.35545,142.19583,-73.198654,40.513218,-15.685068,22.683743,18.465826,2.0482657,-11.24519,8.147604,1.1734622,-4.6761193,-22.686296,-7.812644,-7.6382465,-16.774887,-15.29578,-23.860043,-2.0227213,6.937883
-192.62997,135.74573,-67.11964,48.46573,-18.823212,13.123259,11.315558,-2.1918712,0.80130696,12.929595,-2.3656125,-3.5916002,-31.446787,-6.271348,-8.468946,-20.004984,-12.661814,-21.241108,-9.107572,-3.026617
-218.98236,149.03285,-51.431866,48.063232,-6.864422,12.517523,2.8568769,-16.227757,-0.13465044,10.605061,0.45503497,-1.9943521,-23.531776,0.3081633,-14.944467,-22.985466,-11.262301,-13.401885,-3.9541967,-3.6213467
-251.20982,158.20912,-53.069412,45.43183,18.926365,11.779715,6.4698763,-13.992682,-7.1652517,8.325854,-0.81633884,-17.790413,-21.490952,1.2984875,-17.24622,-19.609413,-6.3468943,-13.462936,-2.008245,3.0355053
-258.65625,172.7348,-49.555546,45.740395,21.465868,5.652771,6.9929605,-12.671954,-9.19837,2.6873193,-8.460229,-15.448652,0.17697883,0.07486592,-13.887284,-17.418232,-3.2517977,-5.6880226,-4.496163,5.2863145
-145.53543,100.60901,-34.72744,69.133255,-38.03911,30.287193,-15.384025,-7.2414064,-17.828854,18.320642,-20.024567,3.2131147,-4.431963,0.115577936,-4.877034,-18.818819,-3.1100643,-14.128052,-3.0319493,8.27108
-118.893105,87.07651,-21.708733,80.10219,-54.63236,33.499508,-20.83276,7.8271284,-18.60376,27.037807,-18.448128,3.801198,1.3355565,-9.783819,-5.3515472,-16.27665,2.003968,-7.2683744,-4.821515,11.231561
-90.00195,106.94645,-28.463276,70.76796,-44.926273,42.33857,-24.921047,13.248773,-19.789848,16.304558,-14.354115,9.114716,1.3014647,-1.8590114,3.6749718,0.29455447,-0.8907474,-12.60079,-1.1091462,3.1312113
-139.89423,138.68085,-44.30385,61.240967,-26.63929,31.440212,-11.971809,6.7767587,-17.38387,9.72381,0.26281357,-3.9753416,-8.23405,-11.601925,-1.6801913,-15.172362,7.270852,2.101741,5.9815407,21.86091
-140.64432,147.92044,-59.394386,61.308014,-23.991901,21.443077,7.0224257,14.272228,-15.394192,10.234893,8.163657,-2.669143,-8.944679,-0.86466813,-0.31884336,-21.67631,5.841114,-5.423536,-11.917,16.450417
-163.89857,137.49628,-68.90974,61.18272,-8.139315,29.562256,19.354946,8.815458,-17.653267,7.2989845,7.1682673,2.89889,-15.072312,1.5691671,4.931876,-17.713037,1.8987122,-8.063432,-10.085872,17.462643
-172.23198,136.55249,-74.81235,49.305763,-11.159929,30.193771,19.725185,4.9296465,-23.333096,4.0812497,9.4080305,2.9769833,-14.709945,2.1492918,-3.7128549,-26.330963,3.0069144,-9.783707,-9.992685,18.193516
-181.70944,140.12149,-61.68922,53.57448,-12.253168,30.715982,28.684649,9.907519,-23.282814,1.5281559,7.9422235,7.495167,-10.325813,4.360635,-5.829567,-26.51512,6.018197,-8.5974045,-9.811279,18.843178
-189.79744,137.32092,-66.10217,55.333153,-6.8969827,28.824633,31.959362,8.889286,-30.1305,-5.7917695,-0.42819643,3.2205544,-8.360377,7.9989223,-4.3998976,-30.325836,8.871355,-6.0374107,-12.551064,14.893169
-202.46568,137.34523,-71.95232,49.606003,-2.5335789,22.367785,29.582565,9.478144,-31.061474,-10.093966,5.7917795,7.034349,-10.878063,4.6568213,-8.698584,-29.04974,8.731237,-1.2365186,-12.5639,14.093602
-205.06299,147.96948,-65.779434,44.962555,-6.2538466,19.22114,35.477287,9.9136095,-21.846027,-2.5438056,8.000281,11.757164,-13.629347,6.520238,-9.003347,-25.782616,9.00148,-4.936014,-12.956793,14.354258
-198.96515,147.83847,-54.32056,38.962524,-17.415,25.154804,17.359158,17.25122,-22.536686,-12.484549,20.702717,3.821818,-16.385147,0.71058524,-10.511993,-22.617748,3.178691,1.8769997,-20.963665,10.066463
-186.25172,124.09581,-40.199944,42.446766,-26.080217,35.313686,4.7769203,21.701786,-27.926586,-6.8837366,11.796209,-3.7176802,-21.845034,-2.2711992,-13.451443,-22.07434,6.5387244,2.4204967,-19.445595,9.451487
-189.73178,115.124725,-37.497593,54.614662,-27.434772,33.201134,8.074837,15.562391,-25.160557,-2.5010176,10.977768,-4.539062,-18.839594,5.1481485,-18.206688,-17.517735,8.738504,-4.0764246,-19.197733,3.2262974
-202.1069,129.33578,-44.027603,54.866024,-21.309086,25.514322,15.522055,13.192,-25.185402,-2.8155336,17.48687,-2.4396925,-17.263401,-0.8912325,-19.331017,-23.963207,1.1901295,-6.254842,-10.803896,7.71253
-214.04843,139.70993,-54.31607,47.74524,-14.738537,16.565998,35.0393,14.377127,-31.283768,-6.335392,13.322596,7.455368,-17.602726,-5.97797,-17.814512,-25.499258,1.6887194,-5.098851,-12.088224,14.91522
-223.11415,144.07657,-56.738434,48.329384,-10.080559,7.9741096,36.38138,14.872097,-25.627811,-5.790153,10.338788,11.731239,-17.52091,-9.915579,-22.418497,-27.492292,2.26407,-2.9213104,-14.094912,8.924967
-226.81079,145.7037,-57.991066,42.050632,-4.290675,8.152754,36.371986,12.976278,-30.032532,-1.321477,9.928211,8.92565,-16.901352,-5.02384,-20.577614,-20.296764,7.648464,-6.951612,-8.817252,9.163764
-238.6392,156.77672,-49.52324,35.252182,-7.4984846,3.7525768,37.45609,10.524741,-26.551262,7.184972,10.185618,6.251402,-15.755723,-9.175077,-27.494194,-17.86391,9.11409,-14.527332,3.3048027,16.111874
-268.77524,162.61212,-46.29315,32.847267,3.1229806,5.01611,37.90482,7.585788,-24.778297,9.485335,16.712093,-0.57212126,-20.733822,-12.612398,-20.928562,-22.94466,-0.98855174,-9.841927,3.9712265,10.660734
-267.82028,164.30566,-41.939823,30.746994,7.119561,14.628476,19.924875,4.5352592,-12.526833,-5.147808,10.023986,-1.4338777,-14.20073,-6.1519074,-16.672544,-21.206465,-0.17048393,1.4924014,-11.013865,5.632964
-152.20819,100.74551,-24.342422,48.545723,-46.27157,49.029377,-8.84272,12.543405,-28.158287,1.7257469,3.7562509,8.709581,-12.7509165,-4.8829794,-8.051727,-9.430154,0.002256453,1.3289438,-5.6608095,-0.87367845
-133.54788,117.46144,-32.467728,38.6422,-50.972755,36.83889,-24.747002,-2.724606,-44.105976,-13.766972,-4.262766,3.58427,-6.766889,-2.179434,-4.7165394,4.7683268,1.4261334,-5.495217,-4.2982507,-8.312852
-172.98366,132.89157,-62.771286,39.679764,-32.66977,2.2217784,-15.552554,-3.8723562,-41.383705,11.460012,-0.91616917,-11.56975,-8.954332,-24.145157,-10.206847,-15.983106,-13.983522,-11.910182,10.535645,5.689141
-175.70299,139.62097,-70.73816,35.93248,-24.05426,2.649136,-3.7598295,0.75392014,-32.71713,14.075441,-2.3396022,-9.141885,-19.017067,-21.487364,-15.923054,-24.08572,-8.654152,-8.653681,21.220314,4.670931
-170.89891,131.02527,-77.90307,31.25031,-30.8407,4.0927715,2.392713,4.0074425,-24.099741,14.350607,3.267463,-4.2527933,-23.030474,-13.472111,-25.206638,-10.774855,-2.3378868,-1.5886596,31.198595,1.0838125
-177.79536,119.13139,-86.10026,21.602528,-39.911938,6.6019177,2.548469,1.67326,-27.018272,9.775681,18.087662,-5.802951,-32.23835,-8.288851,-24.949762,-5.6611605,0.6296898,5.470706,36.033653,0.81316984
-194.45375,121.26834,-78.34645,19.933804,-41.257706,14.00061,12.860151,-2.6636956,-27.950504,7.2640333,19.359188,-6.3471365,-30.166693,-2.5871084,-25.247242,-8.483976,2.166558,8.488186,36.630005,5.392527
-201.96239,124.34221,-78.9536,25.167837,-33.435642,9.225122,11.873167,-2.2696724,-25.772308,9.153992,16.186926,-11.480539,-33.282322,-6.756826,-21.269073,-5.9692597,1.1263199,3.7394133,42.62168,10.458568
-205.3625,114.33104,-83.21759,32.020767,-25.053535,10.97694,8.743632,2.3861828,-18.472507,12.8434925,12.182681,-18.282112,-35.261986,-5.1255236,-18.840178,-4.3943396,10.102406,12.640871,45.0064,17.438221
-201.58208,114.37743,-91.8708,32.351017,-24.176748,4.7824306,2.139453,3.2702646,-11.574379,7.888724,9.724169,-9.350836,-32.19107,-8.183431,-18.534428,-3.5413826,14.6670265,17.541813,43.0672,9.093174
-198.84726,115.862564,-92.46274,32.982716,-26.771587,-10.950275,-2.872488,2.5551195,-13.086188,5.937355,-1.8208064,-8.620661,-33.531086,-13.062192,-11.810932,-3.1029413,17.801628,20.928814,33.478584,6.1262155
-201.31557,148.78546,-78.20329,32.62191,-10.5612755,1.726539,-0.029085241,0.99798965,-11.461786,2.3524911,2.868825,-4.7753925,-23.26244,-4.3912716,3.762997,6.2358418,20.682297,18.07348,19.173899,-8.92069
-166.49469,121.90665,-67.63643,32.916855,-22.308157,27.581017,-26.65654,7.2351174,-15.381115,-4.9225163,5.451662,-5.230291,-19.009977,2.8185143,11.59562,9.813267,27.92677,19.497105,3.561156,-10.970652
-161.5584,120.146355,-72.74979,38.216522,-11.392187,25.579376,-27.37286,11.669392,-11.722305,-6.5765734,7.707721,-7.216084,-21.831467,3.5029583,6.491703,14.733834,29.429823,16.992752,2.7054374,-7.687914
-185.89844,131.01459,-91.45616,36.37198,0.036846757,-1.7840853,-19.858181,4.4123898,-16.38414,2.0491145,-11.868186,-17.738207,-13.587187,14.674575,15.709265,17.384434,29.383856,6.8775043,6.2968135,-18.897812
-189.80228,135.02176,-87.566696,38.757812,3.2627888,-16.786722,-19.558187,4.1476116,-10.669725,12.775284,-7.997345,-4.392524,-18.628336,13.879152,15.533205,20.802464,31.603987,5.005589,13.504096,-16.843079
-196.85478,141.55484,-90.4854,23.012922,2.1167617,-18.631409,-24.145617,5.19406,-11.699549,7.53384,-6.1279774,-1.5420669,-11.205185,12.155783,5.9200387,15.148933,26.640034,-5.0067086,5.5682535,-13.7534
-215.13179,151.73221,-89.10211,16.718756,21.528458,-4.5058546,-29.544569,-4.0808945,-12.245268,-8.144709,-13.604105,-8.957949,-19.075687,5.0461173,1.6719053,8.0310545,25.612606,6.2448153,5.9833803,-15.559015
-263.68362,150.52278,-71.82143,19.79504,15.041987,-1.3604779,1.3645847,-5.096775,-16.171692,4.1093655,2.6937187,-2.9250383,-15.458387,-3.2028725,-0.9860164,7.9107447,21.23694,2.2908356,6.245536,-4.2897944
-241.3916,116.390625,-61.48188,38.38936,-5.8847523,25.489918,-9.760927,11.143848,-8.512827,-1.9015284,-0.10085294,-20.434633,-2.7297423,-6.9412656,7.4452796,3.6726844,11.020344,10.085394,0.4160201,9.100568
-166.79807,61.53798,-54.382168,53.84019,-49.648193,34.46647,-10.572269,10.41174,-15.193995,25.002806,-22.072483,-1.382473,-8.504186,-13.168172,3.6928272,2.0717757,23.19488,2.9431016,10.517935,7.949893
-127.0992,72.77205,-36.0011,66.49204,-51.59938,41.968185,-29.93702,11.64645,-13.697732,19.871113,-7.820675,2.7343292,-2.628008,-8.676193,0.20941061,2.229223,11.691055,6.794878,-4.149662,1.6954329
-96.42176,115.32063,-59.492653,52.55758,-36.91813,42.966637,-15.108476,14.448999,-18.189892,5.8246374,-14.205417,1.2466265,-5.22482,-8.222297,7.1478624,-0.038753867,3.6913915,-2.856403,-5.372073,-1.7479273
-118.22526,120.233734,-76.45836,66.46024,-12.074462,14.46969,-27.42412,14.199905,-14.330013,-7.6069083,-26.735914,6.5151772,-2.8350623,0.1141389,22.92495,-0.7342189,11.615259,-6.4065266,-10.55286,-7.453803
-164.80847,121.749374,-80.25297,63.403625,3.3447242,3.9802146,-16.390072,13.573385,-16.1081,-15.090615,-30.50918,-4.2601504,-16.315063,-2.4542446,15.044941,-1.5513904,13.043368,-2.4060764,-4.9900894,-11.845878
-163.09756,128.7453,-85.95318,64.23547,5.9638634,3.0273626,-8.951798,12.535976,-6.7199335,-8.42702,-27.007776,-2.1531758,-13.541252,-3.1410387,11.528612,9.552532,14.995325,-8.572306,-7.5350914,-8.046768
-175.97621,121.05813,-83.814926,67.897255,4.2503033,-0.72689843,-10.868044,9.208672,-5.199148,-7.8018656,-26.446342,-4.317057,-12.706111,1.2014276,12.632593,12.78857,14.387518,-11.293776,-7.0227413,-7.1237154
-188.36998,122.48348,-86.96284,65.658936,4.987233,-2.3720477,-7.6814995,7.2088504,-7.3026185,-10.777327,-21.16386,1.7424322,-7.0498304,0.3153226,12.770901,16.144497,12.273758,-13.803608,-9.7493,-12.640786
-197.85231,125.998924,-80.91491,61.6807,12.678091,-5.01741,-8.830138,6.049798,-15.355486,-18.915264,-22.365372,7.330847,-8.241794,1.3096913,10.217091,22.032637,10.059202,-21.267433,-17.43026,-16.18364
-212.95258,127.45462,-79.91706,63.880222,18.393705,-10.149176,-8.766424,11.384836,-1.7345884,-11.584803,-22.824291,-2.9046607,-16.369165,-1.742181,5.003118,20.038538,19.68404,-6.1826468,-11.224186,-16.593433
-212.94138,131.27394,-84.81128,56.221943,17.898111,-16.704699,-10.475671,11.783393,-10.837267,-6.828881,-17.22512,-4.844415,-16.48391,-5.3931746,4.0013943,20.857176,14.606774,-18.043016,-6.1324883,-9.7123785
-207.60332,131.89993,-90.233604,51.92134,11.368591,-16.924398,-6.6806145,15.357639,-2.7062314,-7.4929976,-23.882236,-1.5680404,-6.0568533,-0.9402981,0.3626482,12.384231,11.456019,-17.363739,-9.585733,-14.59374
-126.034294,134.79883,-72.92785,52.54318,-21.052822,21.135983,-21.267332,11.987069,-19.847584,-29.469707,-15.839567,-11.808163,-4.655238,-7.061784,-12.060099,11.519117,-2.857769,-11.204371,-2.1618938,-3.9278395
-150.93161,104.716644,-73.501015,57.428867,-15.761215,18.977892,-29.598118,20.91291,-8.504686,-19.820889,-19.024597,-4.0496306,-8.197414,-5.7866764,-5.232356,5.8470435,-0.053646088,-20.257938,-10.980887,-9.664543
-178.11581,105.42227,-81.10831,56.699215,-10.454899,2.656123,-25.116749,21.617105,-1.4079226,-8.781904,-14.769524,-4.692626,-2.2526119,-3.5402575,-4.1910257,13.38544,0.54655313,-20.59631,-13.960535,-12.8588505
-205.3757,106.53017,-89.86229,60.26556,2.9751706,-7.4485865,-20.726585,10.652735,2.1334786,-5.5419617,-18.772654,-6.4625363,-4.6760874,0.05994129,6.383127,24.642143,6.05886,-20.76289,-16.842329,-15.403304
-219.27283,129.22559,-91.70795,39.53523,11.481432,-9.523318,-20.342825,0.05870831,-5.347066,-0.3283996,-11.488924,-11.451803,-2.859385,5.4517193,8.835375,26.037497,1.8981587,-20.783014,-11.610168,-12.503211
-246.78523,149.62268,-75.53783,32.796,23.108711,1.0097312,-6.401306,-5.902844,-18.87426,-16.288593,-12.195679,-5.7791157,-3.9654422,6.5849757,13.708256,23.942005,5.593423,-7.436099,-5.7933893,-17.629816
-286.02893,129.68526,-66.141,43.703613,24.72779,-8.280321,-2.2599156,3.2035968,-0.8357114,-0.839998,-11.060895,-4.7663755,-7.455026,4.5254483,8.643982,15.342718,6.3571787,-14.835678,-9.408293,-7.0532856
-281.10678,131.46973,-74.08414,36.93595,23.872057,-1.9098517,8.829447,4.0490055,-4.304271,-6.512924,-14.549924,-11.173754,-21.420574,0.36459643,9.408949,14.415735,9.429434,-4.1475573,-3.5219364,-9.804085
-273.15964,122.234344,-62.1439,54.638847,18.498066,-8.214695,-5.8015103,6.5754404,5.291769,-2.4375992,-15.323259,-7.511489,-9.809116,-0.092248455,5.373162,19.36568,12.643789,-6.76041,-5.02472,-2.417222
-207.46085,68.38681,-36.09967,58.28144,-26.426886,27.457115,-37.86165,22.413227,-10.171365,-6.7916493,-4.526835,-3.0878232,-5.702379,-2.53569,1.9976678,17.44586,7.3193917,-0.32154897,-5.602906,-8.099244
-126.700584,86.53966,-29.93615,90.48829,-23.732824,37.847397,-26.947336,16.2986,-22.185009,-2.876494,-9.928145,0.36252025,-4.737234,-10.581276,-19.548052,-7.2015305,-10.075361,-3.9443762,-8.665243,-4.8964787
-145.19562,149.8911,-60.725742,63.415295,1.8771775,11.275389,-39.43656,6.8414125,-14.10358,-21.230762,-14.393108,-9.935396,-4.3709517,-8.040268,-6.3405247,-17.215448,-20.74375,-5.2348375,-3.03068,0.70732075
-164.32869,148.37549,-76.0898,84.09032,28.890131,-7.1630154,-17.910236,25.808275,-9.916653,-13.553595,-22.175865,-8.097801,-3.5275486,-16.598755,5.5305567,0.24204361,8.38892,-3.5474014,4.3600693,14.134767
-188.75038,125.425964,-85.19757,85.46034,28.256227,-10.720486,-3.6597996,24.479382,-13.1981945,-11.05929,-32.416565,-5.8545675,-6.1326737,-14.697826,13.694912,1.2640109,10.139023,6.269315,17.474396,14.158954
-197.49712,123.22992,-83.328186,82.47818,19.792606,-8.409463,-1.7033678,16.615427,-11.923552,-16.869095,-25.607927,5.6540327,-7.1737566,-15.954987,15.618257,12.268261,17.94912,9.301069,21.604864,10.461156
-205.43913,117.133545,-89.10278,76.750336,13.862867,-12.928535,-5.332384,6.361388,-13.507014,-6.1130466,-17.430408,12.220367,-0.7787151,-10.3941345,19.541183,20.999027,25.631924,6.8653507,20.934278,4.170765
-227.05708,118.40054,-78.21356,87.98894,15.57092,-29.682734,-1.7233866,7.0854316,-18.599583,-4.3865733,-14.453341,7.390554,-0.81870794,-2.7526379,22.648876,31.945992,28.115429,-0.32747695,10.154318,-13.60825
-252.89558,117.08563,-72.47266,86.19369,18.3741,-33.439346,-6.776493,5.0930166,-12.932371,-11.406576,-13.580893,11.11125,7.4075847,8.464249,26.611713,38.24267,29.28548,-3.68322,3.5614634,-14.06055
-251.09273,127.64603,-64.77008,85.19684,17.17477,-37.79811,-12.464886,2.98127,-8.17744,-11.150984,-12.871479,10.159807,-1.8667629,4.632127,25.03676,32.79464,20.474854,-1.7128656,5.157368,-13.310736
-233.5235,127.914154,-73.44927,79.50821,14.159128,-31.827368,-10.115794,-1.4487543,-7.90199,-6.604085,-9.066963,12.797283,-1.6092505,9.130595,22.618336,29.02296,13.730357,-3.934405,3.6558628,-14.554543
-171.1982,147.49811,-69.569626,89.26334,7.1800985,-12.424641,-2.8984478,9.243587,-9.56502,-12.741903,-14.493038,1.5223391,-0.54588914,1.010322,10.822395,15.512169,-0.9094509,-15.590998,-7.358116,-18.06604
-148.91978,124.89024,-65.936005,87.92163,-5.7010813,1.8935157,-13.11508,21.064705,1.416341,-6.964242,-17.349972,-3.1018178,-8.417879,-0.6958308,6.4056973,16.535221,1.3028902,-13.491913,2.5661216,-13.240961
-166.98026,120.95166,-76.60182,73.372116,-5.44809,2.2825136,-12.39193,18.303234,3.4844074,-5.1843095,-18.72036,-13.12112,-22.152649,-8.918194,0.4432479,11.412382,11.587555,0.15744185,12.505524,-9.549795
-172.82114,126.18806,-77.495056,64.286865,-7.5823536,4.046661,-9.211948,10.693858,10.272427,2.163514,-17.26089,-13.340885,-21.23925,-2.1694949,3.347094,17.332611,15.177547,7.049859,11.451263,-18.211082
-182.67941,127.326904,-86.33551,56.555725,-5.6292276,12.612903,4.1023235,10.280439,5.6851525,-2.8831673,-10.907446,-10.357759,-24.085909,3.7136388,16.442062,18.414326,17.310673,14.82422,9.580796,-21.361076
-195.93611,122.25873,-92.16655,46.306038,-15.585131,7.641435,8.489418,4.860836,0.93892676,-7.6024966,-8.809062,-5.4743595,-22.958775,7.456712,24.457218,31.076319,21.246372,11.115899,-0.04983723,-29.103832
-211.8226,117.23433,-92.92224,44.960464,-15.12784,8.336604,18.185896,8.720649,-0.4630034,-13.790076,-10.533959,-0.46995068,-21.131126,5.5056252,24.859262,33.904922,19.214214,12.430982,1.028361,-26.737198
-214.5377,127.478386,-88.6196,38.42887,-24.55196,2.0681336,17.41446,8.175701,2.862982,-16.90614,-11.671231,-1.7163622,-19.559189,1.2206087,15.456686,33.3815,25.823074,16.858791,2.8453343,-29.793978
-233.47733,146.92603,-72.51721,36.60117,-14.735355,-12.028759,12.124598,4.2378254,-2.8013015,-15.789801,-12.695763,-2.7307296,-15.32235,-3.9479706,-2.220201,17.740225,20.231625,19.664639,22.435406,-6.2655888
-250.98611,156.92923,-70.132095,36.162178,1.3526242,-11.510354,-0.34219489,-9.901714,-2.809294,-12.417896,-10.185217,-6.716606,-18.312061,-5.1475973,5.854009,9.123917,4.1681232,5.303605,11.192231,4.392159
-169.98486,101.859924,-33.341396,49.75016,-36.083347,35.23346,-33.23315,11.387204,-4.826316,-1.5851468,0.92434496,4.031667,-16.594345,-14.199053,-4.6219444,5.831685,-3.11586,-1.1216781,2.161145,5.8320527
-107.043495,100.09173,-31.174355,70.794785,-52.50342,39.54624,-6.8852997,29.720589,-16.766968,14.158503,-2.8094864,5.4520044,-12.159432,-12.627926,10.596947,-0.6000229,2.4895663,-0.046488106,12.798765,16.116293
-101.3914,107.00043,-40.99529,72.95763,-51.607956,39.049545,3.8217447,32.538025,-18.58606,23.880804,-2.6338859,4.9647307,-6.8480415,-19.975452,10.804032,-9.628586,1.3128775,-1.2211388,12.268236,17.926186
-114.81236,124.864044,-55.388004,60.622253,-32.45943,35.15144,16.469751,37.677765,-32.356834,31.143734,-10.479742,-5.2164583,5.160326,-26.304577,17.15525,-13.991806,-10.50758,7.86456,14.878736,11.585051
-134.05066,144.31941,-68.66022,43.792328,-20.366568,30.152206,14.611244,35.38417,-31.24786,14.312375,-5.7019696,-5.832199,3.9587307,-29.787945,11.648037,-13.48018,-3.7806559,15.63566,16.331923,18.605972
-159.44759,155.87045,-74.16243,44.939777,-8.094757,28.359947,22.59219,24.62864,-22.208826,8.169006,3.492732,-1.8402913,-6.2974415,-20.930145,12.534794,-16.14007,2.166729,17.05478,18.691978,21.67715
-177.96143,154.96661,-76.58537,44.19312,-4.1043377,16.186163,25.96787,24.18139,-22.060781,3.0285177,5.9883604,0.21436843,-12.354593,-15.225448,2.6099548,-12.416594,12.956148,14.847003,20.587334,23.507774
-188.78888,154.68433,-75.92771,44.74595,-1.9903977,13.190802,39.55105,28.820335,-12.759678,6.1321507,0.25796372,-1.5626688,-20.977036,-9.789633,7.2083898,-8.522803,12.48814,18.152449,21.795227,21.987585
-193.91231,162.21262,-73.17766,38.233368,-4.580449,7.484275,33.805202,25.090893,-19.003225,1.469654,10.61776,-1.5722783,-17.059729,-3.5332625,0.7996755,-8.61675,5.3689013,15.101358,27.95589,20.092607
-203.71942,174.04562,-71.84381,32.776394,-3.284604,1.8944559,33.883995,28.28954,-14.655938,0.7973988,11.488852,-5.0652084,-11.03624,0.77609336,0.6597366,-4.442304,6.8931775,16.818548,26.074947,16.973293
-202.89632,161.78331,-74.209656,37.427334,-2.8797646,10.474028,27.347607,22.128708,-15.900772,7.4416466,19.447803,-4.01233,-6.1975484,-4.0349402,-2.1732876,-6.884586,1.7683176,25.825005,35.6389,19.361046
-201.82713,154.83974,-76.44714,41.34075,-5.1704793,13.298311,25.745016,20.426764,-7.3651123,6.76158,15.423275,-6.4423876,-8.661961,-6.5202065,-8.949117,-0.22863501,16.71698,29.000587,31.5863,15.164816
-171.12846,119.37529,-62.25849,39.268356,-23.788595,34.32724,15.570375,33.135056,-15.666304,3.1661196,14.231013,2.9833138,-7.6717954,1.5014598,-7.671834,-1.5403073,9.635143,23.20699,32.8842,22.887959
-172.65924,113.03649,-65.26314,38.81611,-19.197765,34.11538,15.421093,26.596046,-22.232481,3.3696756,19.837502,11.165218,-10.78924,1.0933379,-14.974422,-8.096882,5.4605594,21.181606,35.32829,27.493435
-197.36955,139.1352,-75.828415,42.977303,-8.908793,18.418299,20.308472,20.957222,-20.599445,-4.344151,25.35244,4.8354387,-2.879404,1.7664807,-11.6287985,-6.261221,3.8441038,13.108011,31.461615,25.693623
-184.71382,157.17635,-88.94628,26.23053,-13.573289,13.771276,35.879284,30.81304,-13.613245,1.6270465,19.022642,-9.044085,-11.943856,4.653223,-7.9214807,0.27070323,8.001057,6.9723997,25.427683,19.030504
-185.95074,159.24469,-81.8862,23.034702,-20.40887,20.331093,37.20012,26.644442,-17.669258,-2.2573705,19.839863,-6.189374,-13.969365,4.7999086,-5.7411413,-5.807377,0.9899171,-5.034065,20.659359,22.594564
-187.83434,156.2893,-76.750916,30.468998,-16.771385,16.879807,35.418297,20.210602,-23.255985,-5.0153666,15.931047,0.27654606,-15.557036,11.378035,1.2880557,-5.6893907,0.60728765,-14.001934,19.652966,21.45966
-180.13881,156.06024,-75.42485,26.626339,-16.648693,18.426056,27.862482,18.025805,-20.805483,2.0887578,12.746277,1.0361373,-18.76477,15.061083,8.680338,-12.338285,2.2161021,-9.300212,16.777018,17.041433
-181.27492,155.05798,-74.273674,31.20271,-11.692017,17.390356,24.234568,9.6700945,-21.01324,6.976699,12.193803,14.293832,-15.281049,7.8978424,5.2709827,-20.570492,-2.8260183,-10.659849,22.403214,28.64087
-173.20012,152.66388,-68.10891,38.906418,-20.799015,2.510757,7.460614,9.739587,-13.68169,15.280247,10.104265,16.157063,-8.299071,1.0705743,9.536857,-11.161873,0.62854147,-7.2148876,12.813871,14.54554
-138.53369,123.177376,-46.40901,43.540333,-40.7191,26.630512,-25.075682,26.298103,-10.888633,1.3897983,20.363297,8.833559,-1.6809973,3.4121652,-8.867296,-8.804256,-8.454475,0.10959101,8.256268,13.712076
-115.98601,136.70222,-27.661766,46.3641,-39.87183,44.45051,-24.132137,28.79306,-15.8329315,-6.8715816,-1.7770174,-5.729,-6.8885655,-0.063556254,0.5331843,-6.003704,-10.826475,5.300892,5.078412,0.75079316
-171.28651,158.36548,-57.26739,43.077805,-8.203241,10.620788,-3.2693124,24.302296,-26.11806,7.375012,5.568549,-8.016397,6.507843,-9.085676,1.3694924,-5.8066063,-2.5889318,4.451127,9.415306,6.3381586
-182.59915,154.78041,-70.60528,45.703568,-1.2102033,-0.20690578,4.6381936,24.632927,-20.844948,9.94973,-0.09917138,-3.3843527,5.5273275,-14.712315,5.7724743,2.9894035,7.980268,-0.31039625,19.97728,23.739056
-188.97998,143.95328,-70.90399,57.79706,5.8469524,2.8560362,9.870342,19.416862,-21.838562,7.275961,-6.037806,8.550775,2.335552,-23.67314,7.1023006,-5.9419928,5.163046,4.052454,15.818701,16.401924
-192.89613,144.9759,-73.4987,59.479603,4.3106823,2.782895,19.922264,15.519304,-26.803375,4.23548,-10.617424,6.0158377,3.8049707,-17.628672,16.373486,-6.946037,-1.3117707,7.44925,16.10285,18.726498
-199.00684,138.21286,-72.127365,70.42662,6.0908,0.03820795,20.095875,16.65161,-22.608553,-2.1230342,-15.294275,8.25886,1.5848522,-20.177597,17.90057,-2.3341143,-2.3459818,0.658972,13.054859,14.1821575
-198.92902,134.72955,-72.31397,69.67479,-0.74040943,3.6079187,24.487463,8.457825,-22.822926,-1.6090076,-9.825491,15.861372,0.58756566,-17.494408,17.934055,-6.983386,-9.690962,0.5641066,20.614452,25.000698
-200.0869,138.21115,-81.59265,61.785477,-7.355981,-7.194526,19.081045,1.6491668,-29.031975,-1.0389065,-9.090635,13.050991,2.4859684,-24.296947,15.547789,-7.068312,-9.646456,4.6919446,20.675425,16.67197
-196.23744,135.08261,-77.11808,60.98845,-14.721826,-9.180222,12.650432,0.82743645,-31.177097,-0.31001455,-7.9249096,4.561631,-3.4223287,-27.985867,6.5096874,-6.8111053,-12.608999,1.934612,25.979948,13.556519
-196.80319,138.32605,-72.844475,70.16577,-15.249128,-11.3050995,11.657648,-2.5711331,-24.839842,-7.0339184,-12.939272,13.05299,0.03722298,-30.784386,3.7283692,-9.077414,-11.695006,-8.817043,10.568748,6.0467205
-186.58633,138.95905,-67.84947,71.366196,-7.313286,2.1541975,19.746643,11.963429,-17.32174,-3.5337505,-16.350409,9.350864,1.037913,-22.707253,5.4174175,-5.2662315,-9.920772,-0.7064995,15.323988,7.073956
-173.51149,126.818634,-47.819706,79.289734,-22.757568,14.936804,3.1483147,14.88007,-21.207485,-15.286497,-7.494563,6.424365,5.170055,-18.706104,-0.6585744,-3.062684,-15.343415,-9.028919,6.451396,-0.23412776
-165.70738,99.423904,-31.158056,81.53769,-24.880234,31.088741,2.6329758,19.753206,-24.221264,-3.3738139,-2.4179628,4.6473255,-9.640538,-13.862049,-9.178072,-2.426151,-20.088688,-11.40693,13.865795,1.499349
-200.31332,136.2846,-45.97674,76.253105,-8.911959,8.473541,18.087074,11.183437,-28.34431,2.133409,-1.7647094,-5.2742944,-1.7602303,-17.527287,-3.207566,-11.195666,-17.553719,-5.118324,17.562565,6.4208517
-210.49202,146.88156,-48.110188,67.53444,-1.9422039,-8.1070795,13.035195,19.522676,-31.398052,-0.57504505,2.856279,-5.793292,-6.5757685,-11.124389,3.1672034,-14.24501,-10.006665,2.5407648,17.715954,1.6912577
-225.40266,151.0647,-48.83634,61.203312,-0.51673055,-10.277212,18.156763,19.15953,-25.371185,-1.6449556,4.690287,4.4487963,-14.562149,-16.088936,8.652906,-13.94922,-11.582307,-4.4686775,13.292662,5.444931
-243.42271,154.60323,-48.39419,48.417942,7.7087154,-1.975919,16.659073,16.290762,-19.488647,-3.3292172,0.96481013,9.622737,-3.58288,-12.8174095,2.1533353,-14.165839,-15.65045,-6.8887196,9.991204,7.4104843
-256.92566,159.58871,-43.584026,43.257904,10.216431,-1.327852,21.202541,10.112589,-16.61008,-1.1709925,-1.7144396,15.222151,-0.9514996,-6.3470345,0.54894924,-14.543385,-8.969542,2.1451595,3.5948784,-3.3940728
-259.7196,166.00018,-40.334007,49.974136,10.374432,-3.5089235,17.158394,3.0917096,-17.717724,-3.3439436,-1.7211316,14.2620945,8.883234,-7.665065,3.6978278,-2.1188874,-8.741307,-5.532935,6.868344,-1.8697184
-126.02346,89.68945,-43.03601,69.361374,-57.25546,27.09179,2.51441,2.6255991,-19.09943,22.379158,-14.03672,19.713402,0.44900933,-0.6067157,5.928532,-8.540951,-5.2217455,-12.460362,0.8661474,2.1289065
-102.71073,83.91931,-46.80548,64.09125,-51.909737,46.686913,-8.691513,18.859089,-20.264324,16.486181,-2.5562463,11.480703,3.9598212,4.4558973,8.745132,1.682699,-10.896828,-14.682026,-4.9903517,-2.2298527
-146.78279,69.46041,-31.134447,73.906624,-46.986755,49.477715,-6.3984413,23.723454,-14.617802,15.963626,-3.9713955,13.133872,9.444856,0.7024058,4.399915,-1.2638378,-7.810353,-12.581608,-8.104827,-2.567541
-194.9673,101.272156,-36.44256,73.13728,-22.644627,37.164864,0.12257141,12.827404,-4.693463,8.545959,-2.408413,15.351156,6.336653,-5.490806,6.55777,-16.059704,-7.885947,-9.460956,-14.024576,-2.5865808
-213.48276,123.400696,-50.07169,63.45855,-5.459494,28.051378,4.618579,10.40874,-2.437864,5.3787413,5.0349264,14.776788,-1.7813675,-9.590246,7.769279,-25.048912,-15.4039135,-12.221016,-10.419342,0.8371279
-229.8906,126.486565,-45.076183,65.206535,-1.7438827,17.976292,11.454793,12.338694,-4.1244073,7.8079724,6.405404,13.516678,-1.5137768,-4.367698,6.1982775,-20.546825,-15.81278,-11.582775,-7.133396,1.4107839
-232.24474,129.03247,-43.69853,63.587357,-2.9974992,16.138004,12.981813,8.878144,-7.8945274,3.490377,1.738989,12.415734,4.625971,4.4665823,2.2762759,-24.471523,-14.2541065,-6.830386,-8.579895,-1.5066957
-237.09091,127.81229,-43.737206,66.09615,1.4112097,15.1109085,14.3250475,1.731094,-12.200607,5.1965847,-4.878972,8.135312,3.4700243,0.6678384,-0.6418319,-19.16323,-12.72305,-4.644547,0.39322218,-0.11493838
-235.25497,136.59155,-45.093452,60.583614,3.3775403,15.354045,11.73941,7.3085546,-10.596512,2.5836852,5.077615,7.8532543,-3.8257217,-1.5669446,5.0143313,-16.775328,-13.690268,-5.254248,2.6829128,4.5527563
-255.70978,134.01265,-43.19603,57.046764,6.0883007,23.704952,21.77898,12.293615,-10.388876,2.6219137,5.23969,-9.085293,-6.2300916,1.2618481,1.4644923,-4.111722,-5.4939327,1.3283511,0.575011,-9.346279
-257.24414,133.95587,-43.995667,57.825867,7.4566445,10.278052,13.149197,12.090729,-6.3048167,2.561771,9.3508625,2.3983533,-2.2800035,3.6556723,-2.8267913,-7.8259006,-17.631298,-4.3365326,5.658581,-6.298934
-167.7092,164.52386,-43.468697,44.692898,-23.369667,18.072231,-3.7051768,18.880207,-13.948294,-18.45877,2.202834,-12.01346,-2.1156905,-3.2974753,-15.222317,-1.19018,-5.368278,-6.624223,5.478325,-3.301801
-205.42842,155.3154,-34.584175,54.724583,-13.421047,19.347174,-0.63815445,11.252875,-14.841203,-9.171478,8.5432625,-9.782233,-6.6725426,-2.860548,-5.735154,-7.4167175,-14.232568,-11.948715,3.0933204,-10.410578
-195.31528,105.89112,-16.96997,66.11247,-16.470926,44.686028,-17.706947,27.851791,-21.869114,-1.8885888,6.984584,3.1293812,1.8317508,-11.732595,-7.34289,-14.418428,-21.048656,-7.9240084,4.8713517,-2.8452818
-232.78793,140.24107,-21.49796,57.91685,-3.632093,18.618828,-12.475667,21.830843,-10.77217,-4.904996,8.551245,-5.495743,-2.7687955,-6.522605,0.40340146,-14.001818,-24.792362,-13.144144,0.13991743,0.36445752
-253.5611,153.21442,-19.014923,44.402702,-1.8374085,21.163507,1.2246213,9.808867,-2.9069748,-5.1988115,4.0387506,-4.1955934,-4.8284583,5.434883,-7.08772,-15.756948,-19.51246,-9.672897,-6.259609,-6.299448
-273.08405,157.7573,-24.169252,37.7732,8.608843,14.990408,5.081505,2.5311518,-11.131094,-6.3041663,-0.57380635,-0.2185924,-1.6388843,4.4961686,1.2454193,-3.8084948,-17.922081,-15.237424,-5.660865,-8.612719
-285.31088,150.55817,-21.428255,41.033752,15.77625,12.073068,3.392424,5.443201,-4.8921604,-5.561245,-4.9117455,7.113808,2.8142421,2.4761918,-2.242427,-3.8959155,-10.881869,-5.46329,-6.3753777,-8.273021
-300.377,148.45697,-21.22211,39.37224,7.625735,1.0754232,10.985633,9.340015,-1.6206356,2.419396,-2.8367968,7.009739,-2.9255872,-6.4925714,-10.1390705,-11.374933,-11.426588,-4.5382576,-0.71079814,-3.274663
-288.82263,147.77617,-34.57454,36.52813,5.944582,0.27374494,-5.566456,-4.5678654,-0.26877534,-5.4954586,-7.5435886,10.146364,3.2185793,-5.02217,-8.692675,-12.152216,-15.7995615,-11.058815,-11.075621,-6.0956545
-243.47585,121.61399,-51.023872,56.10533,-12.296968,13.389834,-1.2513632,0.3558792,-13.455519,-14.331199,10.770925,2.8209255,1.4630044,8.377949,-7.0403166,-6.6074524,-9.833254,-8.5397005,-6.728764,-11.831667
-131.0078,111.56967,-45.069,75.225876,-44.778957,17.849031,-9.656252,5.990234,-8.642319,6.710144,0.16033798,4.6228447,-2.190877,12.581975,-6.0129538,-4.7796736,-9.661216,-19.71745,-10.09207,-5.617503
-128.82208,96.10138,-10.868784,79.186195,-38.038673,43.54581,-26.118843,18.969486,-16.056824,-0.87487245,-5.040045,-3.3745246,-12.167883,0.03664565,-17.092949,-20.633778,-16.88818,-18.993093,-8.456446,7.48714
-164.38597,132.63797,-45.733356,68.13246,-25.122646,10.312681,-5.8863716,5.9142437,-42.277992,-8.041304,15.827846,-8.505566,-24.672207,-9.587463,-0.55781996,-17.18518,-23.959015,-26.702679,-10.239582,-4.5155735
-188.98155,142.98978,-50.324005,66.35468,-22.233765,-7.219034,14.188163,6.2949896,-48.93782,-3.3382835,11.875592,2.522238,-14.637495,-6.0069985,-3.1969793,-34.615837,-17.272568,-24.350391,-6.0652137,-10.852398
-214.13277,130.2313,-50.425507,63.516632,-32.50191,-15.046793,27.136345,7.0550556,-50.54245,0.6476122,7.3642845,12.304209,-8.696482,-14.036345,-5.0261145,-40.11325,-18.708338,-20.593542,-11.209663,-12.93231
-226.24522,127.86536,-60.53557,52.745583,-24.803522,-13.443468,17.783813,-1.2422286,-48.09754,1.2256932,9.781612,15.170166,-9.558502,-23.05135,-6.691118,-40.810493,-23.019117,-19.216404,-11.284258,-3.9296012
-225.54272,129.23326,-55.498238,55.381645,-11.865162,-12.09467,0.6425702,3.8306499,-47.03273,9.085637,-0.16670477,2.8956172,-0.07990494,-19.68601,8.374142,-36.29718,-24.420044,-19.048798,-5.430673,3.4631634
-214.12099,124.588806,-53.610863,72.30058,-14.757505,3.139481,-5.8899126,-10.694576,-30.45499,1.3082644,5.637101,-8.55994,-8.052584,2.2191653,1.6466677,-34.218983,-22.281597,-25.473038,-8.515293,1.2371236
-268.25876,128.69955,-37.66382,64.21449,-14.0767765,-0.16022053,9.709294,-7.3003483,-10.052134,-4.346348,2.7113662,-1.622884,-9.090684,11.376219,-2.0624397,-28.61546,-16.30152,-9.414312,-2.4460099,-1.8921537
-267.99094,144.57025,-37.0282,53.061153,-7.733736,1.1859086,2.160306,-1.552429,-5.8119297,-11.38104,8.2802925,-1.3918834,-3.822036,1.9584212,-6.2272534,-8.455193,-12.226391,-3.2460299,0.48306352,1.1559553
-191.00218,151.50195,-49.370575,71.94244,-7.527953,12.285843,5.2900105,-0.43402264,-4.476369,2.7995348,7.058536,5.6411495,-4.702102,-1.9398208,-5.155018,-12.806548,-7.620629,-8.508038,2.221264,10.967531
-148.65822,94.20423,-44.749386,115.41987,-22.66872,16.903316,9.011772,1.8540574,-20.11213,1.7381771,-10.334066,13.138826,-13.0194235,-6.9459324,-15.260726,-29.164478,-1.8047471,-4.6252985,-3.6371045,1.9384289
-180.84149,85.3898,-33.36913,113.34598,-15.042084,14.557545,-18.659018,-2.2659826,-14.784053,2.0413194,-7.0842695,14.390793,-4.566894,-11.989666,-20.264643,-25.714592,2.1068418,1.3485932,11.196621,10.7409935
-184.62843,104.80478,-52.528675,110.907906,9.536594,9.52384,-24.223751,-11.223368,-25.049387,-12.921357,-11.392878,8.87678,-3.537456,-19.617416,-16.907248,-19.090813,-1.5010724,5.0214653,24.644405,27.665997
-204.73106,107.046,-68.64429,99.83974,12.49048,1.360275,-7.5711813,-7.9261723,-20.304691,-4.7189436,-16.670479,12.547342,3.0808606,-23.988216,-5.0489893,-15.160984,-8.4469,-1.706964,18.302122,27.992073
-208.19391,106.806915,-76.09466,92.8909,3.6876488,-7.938777,-8.291513,-12.344365,-21.06853,-10.354898,-16.016396,20.774414,-1.2851715,-24.92649,-2.166789,-20.494904,-12.764602,-4.1078773,16.572407,21.219135
-220.09634,106.6969,-72.98725,88.67795,7.4732533,-5.8509445,-8.941338,-19.554514,-23.528448,-5.270384,-21.738255,21.132084,2.4162326,-22.151905,1.7437394,-20.600975,-5.7924886,-2.9275155,17.050907,29.47927
-262.0751,124.21834,-43.817192,80.98021,20.54554,-3.0676796,-5.2158194,-12.941315,-20.455044,-5.394333,-13.216669,19.87455,2.9740076,-17.67344,-10.019476,-20.724922,-0.61303294,-2.166737,13.895151,21.27192
-292.73987,116.922226,-46.1613,71.82266,14.035765,-6.754406,0.8393101,-12.374365,-10.257777,-10.820141,-4.1399293,18.980515,1.9976223,-3.0296538,-16.73075,-23.650938,-3.437211,7.854066,9.43205,15.366182
-284.77664,131.16925,-45.745674,63.2836,12.724929,-0.28799403,6.5439024,-7.0657363,-5.822849,-9.485987,-8.180666,6.0227494,-1.323547,-5.3984327,-10.156664,-4.059856,5.783613,5.758974,9.602074,11.067478
-171.34883,129.11641,-35.816025,71.501526,-29.119728,22.191175,-3.3897862,17.046228,-3.8112411,7.8489265,-7.7511153,4.3159895,5.6768265,-9.057991,11.417951,-1.778796,7.885453,-0.4246331,-1.2741941,-1.6018286
-92.07114,71.895744,-25.89212,84.40735,-51.90505,51.45786,-3.9620323,28.48405,-15.767044,25.071497,-14.06102,8.320649,1.3986621,3.687413,8.889557,2.1735976,-3.1592946,-3.6832643,6.9586606,7.2084103
-74.42449,104.75819,-52.268784,78.22524,-47.587997,30.719318,-14.616055,17.854,-14.685639,32.127544,-2.485803,1.1818111,-2.2310839,6.44089,22.895859,-4.716648,-1.1504612,7.0046167,20.360958,14.437524
-121.45204,111.30469,-50.912605,88.82091,-34.662117,13.696238,-3.538206,24.18829,-3.1612191,29.321936,4.2276826,0.08269787,-19.301289,-14.252598,7.9069595,-11.296516,5.093816,7.449991,23.65781,23.85414
-151.08638,115.54692,-54.06108,83.99552,-19.995651,16.499226,3.5726597,20.846846,-9.578484,22.83108,15.910764,7.956394,-18.515938,-20.297771,-0.6677866,-6.3640823,6.022703,8.325403,22.185839,25.79646
-176.9251,123.313385,-51.00603,79.76495,-18.71268,15.209051,17.863249,18.422552,-21.463545,11.961924,20.1752,15.074439,-13.283735,-25.837132,-10.737968,-5.175474,6.9229345,9.443459,27.23788,23.15213
-186.55296,132.44916,-59.370102,69.52835,-15.952459,20.625828,21.285572,11.587108,-17.129591,1.1224928,19.628582,20.632402,-3.6451817,-21.07602,-11.587455,-3.0815136,10.895573,14.580805,22.268833,19.023153
-189.77069,136.51068,-61.389465,65.24072,-18.443916,20.124619,29.832542,13.017203,-19.402737,1.1597168,18.046349,17.593372,-1.2745771,-17.867702,-7.691532,-0.99679404,12.28342,17.486439,26.77943,19.86974
-202.6572,141.02573,-59.99665,65.5663,-12.914706,12.752079,28.140182,9.827705,-12.385485,7.9273286,13.073599,6.430916,-6.911114,-14.014805,-10.970974,-6.7712603,10.778526,24.03447,29.444881,19.250233
-202.2171,144.15279,-63.250603,62.52604,-12.3836775,9.533701,27.8964,11.237891,-9.269755,10.590633,12.375555,7.257202,-4.7381787,-11.354614,-7.500423,-6.5101166,11.185959,23.504875,30.707272,18.124561
-209.49036,142.66412,-61.96779,60.882793,-19.016602,-5.2305956,21.529295,6.2191577,-17.264458,10.3861885,22.35388,18.297136,0.0874691,-9.721639,-8.772409,0.44261992,11.239626,19.645182,35.945778,17.219685
-216.6604,144.12668,-54.03474,64.60488,-16.444164,1.6681963,23.903732,4.5764756,-11.534767,12.504438,26.93393,21.600494,-1.171633,-7.7979403,-12.129224,-6.4523897,11.389389,21.820194,31.737022,13.691824
-195.56255,118.434906,-44.90607,61.213676,-31.16297,18.533985,7.8388424,18.46059,-11.383579,4.6411057,19.445333,15.171703,1.9060032,-3.1888328,-12.625469,-7.0819826,3.0328088,17.387022,33.51341,12.4366
-189.05537,102.143845,-41.242302,59.28861,-27.525833,29.321667,6.9946604,20.118313,-21.926685,2.622448,23.230637,21.055641,0.6125865,1.5616474,-8.728672,-1.8955781,-1.3080966,15.491462,33.96503,17.29652
-211.02156,123.52687,-62.358067,62.220245,-15.064959,15.162914,15.587982,3.2403345,-17.001225,14.036718,33.750633,20.65319,4.5096254,0.15669495,-1.0323572,-1.0088832,-3.167462,13.745092,37.91525,18.05732
-212.55719,128.14313,-66.60357,64.74496,-9.157695,11.144276,16.207478,-4.2742596,-10.865076,20.950127,27.278315,19.486814,-4.7361894,2.2010143,-0.81656015,-8.02148,2.2800376,13.197239,42.82002,18.363728
-208.80019,130.32358,-66.26526,66.154724,-4.1330585,17.838055,17.951126,-14.239838,-10.497,28.78675,22.750364,9.684374,-17.34074,-0.39290422,-3.3195953,-12.039525,8.094353,12.626505,43.98874,20.33681
-222.18015,142.97318,-53.309498,69.95974,0.91115105,16.493706,19.046848,-10.830805,-6.007633,14.460539,5.8900795,2.6996412,-17.78444,2.7585735,7.139713,-16.869627,3.5242348,13.17803,29.183266,18.0037
-267.7081,154.6134,-34.180607,60.30127,4.8816752,4.6597023,23.718132,9.265488,8.273537,13.746828,5.378481,-1.2863046,-7.7186365,6.1199656,2.2768722,-12.916645,-3.2611532,-2.9648702,12.006048,14.873678
-263.31393,154.10184,-38.4321,55.79304,7.483881,6.0519147,28.690706,5.88986,0.90754545,14.334891,8.05061,6.2349205,-9.412273,1.4446465,-1.561441,-8.79627,1.2969494,1.2656811,10.363319,10.789741
-219.98773,135.10083,-30.058952,67.703224,-9.942667,32.503548,10.388186,6.3779287,-8.041057,-6.3138123,9.984877,-0.51428676,-4.8544645,1.2847306,2.2065806,-2.2697241,-7.0552506,2.0438533,5.9384875,12.577509
-145.52176,88.24513,-14.419721,71.63214,-42.43647,57.628166,-16.597225,11.237289,-8.2837305,17.564854,9.757987,4.488795,-15.28886,1.6942339,-3.2256312,-2.02458,-6.1610603,0.4408173,4.9268823,6.9232926
-107.189064,116.11197,-28.555721,57.428085,-46.60123,54.402348,-10.300308,14.3117695,-29.134262,-3.2112453,-0.6238469,7.2925053,-5.2949066,5.3185678,6.7068796,2.7147615,-0.0064689517,0.59037876,1.795434,4.2265787
-129.13904,151.73697,-63.449284,57.600876,-29.324764,28.60147,7.276499,-8.636856,-20.567757,6.4471717,-0.9063908,-6.775488,-13.567112,7.302142,20.65742,11.178715,6.7564707,0.68873304,9.291831,-4.674474
-158.87114,138.50278,-69.30586,65.509544,-22.760593,22.317005,23.521431,3.8315096,-7.194071,0.55654025,-2.408718,2.874136,-29.096657,-0.82866,13.998406,6.362251,25.101564,14.208879,18.2445,-4.2684584
-174.07928,138.80644,-69.99837,65.83825,-22.600506,15.484808,27.16556,0.9602198,-6.6014357,3.0713992,3.0871315,7.583256,-30.807045,1.4088049,11.159809,7.0483027,34.077206,14.087371,19.154743,-10.765813
-175.60759,142.09532,-67.949005,64.61862,-27.803104,8.990433,28.648396,4.160735,-3.865713,3.2447977,0.8573347,2.4227228,-33.54471,0.04905498,13.030843,12.109775,30.786705,7.5387588,21.313856,-2.8117528
-189.24593,140.0998,-66.54264,66.1001,-28.58397,6.010723,29.301498,2.318587,6.350362,6.6467295,-1.525734,3.7451305,-30.282246,2.1513438,12.384857,11.410415,28.992712,6.96309,22.35476,-0.30477232
-195.51791,142.83078,-64.92383,71.111206,-12.235472,10.222208,24.503439,-4.4248166,0.999485,9.518936,-4.9518156,-10.263671,-24.508835,5.658674,11.100309,6.578477,20.935802,17.182356,23.249147,-0.14913964
-197.84117,146.72101,-66.49393,69.84766,-3.3659244,5.0176454,7.2022815,-7.726897,-4.5812654,-1.857373,-4.663133,-12.018966,-26.165142,5.7478633,14.669991,1.86227,16.480728,16.619818,16.467575,-1.4757738
-252.84875,152.03452,-56.175514,47.170307,-1.2033945,8.000127,15.289566,-10.447161,-3.5854077,-2.7016175,-1.5981913,-0.2925117,-12.595189,1.614993,1.2487947,-3.6879408,5.092104,-0.36792696,6.1358128,0.33570313
-221.20262,121.42493,-60.99485,63.347046,-23.151749,12.399181,11.060281,-4.0451636,-12.9035225,-3.2945287,0.41779995,-10.081557,-17.2341,-1.6842068,8.007247,2.56885,9.290791,-1.0902953,3.2251744,-7.6726394
-155.79808,116.68976,-54.360146,88.51326,-33.19297,11.623377,7.0634165,6.456787,-3.4697564,16.0619,-4.5834227,-7.835129,-10.060242,-1.544559,-2.2883706,-2.726241,15.136855,2.1665132,8.705344,4.4175186
-173.81882,139.14328,-46.983997,80.270294,-21.464294,8.623374,-5.823451,2.979179,-1.3636005,-0.82536966,-6.1717234,-4.880036,-6.6872773,-2.4413562,1.6439035,-2.612883,6.789213,-0.93564713,0.883785,-1.2119787
-131.32834,95.575775,-57.118584,86.7182,-24.372925,3.8373551,-29.909948,6.457961,-18.912548,-3.707034,5.3027525,9.262315,-18.826822,2.2493975,11.614699,23.510536,15.693212,2.0186107,-0.40370068,-11.216909
-160.85045,112.66475,-76.72368,80.65074,-9.817572,0.8170643,-22.611397,-6.1034822,-12.856122,-9.268412,8.035035,15.978768,-20.516275,-3.7026408,13.707054,20.80498,13.64249,-7.012171,-6.469408,-16.480646
-177.02966,116.726074,-75.707146,77.19339,3.4076269,6.99851,-18.364237,5.315308,-6.756747,-16.551474,-9.245003,11.714379,-3.443073,4.8033133,20.392864,21.649235,5.202228,-16.18663,-1.6204855,-11.102211
-186.57999,133.27243,-72.62215,75.14363,-3.6813478,-7.4264174,-15.419922,-3.0768824,-3.2911239,-16.632233,-10.836206,6.801201,-6.5232854,7.369074,19.949583,17.622643,-1.5304192,-16.575241,6.294703,-9.953665
-206.05408,131.7996,-80.56088,75.23216,4.826725,-7.7883415,4.4537716,5.191297,-4.771503,-17.349483,-17.52525,-4.420664,-10.478371,6.249779,16.86346,19.380455,6.539839,-14.736359,1.2196398,-14.563953
-207.70532,138.07225,-77.3248,70.10811,3.1060686,-10.163983,-2.6308844,3.8531914,-1.1743549,-17.97448,-9.622108,-3.5687284,-10.040504,5.259516,6.6783776,11.20933,0.5138781,-14.403681,-0.33097613,-11.132614
-208.23842,140.28642,-75.1187,71.02858,2.4736323,-2.7163675,-5.548541,-6.051655,-0.9078369,-14.326422,-11.40941,-2.594626,-6.50745,1.1936157,13.737341,13.591066,11.109505,-2.2840648,-0.83502555,-6.3262863
-140.18745,60.06654,-49.52352,82.891815,-50.83029,20.000511,-21.43907,2.64895,-24.731714,14.935839,-17.492952,1.972774,-10.789385,-10.167305,5.2402434,-6.3902826,1.1485617,-7.835308,5.149844,3.2889583
-102.41738,103.931015,-53.29867,64.65677,-41.954292,42.399902,-7.647588,18.352467,-16.699911,18.591345,-5.5277085,10.872063,5.8094244,-1.715766,15.61825,-2.8931713,2.4182885,-2.8007827,2.4925828,1.3431576
-101.277054,94.38986,-50.661217,72.08639,-30.228718,44.12439,-29.468565,6.1828194,-9.717911,20.98616,-9.207436,3.6963582,-0.26660776,8.240017,14.059942,4.0169325,0.17192605,-7.017133,-4.922418,-8.585418
-144.41385,115.14665,-63.9475,75.16646,-11.017818,18.274525,-19.82989,22.095608,0.19054174,2.1124358,-13.503557,-2.8813832,-4.8509297,3.932564,12.254388,1.002441,0.812042,-21.695566,-12.180889,-9.015372
-170.6599,119.55926,-67.47423,84.19899,-1.9602089,1.7559781,-12.268635,17.512028,4.48128,4.3712773,-12.086078,-3.6130545,-6.0450935,2.6106281,11.906565,0.094204605,-2.7856839,-26.204845,-19.386505,-9.657364
-182.18895,116.374344,-77.245834,79.48428,6.335375,3.5449443,-11.027891,11.926118,3.3001742,-1.852998,-12.047565,-2.6371527,-4.856756,10.314028,11.846579,4.5682516,-0.39455187,-29.919464,-18.14994,-6.326805
-199.631,110.22213,-75.106186,87.50043,13.868917,-0.4962658,-8.334845,10.911053,4.1335607,2.8451328,-17.121647,-4.7610784,-6.8644485,12.76886,17.333942,6.661317,0.344088,-31.514683,-18.060215,-9.731923
-205.05418,105.21814,-70.450935,90.04445,10.754225,2.1538932,-1.0699972,20.747585,6.137495,-0.5362587,-20.080013,-0.7104621,-0.29760748,14.920803,19.583626,3.914017,1.6774501,-27.244167,-11.94131,-12.584207
-203.26518,109.14992,-71.714836,89.15576,11.031741,0.5530982,-6.6119223,17.45952,7.3529563,-2.9983206,-18.260164,2.4800804,0.7657333,17.44401,21.700771,3.9195724,1.8894812,-28.232178,-12.286528,-9.663694
-203.3886,116.30954,-75.91907,80.67972,10.787361,-3.6840649,-14.839775,14.43268,12.160734,-4.7467375,-14.399099,4.354108,4.547668,18.241299,13.822628,6.6659584,-1.2320426,-29.090681,-1.6931647,-4.2959757
-204.88803,127.6051,-73.64588,81.183685,9.650963,-11.602873,-11.901245,14.529036,6.3195868,-10.363155,-16.678804,0.9295543,4.3055882,20.485603,19.958328,8.16988,-2.9868495,-32.36094,-0.64318216,-1.939721
-187.2725,131.7084,-68.14441,70.827286,-8.880491,-10.195299,-18.090242,19.276907,6.028035,-10.161964,-12.351594,-6.6623726,7.6010227,17.120686,10.086807,5.6617184,-6.6462097,-22.670597,5.9665685,6.896767
-158.52771,152.42862,-54.424637,68.02821,-17.045567,-4.489705,-19.646238,22.431795,1.4781835,-20.781948,-16.08049,-13.860643,-4.8149176,6.804425,5.556737,3.3602161,-11.46704,-21.762848,-2.2498481,-6.996096
-172.61687,93.35318,-51.308163,68.46619,-13.01944,16.213814,-29.491236,29.503763,-5.7153497,-10.878702,-3.926168,2.1393979,-0.2263011,18.38604,20.963078,18.298767,-10.884977,-19.101566,-9.493658,-4.4563103
-198.37888,125.94576,-69.918526,67.54604,0.14209616,-0.11050236,-12.38142,14.94501,0.18626356,-11.361116,-5.2440224,2.7118638,0.7524391,11.317399,18.874763,14.7527485,-11.62912,-21.00235,-5.036008,-7.385895
-209.07324,126.264946,-70.619064,70.94314,7.0637536,-4.9285116,-13.85474,8.024219,1.8741944,-7.549245,-3.355724,3.6393905,-3.0507774,12.130329,13.5401745,17.238068,-0.034392297,-19.63327,-6.3662367,-11.160843
-218.76271,129.86633,-68.35147,72.51198,6.6822834,-9.413981,-16.05257,1.914488,3.9185123,-9.833844,-10.609877,6.196191,1.1381013,6.2263546,9.991062,16.63379,-1.8955687,-24.870344,-7.1794386,-11.597862
-230.35419,125.478355,-60.460373,72.23012,8.022551,-14.149857,-11.757825,12.519297,4.0373015,-4.9823723,-10.546686,12.0734005,5.1199503,6.774249,12.074581,14.566169,-6.140359,-23.828838,-0.26203388,-10.820768
-240.89221,121.56029,-61.1009,73.33449,15.504221,-13.053909,-14.323446,8.971103,-4.0092278,-4.442602,-7.9746127,10.761978,7.3017607,14.756813,19.275835,8.456017,-7.8168173,-23.969398,-4.007295,-10.706647
-232.69635,138.23927,-53.416656,63.88492,15.935734,-1.0241714,-6.137061,6.1133614,-11.347858,6.647909,-1.4672679,3.0962794,-1.0498731,15.580557,27.65432,8.170189,1.4671896,-14.380028,-6.15641,-17.416662
-235.50453,145.54916,-49.795017,58.944954,23.450222,9.232205,-3.7063937,9.454597,-6.9677205,-3.0145054,-3.5490417,5.499932,-8.618673,2.8787208,19.161903,10.646968,6.0367475,-11.144925,-2.526308,-9.324282
-181.95872,117.795685,-56.04351,52.08467,-1.5266321,36.64824,-28.479906,14.776865,-6.7614574,-0.75141656,-7.956926,-14.912287,0.23425327,-3.3527803,4.379337,9.161891,-2.201556,-8.385039,-3.4774296,-8.855864
-94.327324,119.480736,-33.634842,62.658966,-32.0652,41.390438,-21.535519,29.894321,-12.603931,-1.0533019,-8.6846695,-2.031639,-20.272957,3.6947336,4.048621,-5.7930555,-5.064292,-0.4606375,2.6496866,2.2604187
-116.92818,145.15828,-68.807236,52.459347,-18.45263,33.855747,-0.4437113,22.206995,-11.637024,7.4111037,11.57851,-7.906369,-10.450001,3.1003633,9.278687,6.639324,5.2725835,6.4852514,-1.5062253,-17.452496
-142.35556,146.38643,-93.6682,55.688576,-5.495978,26.076431,17.381382,12.911831,-4.107733,1.8147801,4.851018,-7.614794,-15.100712,3.3476512,14.845799,18.220463,15.78087,11.459358,-5.3332257,-20.102573
-160.91513,135.70493,-98.28528,53.37337,-12.227818,21.256248,19.515457,17.850887,-5.679552,3.28297,14.523478,-6.5523643,-2.4865716,10.50946,17.319855,22.885342,15.266069,6.763657,-2.0444632,-21.270536
-181.76102,122.077576,-99.36277,57.02525,-10.57552,19.662346,18.366089,14.848313,5.2196712,9.251694,18.367222,1.3350933,-3.9700346,8.415327,23.453714,30.280739,13.771286,1.2271779,-9.223508,-26.819471
-191.83482,126.54453,-90.71051,51.26963,-11.097607,20.761976,23.545109,16.388031,-2.7977839,3.769599,8.811178,-0.3580917,-4.3596916,15.601136,34.518517,27.639309,10.753408,9.219292,-8.175087,-31.179844
-202.71411,127.61304,-87.946396,48.528343,-4.7303967,19.89954,15.443795,17.85534,6.045772,-0.8691564,0.72909206,-7.2166567,-9.649565,19.980453,36.23561,26.91256,12.052897,12.070398,-6.7356033,-26.88757
-211.21967,117.359436,-57.6071,54.85061,-5.435235,31.428993,-7.931667,16.51171,3.8660703,0.91120076,2.7983546,-4.240589,-5.0417156,11.289345,33.477894,31.70789,23.67009,1.1937714,-4.5900984,-19.19209
-189.93793,80.98445,-39.42964,64.79682,-21.529335,47.05767,-11.680166,19.366951,1.4054661,6.337282,2.313909,4.66899,-4.190496,17.693138,19.51065,19.380249,15.506371,6.166467,-1.0591679,-14.170382
-185.66953,77.19475,-38.806908,62.14139,-26.827972,50.31736,-9.677299,19.584885,2.0613506,9.443292,5.641826,5.5534883,-7.611135,19.529049,25.44878,16.672615,6.256034,5.8974786,4.763625,-10.098348
-136.11308,117.53698,-22.885761,58.68286,-28.034397,55.721756,-21.637184,11.005795,-7.841029,-0.25549316,4.7103653,6.110137,-18.747112,-2.0848904,6.1696863,-2.710806,-17.147802,-16.351254,-5.6396685,1.9945617
-163.64694,111.54802,-23.343815,69.00241,-31.174206,46.033195,-9.089306,13.775211,-2.2502918,2.0673034,5.5363827,7.359319,-21.66468,-2.3587341,13.299107,3.9617603,1.0716562,-4.0060587,0.7758648,-0.51014477
-169.77072,127.22241,-43.600906,76.60525,-18.907652,23.92559,-13.472894,-8.225073,-6.2805233,15.958234,3.394323,-9.524332,-24.488672,4.461217,30.962643,18.051453,14.8202305,1.684768,-4.949309,-19.165329
-180.00525,115.490524,-63.977303,73.04405,-13.183689,23.907665,4.321268,-5.56158,2.7840252,17.911343,-6.8493586,-2.7454917,-25.218943,5.0703106,27.488602,22.70251,26.085526,7.3997254,-0.7959634,-21.124512
-187.26402,115.02864,-73.61539,71.42415,-3.2483582,19.792494,2.9198232,3.9054623,6.7290773,19.212551,-5.1784945,-11.617618,-29.324612,4.5864015,29.743149,30.009212,34.888313,4.119113,1.5437932,-22.004143
-191.71234,116.743546,-71.212036,75.6951,0.10800311,14.269245,-3.104187,-1.4521365,5.346924,23.350334,-0.7893371,-8.598998,-33.53563,-1.2488137,26.52922,26.320417,39.24082,6.4811416,0.87363577,-23.170973
-206.83629,116.95693,-66.3928,80.48381,8.542492,15.994178,-1.7754717,-9.565811,9.039879,22.25571,-1.3288585,-2.7375379,-35.772858,1.5910882,26.102982,22.035313,37.941788,9.937215,-3.3674965,-29.081821
-213.67535,126.621605,-60.142326,75.83679,14.107913,20.88235,-4.9710283,-20.170258,-4.971156,12.132565,5.5574293,-2.9839423,-42.42005,-6.119439,22.490051,21.339046,35.970123,25.036875,12.603624,-12.501045
-252.72969,143.2239,-51.639297,48.473297,7.091122,22.298428,10.430233,-2.4406946,0.13023695,-1.5890503,2.7643278,-3.0927677,-14.699694,6.7795753,13.95097,9.230217,10.04948,-0.41606516,-0.2968408,-9.617518
-215.57845,145.55804,-54.89021,54.05374,-11.13254,16.12551,-5.8569365,-0.5760017,3.0462284,-0.950377,1.5259688,-7.70557,-2.74841,-2.2239962,6.7978725,6.8005238,11.48666,0.09502375,-6.3456545,-7.7590175
-104.88444,110.742905,-42.261642,68.485374,-42.81218,33.509224,2.1587696,14.413223,-23.274029,23.001945,-11.488916,16.960176,-2.9155777,-2.729229,14.870743,-4.7992167,0.70059,-13.6009035,0.5571656,4.5747933
-93.72003,79.89082,-35.817055,86.49129,-35.098263,44.46822,-10.4150915,21.760897,-25.8603,13.232212,-24.72322,8.828722,-1.3009814,0.79132384,12.562604,4.145913,1.6108283,-10.3481045,3.9489236,12.692183
-115.33791,101.6761,-49.868214,96.5207,-14.367653,32.942097,-9.877476,21.72477,-19.522146,11.449392,-18.593616,4.796809,-5.1273646,-16.285137,17.462345,-1.4661729,9.710608,-4.593319,1.5829954,16.13219
-137.97282,114.547226,-62.29543,83.42847,-15.334021,15.909489,-16.282461,12.292749,-2.1440673,19.281055,-14.861891,-2.3805346,-17.061024,-22.305931,4.175062,-11.723442,13.586241,9.718979,16.114029,11.234337
-145.3627,131.78644,-74.72415,67.50514,-7.518297,19.318624,-0.41714847,16.54346,1.9626405,17.528845,-3.2662437,-5.0403576,-20.204739,-15.914621,0.650898,-12.086074,14.634964,21.882767,20.075726,10.863325
-159.12239,142.23712,-80.87486,61.701546,-0.108428955,30.563248,10.889692,5.5024796,-3.6255188,8.5528965,2.7369983,-5.4895926,-14.433556,-3.1608863,5.8126736,-12.504242,3.5623724,23.382126,20.634468,10.530166
-165.41975,138.363,-86.9877,56.257843,-7.8544774,26.226358,17.413557,0.18214917,-7.2747736,3.0553174,1.409056,-8.88303,-24.538612,-4.178069,4.763858,-10.990654,2.3366537,21.37483,20.528563,10.411628
-170.09102,141.1835,-84.53643,49.452866,-5.2708826,36.806637,21.19572,0.9747133,-11.598242,5.441761,4.7339506,-6.3475785,-19.889687,-6.2369537,3.3447707,-12.773185,7.340323,22.107683,26.197063,15.279293
-176.444,146.1825,-74.905716,46.844864,-13.618583,29.37141,19.669884,3.6099696,-10.188659,6.435954,6.463048,-3.0486727,-14.603733,-2.3062835,2.7415004,-11.554596,7.4366746,14.073281,24.679111,17.416546
-187.1965,152.44736,-75.87963,41.928375,-16.900568,14.963279,20.319159,6.0641847,-10.098755,3.2255616,7.5872726,-2.3969069,-17.366495,-5.2971754,-1.3959385,-8.473048,9.76252,9.46272,17.423962,15.27186
-189.59012,155.82362,-74.138565,44.0961,-11.532112,12.136022,24.044363,7.4001684,-6.4771132,7.304635,3.9797835,0.25698066,-11.547401,1.2427906,-2.4956093,-12.391184,7.70426,9.35738,16.087545,15.59354
-193.9381,149.92688,-72.42845,42.55669,-14.383223,18.031471,20.637352,3.177583,-12.440065,4.946428,15.189553,0.35019797,-7.9014015,5.6573243,-7.7163,-15.213228,2.0773568,8.071685,14.028824,13.918001
-161.42741,113.20732,-63.092392,36.25635,-29.830597,38.163506,4.421459,27.86428,-19.096394,4.236937,14.230777,2.0554006,-11.768791,8.273841,-4.7534385,-14.583655,-2.2631617,-1.3576677,15.612223,21.198414
-169.17496,114.63367,-74.74458,34.001728,-25.262241,37.615936,14.798767,27.124699,-16.501348,5.6668544,18.809776,1.1149192,-14.426825,7.76744,-5.824822,-17.155247,-3.5334268,3.5101163,16.427095,18.86608
-184.37727,136.43042,-85.319214,39.700283,-13.960631,25.276527,24.502705,11.08852,-22.920502,-3.140352,16.13114,0.27275234,-5.029542,11.108276,-0.58812505,-16.932047,-12.180351,-0.43522358,16.772278,17.252628
-188.9257,142.36841,-89.92347,30.460033,-9.412691,28.88816,33.7345,18.960403,-15.991943,1.1592642,15.504576,-5.1753035,-6.3206553,9.064077,-1.2454993,-7.257159,-8.209586,-1.8974636,20.059744,18.441925
-193.37007,150.96075,-88.16983,28.961395,-10.229789,22.111156,36.54139,18.31171,-9.626304,5.492178,13.003988,-7.52911,-14.828182,6.1307077,-2.3490896,-9.704158,-4.798377,-1.8669456,14.260689,14.066355
-201.17853,149.75342,-76.78606,34.08782,-6.7106056,17.585821,31.092907,16.012333,-16.435188,3.4571471,10.251659,4.242468,-6.302701,12.369141,-5.590636,-10.61618,0.03460315,-9.837988,18.222767,18.677952
-198.12431,152.9703,-77.179,26.563255,-10.834471,11.708265,28.282116,12.928717,-16.577183,7.648824,15.700338,8.714205,-13.224717,11.239378,-1.1992321,-7.52311,-4.445074,-10.169793,22.245462,16.265192
-201.52379,168.18219,-68.79569,25.350609,-11.542088,13.43792,30.76825,14.661183,-12.687025,5.206542,18.916584,12.476791,-5.211872,6.093024,-14.73476,-18.855473,-3.1492853,-14.290409,18.010136,13.852751
-212.51419,185.31525,-53.192913,28.725838,-11.953396,4.0054216,24.408457,14.224691,-6.0986633,-2.4514723,8.256871,9.229822,-7.7911496,-4.063246,-11.20169,-14.936613,6.4996157,-5.002884,11.890236,9.075014
-129.73982,127.291,-38.835026,49.27745,-47.653137,39.645294,-3.472949,7.4645457,-27.075375,-4.900299,4.8575897,5.8199697,1.5709556,16.16755,-2.3419564,-2.8806815,-2.5254502,3.1806443,9.643108,-2.0999296
-149.51631,112.354675,-23.989908,38.1763,-50.349476,46.863754,-17.405851,18.848833,-20.8424,-4.1363096,15.543858,10.041307,-5.5785675,7.215143,-6.327169,-3.1158123,-1.9754871,8.252796,9.10114,0.31587976
-170.2177,150.50385,-55.468155,26.17775,-28.336754,25.516434,10.831837,19.738617,-23.880104,6.902313,24.157093,3.7827926,-7.376159,-3.6590548,-15.608383,-14.669472,-5.5238047,-2.9124303,18.1217,17.904266
-188.3083,152.00926,-79.83902,24.242735,-12.523268,15.262987,26.706743,13.803582,-35.47111,3.0719683,11.711558,2.4237783,-7.25805,-2.9491043,-3.2281952,-18.25844,-9.630188,-13.189752,8.518008,12.60557
-199.58879,142.36426,-99.4893,16.296997,-14.195772,5.0985637,21.77753,10.974615,-37.461388,0.48813033,8.607175,-6.9531565,-8.847262,-2.2042096,-3.757703,-26.946026,-15.420541,-12.991989,-2.5697236,4.9275446
-198.3761,140.71112,-103.88336,17.18515,-19.590946,-1.7542613,20.29448,8.471209,-35.09266,-3.7590413,6.800707,-5.0656824,-5.4135823,0.9042926,-4.508666,-23.669067,-17.276718,-19.048683,-2.5058417,5.660104
-203.35336,136.32805,-103.95802,22.151535,-13.174139,3.7127476,19.549547,3.2696834,-36.14438,-7.5361357,11.340376,-1.5653856,-4.498252,6.799161,-5.6661987,-21.02055,-13.331736,-17.093975,-5.163018,9.522135
-213.89246,135.36949,-96.86269,22.659763,-18.04489,0.81501013,26.306484,13.807507,-25.614223,-11.151144,6.585952,-0.21683484,-9.01618,7.1024647,-9.30135,-25.428526,-8.494356,-9.660374,1.9136858,14.811508
-219.66269,136.4612,-98.3285,20.150719,-19.9468,-2.842337,26.013763,11.750959,-25.405159,-9.4125185,6.68725,-4.306589,-17.184204,2.1180952,-4.3193636,-21.880398,-3.6685035,-10.252609,-4.1876554,11.261423
-218.20073,142.0523,-95.05877,20.79826,-23.126352,-5.648594,28.44499,6.2608595,-26.617874,-12.463199,6.5129657,-3.5643811,-22.745075,1.5216687,-5.4762335,-21.734531,-4.6843195,-7.645164,-1.9666193,15.000759
-204.90633,151.90796,-86.67756,31.711124,-10.389357,4.1681466,24.575714,12.89435,-20.648258,-10.593648,6.9184866,-6.058392,-19.467356,2.0447292,-9.226371,-26.263817,-1.2207628,-9.818759,-2.9033365,14.865282
-164.02939,132.76141,-67.935745,36.95504,-21.383507,36.28864,7.8563437,32.633514,-15.198231,-5.3642964,14.043521,-10.082444,-15.104782,1.380831,-10.442449,-25.477798,-1.915046,-5.550372,-0.0647091,13.940393
-178.79167,127.68907,-60.416912,33.82805,-29.019617,31.907194,10.981337,23.562748,-18.717669,-6.202833,13.95408,-4.3833,-18.026897,6.2689548,-14.838886,-28.177223,-9.198284,-17.448387,-4.903818,11.162614
-203.35448,147.92482,-74.8076,38.60821,-10.468985,15.019493,20.790852,20.463509,-10.052898,-7.041003,14.109592,-8.549383,-21.724491,-0.63557005,-14.591398,-30.30736,-18.090128,-27.049652,-10.574352,11.785495
-210.4757,154.1715,-80.57988,32.456127,-8.761591,10.001754,32.8461,21.363308,-12.486713,-11.168379,13.440336,4.339827,-22.673729,1.2921509,-7.211527,-35.20306,-13.682907,-17.09383,-12.917487,10.567584
-223.37599,163.43701,-70.5856,24.928444,-15.602235,2.6531672,36.144318,18.70723,-5.8897786,-10.821318,8.882006,6.9093275,-30.785427,-2.1792502,-7.226006,-36.146748,-15.9012,-13.778776,-13.460121,7.745216
-237.54318,156.18051,-65.43416,27.343573,-2.3340225,13.22972,40.57641,20.826542,-8.982164,-6.5243216,-2.8741708,10.715475,-20.936478,-9.003368,-1.8945562,-33.419796,-17.998108,-14.26178,-9.062468,11.755208
-243.97563,158.75397,-59.66307,27.996494,0.046532154,6.2616005,28.531097,11.647726,-18.244476,-7.97794,-3.841043,6.0782485,-18.520893,-6.3857956,-2.310625,-33.491188,-16.978773,-15.746733,-6.6554375,7.2820463
-244.08383,159.52135,-57.000984,29.160828,-4.9995503,7.015793,32.141113,10.356411,-11.982704,-4.9764194,-5.4947133,9.868249,-22.651909,-9.866249,-9.49808,-35.68429,-9.651051,-5.9894843,6.1775417,3.5907307
-234.24504,139.85144,-58.88777,40.66906,-11.729262,21.604092,27.928473,10.360483,-4.701227,-1.4163526,-5.122967,8.684223,-11.524105,-11.835175,-6.481022,-29.045494,-13.445688,-13.198627,3.2457452,1.6173289
-125.83562,75.29335,-34.210693,66.633575,-63.81292,37.6671,-1.5859976,14.525093,-23.847471,25.188541,-20.930836,6.8206673,-2.0214643,-4.628009,1.7753377,-19.714407,-8.93852,-11.52483,2.5090106,2.7577262
-97.87135,79.96922,-38.580017,63.20041,-57.51912,54.298485,1.5136102,28.138523,-13.116167,16.679306,-11.162983,7.6755714,1.9026177,6.671551,-0.11879903,-5.2530527,-6.7198668,-6.512149,-4.7428474,1.9797813
-148.46715,106.03055,-48.847496,53.43889,-48.65876,41.272217,13.423876,16.193396,-19.83074,6.0691795,-11.623614,6.7302656,-4.850236,-8.162428,4.4982557,-6.568995,2.1891487,-12.445925,-11.896709,-2.3152924
-191.0366,126.745316,-45.144936,50.955387,-26.165794,31.258186,12.641572,17.390665,-15.319812,-1.6783516,-4.8312216,5.107355,-1.4385498,-4.8278766,11.216341,-5.3229966,3.5805721,-12.090073,-16.935663,-2.137622
-224.39543,140.57368,-44.608532,40.399925,-9.651899,30.401295,13.827214,9.176077,-14.785222,-4.48063,-2.701163,2.5842774,-2.332952,-5.4578934,6.445719,-11.011896,-5.190318,-3.6472092,-12.052153,2.9040456
-240.2709,145.81393,-42.749992,45.958344,0.38445327,18.392702,13.964522,1.9437882,-6.348938,3.136445,-5.792268,1.910949,-8.653247,4.126875,7.9146156,-12.296568,-1.282589,-1.16102,-8.20451,-0.80953
-246.95111,151.47672,-46.131577,42.110153,-2.0017438,7.142276,18.251017,9.997322,-3.1040637,1.28315,-2.474901,8.970645,-5.5747833,-1.2413261,5.468175,-7.6967697,-3.2835655,-6.503273,-7.826345,-4.9254394
-249.61316,146.6008,-49.136204,39.235962,-2.5847538,10.709354,23.049423,8.654073,-7.078317,-0.11124396,2.1761353,16.035715,-3.5855021,1.3655415,3.9748428,-15.127798,-12.086874,-5.763547,-8.511765,-8.41197
-257.4292,153.92477,-44.613403,32.674904,-2.2778256,8.360893,21.13559,3.5639915,-10.56954,-1.9922137,1.3788296,14.091457,-1.859311,0.9400593,-1.9636806,-13.756109,-11.23971,-8.337103,-13.274811,-6.6953692
-266.32446,149.05289,-45.293133,37.967667,4.706234,6.286974,18.852594,2.7693684,-8.811735,2.1153908,2.4463892,12.517147,-5.1579976,2.4150007,0.24843895,-15.691772,-15.330341,-15.897657,-14.35285,-6.752249
-248.60683,147.29224,-55.3296,35.11511,0.9824079,5.5992126,21.675922,16.872335,-3.2933855,5.3488765,11.031059,15.8461485,-7.777047,-6.100934,-7.16917,-19.528547,-14.834323,-12.189571,-13.073805,-2.2395234
-164.66635,157.06413,-39.110554,42.130173,-34.02497,21.193377,9.861835,9.701218,-33.66038,-17.23468,-4.992079,-9.396063,-8.404999,7.958054,1.9239305,-8.832699,-5.5516453,-8.67223,-2.4347048,-0.9932548
-183.97612,104.65816,-19.85606,48.424778,-28.164358,52.493523,-19.06706,19.632755,-19.512001,-15.270611,3.931074,-1.0758976,-14.019379,3.7432213,-0.39190006,-6.4424014,-11.747032,-10.19257,-12.427271,-9.566631
-221.93042,99.72104,-30.934912,47.480988,-20.562714,41.208305,-15.874785,21.976885,-10.283974,-12.218607,5.439583,-7.282371,-18.42068,-1.282825,1.2140075,-8.6461735,-9.076816,-10.289955,-13.173603,-11.849821
-266.05545,126.95209,-30.86949,42.181732,-5.8309364,24.693583,8.66783,17.779343,-1.4523247,-1.3865991,9.213348,-4.1006494,-13.973869,-3.6310031,-3.3692973,-10.276275,-20.648745,-13.668943,-7.8125005,-0.16007668
-285.28543,140.27411,-32.324608,40.365044,8.712574,16.271791,16.122362,7.6575804,-3.9622905,0.82805896,7.272731,7.913563,-12.643206,-10.219301,-10.119831,-14.89212,-22.49089,-14.7437935,-4.4708004,5.8663797
-290.24774,154.44208,-27.34613,28.566006,9.354788,9.80094,17.071976,15.342844,0.36450696,-2.3310523,-0.8906445,8.782036,-11.39665,-4.1828146,-6.2519712,-15.28649,-16.625845,-11.053607,-9.367347,1.1239271
-299.81488,154.09464,-32.555546,21.912525,10.860712,10.420597,17.28609,8.941507,-6.9526663,-1.3932369,0.8848568,1.6318355,-10.1281185,-2.4166307,-11.655717,-23.487883,-20.429714,-11.506451,-8.95154,1.3446693
-299.77576,148.3197,-33.750885,27.464426,15.29447,7.0667152,15.99239,12.334026,-4.8453174,1.7102191,-0.73909074,5.859539,-12.084641,-8.917215,-13.508304,-20.77801,-17.302357,-14.276473,-12.027536,-2.2980986
-295.87018,148.34937,-45.5098,14.2573805,13.978184,12.578665,16.8221,19.926773,5.760949,2.8285797,-1.4905329,7.068323,-2.681531,-1.4871476,-9.4446945,-18.386806,-16.785877,-15.827823,-18.211376,-4.2159243
-263.70563,128.68796,-39.674103,29.743698,-1.5929956,31.53846,-2.5844917,21.263927,0.23799074,-9.150887,2.5149744,-1.5332136,5.324606,0.38466167,-0.05732441,-8.5798855,-18.704706,-13.254142,-10.999725,-2.1689162
-138.63675,110.42158,-31.5186,71.22456,-24.060314,41.34706,-13.244902,24.679047,-17.908348,-2.54091,1.6702037,-3.731298,-3.088901,-0.804696,-9.567094,-12.784222,-17.695728,-1.7724757,-11.425158,-13.390081
-138.9622,109.59833,-17.441208,56.73175,-32.08367,57.06431,-18.9515,29.073807,-5.923644,-3.4191897,2.5132415,12.519133,2.8913183,3.416503,-14.093139,-19.257027,-19.51853,-7.8732147,-8.817594,-0.7020787
-198.71782,139.2364,-31.644665,53.407497,-6.537849,39.850464,-4.8378077,19.672894,-3.0256038,-11.624701,-8.400582,-2.5986767,-2.99327,-12.440889,-18.303627,-19.456776,-7.723926,-11.511581,-10.476365,2.1186728
-202.07405,145.8735,-59.180386,59.80716,13.448165,13.663788,-6.0863085,27.527489,-9.741257,-7.6105757,-12.020748,-10.925709,7.7851677,-17.895844,-11.600552,-20.606976,-15.335308,-15.545464,-7.2976394,7.0131326
-204.77592,135.33029,-71.534836,77.650314,31.4045,-1.0329528,-2.0853853,33.937744,-23.506172,3.2773798,-12.123661,-20.500896,12.163088,-26.501663,-10.955037,-10.783316,-9.868013,-11.842649,6.968698,16.646715
-205.78587,133.03412,-76.94057,84.228134,38.981373,-10.4390545,-8.355402,24.383162,-24.580112,-4.8945017,-18.17901,-6.3897443,6.6904707,-33.073063,-6.1336412,-2.0311906,1.7008528,-3.483316,17.512688,26.832909
-221.43907,140.55351,-72.08345,82.92565,44.14932,-14.805307,-12.382896,16.616251,-17.359192,-0.6813151,-19.24031,-7.915245,-2.3636456,-28.338013,9.421606,-1.9429519,2.277173,7.552283,20.987091,27.059746
-233.41551,137.38623,-58.984222,78.684975,35.971527,-2.2736511,-7.218463,15.105383,-18.900394,-2.166083,-16.770107,-14.977495,-0.29867554,-19.975826,10.090672,7.7370834,6.4811344,15.464181,16.852135,12.407355
-258.63666,129.26831,-42.343414,77.39845,19.831589,0.5187357,4.814099,16.859024,-13.708907,-6.1135516,-5.620601,-0.85450464,-6.458022,-9.124163,10.180524,-4.189758,-3.4785612,0.49771842,11.108032,9.564851
-262.2902,122.54261,-47.22538,76.041756,23.503979,3.496785,0.082241744,13.2232685,-5.6664314,-4.915403,5.7414074,6.359845,-14.136009,-10.65541,1.7535299,-2.9998233,1.7324553,-2.4012353,7.1593466,15.780556
-231.76128,140.66309,-35.190163,87.48445,16.666943,4.9267435,3.6997366,7.3062,-9.742456,-7.517557,-3.39796,-4.4680963,-19.891033,-10.18392,-4.6697745,-12.214275,-7.1358905,-2.3395562,0.16266957,1.1412184
-159.79457,168.89482,-51.871502,71.64264,3.1946995,5.052394,-10.893745,-1.4955864,-13.747791,-0.78273237,-4.6027074,-11.335606,-12.319045,-3.2389526,-3.7620475,-19.320078,-14.44116,-2.2821631,6.7094226,11.150343
-157.81894,148.65164,-93.667755,54.392525,-12.972725,-7.0336633,-8.159944,-6.9142523,4.6350822,19.412846,-5.997551,-20.984184,-29.511644,-13.229071,-12.815462,-24.704578,-11.802491,1.7393951,14.870825,18.811214
-163.52025,114.057556,-75.710464,58.59328,-12.788444,29.728924,-5.375661,9.061124,-8.140551,6.2432947,-1.2233689,-22.224842,-22.367222,3.1687024,-6.325814,-24.949177,-16.543694,0.64720094,18.339565,20.260883
-196.76218,128.02809,-83.95239,55.56163,-2.781156,17.651964,13.351446,3.647449,0.6031717,12.327868,-0.634039,-21.698246,-16.723923,3.9525857,-4.8308973,-15.36949,-15.794004,9.251713,26.393486,18.541576
-199.64642,127.475266,-85.06583,57.860447,0.89297676,9.129247,5.229808,1.2847106,7.239138,14.56917,4.056121,-5.1879435,-22.060783,-1.9208933,-7.060305,-16.050762,-14.533846,1.2997587,33.830227,21.46796
-220.7477,133.11536,-62.811474,50.514877,-1.9758804,12.169544,-5.3496118,-1.2262998,4.623654,11.883621,6.4114,-3.549236,-19.987537,-3.6946952,-14.154332,-25.863777,-15.145096,-4.3748817,24.623394,31.497267
-267.63297,117.96171,-47.048634,47.80333,7.0801535,17.719177,-1.1420983,15.124319,6.886378,17.429169,7.8097486,-4.757824,-16.706915,-13.450687,-9.950907,-19.77846,-13.623463,-9.39431,15.350722,23.089859
-280.93277,129.43169,-46.99768,43.853424,13.158621,9.292971,6.9670563,16.50565,9.540839,16.110962,5.0087132,-5.929203,-15.194855,-4.1790533,4.5774775,-0.30281246,-1.8046747,0.52304196,13.231705,14.428797
-241.22153,90.77487,-48.99308,50.741177,-27.40258,39.862198,-18.007526,18.741302,12.980981,-6.843914,3.019558,-18.369963,0.9440421,1.9095886,0.095196724,-2.588986,-1.3808157,5.3789787,17.580889,10.013345
-142.5586,42.031998,-43.524956,81.752365,-55.86979,31.893433,-9.445217,6.6475697,-27.674149,25.829437,-15.955965,1.5660868,-8.206761,-3.0754507,0.16503274,-1.6051337,2.1777792,-3.169345,7.462236,7.4397583
-92.81218,91.84505,-34.719467,77.44431,-52.269375,47.75769,1.9788036,17.631626,-21.081694,18.941326,-1.689505,12.819069,-6.6125374,0.2844149,8.072815,-1.1646684,-9.802649,-18.062355,-0.4599383,5.827238
-90.57825,92.14938,-18.805054,81.03221,-43.501915,51.203133,-18.490843,14.397217,-22.599846,24.27433,-2.2070541,12.791496,0.6908516,4.222431,0.7562158,-5.210343,-10.8643,-7.2944202,3.665225,4.8658032
-117.89508,142.7137,-43.184097,62.10258,-33.59214,29.34417,-4.0802956,16.74225,-9.62574,23.714378,9.796832,4.7572145,-3.677259,-0.03370738,6.4147763,-18.24633,-6.2875967,-5.744302,-8.6352825,0.8809385
-133.09508,159.15948,-63.691086,62.52921,-17.830582,28.877054,17.336975,13.235276,-11.420225,5.298762,6.335744,-3.948714,-11.335461,7.228612,11.078556,-11.688871,-1.1815319,-15.236042,-10.329558,-0.5879168
-162.11842,161.15958,-69.55178,57.81745,0.0019259453,28.562172,19.089645,5.851267,-18.901974,0.891729,8.513623,-12.236198,-11.194245,14.470408,9.302074,-9.012298,2.4630132,-11.336188,-11.804167,-8.496016
-165.48065,166.5867,-71.62767,48.10833,-4.298825,26.846045,27.825466,5.195891,-17.827423,9.090353,10.825707,-12.723057,-16.014671,11.058811,3.0875173,-13.447315,4.229764,-7.436824,-5.2758303,-3.6565301
-191.12448,163.2822,-74.97555,40.86895,-0.5022244,27.153763,41.56828,14.39179,-17.74162,-0.52225053,10.092738,-5.958833,-13.097647,8.732954,-0.20001239,-14.339743,0.48315486,-9.2904625,-3.6825213,6.205388
-203.30971,162.10979,-69.60571,40.305542,-5.467861,25.366703,37.554317,9.951611,-10.622505,-2.0752096,13.2193165,2.3518877,-13.982208,10.82128,5.849786,-17.076899,-2.019802,-1.4555627,-7.560793,-0.8393786
-223.25674,166.8208,-54.596413,39.273735,-2.2840254,24.38337,30.007305,7.5064735,2.8135674,-0.24779409,6.6458235,7.9707413,-9.598459,5.062703,1.3822892,-11.550892,-6.4099307,1.9196469,2.4396186,-1.4197986
-227.41968,172.60672,-49.53177,35.146755,-5.1678305,20.734364,25.714962,5.6637354,1.7732311,0.29531914,7.1657534,5.202018,-6.3245335,6.6467285,-1.4302609,-9.28203,-0.36505526,5.565027,5.018463,-1.9307201
-233.29651,166.90485,-46.664795,37.94433,-0.4991014,16.493034,17.599129,10.7909565,1.4351947,6.656316,10.2049675,2.3097584,-4.9553146,6.019287,-0.19042604,-11.841292,-1.9227717,1.5499833,8.204582,6.577097
-234.06639,164.6435,-50.335205,32.092476,-0.28134075,18.704285,16.697197,11.060552,5.3634443,12.470919,19.608004,2.6974375,-13.848017,6.553521,8.519714,-7.8814673,-8.2469845,-5.9568725,-0.9780598,6.2334013
-193.6214,107.227875,-19.315842,43.804497,-27.121008,50.8322,-11.319342,19.992283,-2.808896,4.131482,16.917738,12.974371,-11.087824,14.6103115,0.0886454,-3.1963315,-0.8100684,-5.5068765,-5.055451,1.2746851
-201.98538,111.873535,-22.598602,40.72946,-19.654825,53.63362,-12.178981,19.33659,-0.8857031,4.363407,20.959328,19.909977,3.4303126,15.74996,-8.589248,-11.221569,-6.6450567,-4.360803,-1.4482129,-2.2262783
-231.90807,151.64563,-34.806763,34.495476,-4.577245,28.903996,3.5615785,14.057196,-0.48699307,7.4225774,23.68166,12.866137,8.449167,14.14332,-10.967794,-20.813,-10.1446495,-4.6132026,0.20163238,4.926246
-249.55544,166.13318,-33.325714,28.521408,3.3350065,19.200523,9.152058,5.9410114,2.6918926,9.209674,19.146397,13.961781,4.4330616,13.01421,-8.882847,-12.184507,-6.708397,0.2103383,-4.2016926,-3.2534347
-262.84457,168.27112,-31.50687,30.839025,12.103834,15.42449,12.989742,7.5045166,-0.89363766,6.0554028,16.94461,7.638,-2.9838433,13.692994,-7.7882576,-7.668479,1.1901498,-1.9629862,-4.5446033,2.498153
-263.72293,179.96042,-29.242294,24.761976,10.199064,14.166115,5.205029,4.031175,-3.9864655,0.3861984,16.743607,4.2594786,-3.7872872,12.482159,3.9625392,-1.0199955,-2.143176,-4.9445806,-3.2915568,3.4759896
-259.114,174.29279,-35.46747,29.209976,14.284239,10.9475765,7.596655,7.9463205,-4.775225,1.3511832,10.124453,-2.8113966,-8.438623,13.837826,3.9100618,-0.83484817,2.7068129,-4.8678246,-2.8657143,7.107843
-253.81029,173.30147,-39.080986,27.92389,12.318517,16.344418,13.868231,6.204046,-5.744685,-0.06496945,5.118078,3.7637095,1.5403891,11.98166,1.5797706,-3.774168,2.8110604,2.618132,-6.957057,0.74404013
-217.76773,174.56836,-42.15709,29.743736,-11.3219,8.108401,9.255608,7.141416,-2.2191844,6.7582817,13.925841,11.562695,2.1417878,11.42836,-0.5659696,-4.9986954,5.086178,3.6791186,-3.83018,-1.6205109
-138.39037,115.322174,-23.887741,48.39775,-38.070633,44.966156,-12.731512,23.245377,-19.272615,-9.332695,2.9279785,13.169844,-4.9385357,22.122803,8.30914,-4.009302,1.6335125,7.435279,-5.11384,-1.634143
-143.3898,96.08198,-14.188019,53.6787,-33.83127,51.426933,-22.37325,21.162834,-28.782389,-7.440937,6.7068853,9.959324,-11.81288,23.59675,13.546972,6.983949,1.5551453,6.2833915,-1.4151484,-3.1533763
-192.27504,132.5943,-42.302147,41.98282,-15.439569,29.434269,-3.1886196,24.545393,-17.10953,5.4896755,21.788229,0.9543914,-8.147804,9.260144,4.8854446,-5.2108507,3.8954144,0.93466663,1.3039399,-2.23177
-205.62927,150.96518,-50.761322,29.682043,-11.862112,19.566586,7.644185,16.86173,-17.88094,-0.76018727,27.572445,12.311301,-10.809426,4.251089,0.7452831,2.6170037,1.330784,-9.902945,-6.563676,-5.8417306
-213.5538,156.35526,-65.954285,30.773243,4.7323513,6.2040424,6.5328875,19.351738,-13.625019,12.637068,23.556734,9.563944,-4.9842944,6.843037,5.0500116,0.024725795,-2.7645288,-20.826075,-2.52847,-8.295885
-219.98364,150.65009,-71.24847,31.053646,7.9659824,1.675144,11.237985,22.405455,-16.30989,14.1715145,30.741438,17.139488,-13.220751,0.100256205,14.750455,-3.9734108,-9.035099,-15.896185,0.009073436,8.01385
-218.48836,155.08966,-74.81302,26.745201,9.911276,0.9248903,9.696171,17.95458,-12.345302,21.28751,26.283054,16.015694,-12.617567,-2.5021076,11.863171,-9.169858,-8.9299345,-9.668867,5.58035,18.027098
-226.27606,148.04506,-84.545074,21.566551,11.080796,-4.926522,-0.52535003,12.873206,-19.707958,22.454695,23.026695,11.416765,-7.300673,-8.648688,10.75516,-17.266613,-15.002775,-3.581923,18.933407,39.230453
-233.60445,151.4234,-74.849915,22.008163,10.448857,-6.35989,-8.691013,8.402163,-21.761024,18.057407,22.641342,4.696523,-11.480921,-11.353401,8.112418,-9.640146,-9.502081,-6.019574,15.35945,29.237518
-241.2971,150.3891,-68.78958,16.54374,11.969032,5.975892,-16.854988,6.2007446,-22.323416,6.1559234,16.455528,-7.5381584,-16.573652,-14.324648,4.6929636,-16.789059,-6.775914,3.1709807,11.585553,18.592026
-225.55363,159.74884,-51.200794,31.724907,22.77569,29.214966,-1.1177156,8.021428,-11.7504225,6.681472,-0.95834965,-9.294958,-14.237442,-8.207073,3.4890833,-10.056347,-5.646108,-7.4861355,4.9661875,13.887265
-184.84015,138.81021,-31.438797,51.164413,-1.011907,30.16351,-21.094845,14.48611,-9.71448,3.9611185,5.9403634,1.247711,-21.709415,-4.7136173,0.14424944,-12.176046,-8.974314,-13.754429,4.255363,11.280879
-182.16928,111.02861,-32.387016,55.52809,-16.503532,33.76146,-7.914548,18.424366,-11.600805,8.089582,13.973782,-0.9350325,-25.732742,-1.3269911,-12.311462,-6.6799297,-10.700877,-20.080048,4.521643,10.157259
-218.70607,134.32266,-43.717674,51.947716,-8.322107,18.620253,7.7239447,16.05701,-20.758083,8.144747,18.601555,-16.99442,-11.952063,-2.5302858,-12.015444,-0.51917017,-4.008968,-20.032722,8.557739,8.149864
-236.42233,138.42581,-39.30072,51.60425,-2.9968786,14.002634,6.1402783,10.665553,-16.071234,4.185071,12.669155,-15.205168,-17.696274,-6.02463,-10.420175,-2.6993403,-3.0869167,-12.088419,7.862792,7.258975
-235.2569,130.06967,-27.152748,62.44239,-5.8509326,12.930272,-7.3689156,-0.76703274,1.8573503,17.245964,13.045267,-5.879363,-29.351686,-14.64427,-11.539497,-4.483815,-5.219553,-3.037362,6.20645,8.424548
-282.44797,133.14322,-39.263275,36.852722,11.7920685,15.814894,0.82450104,13.570372,1.7960883,14.562862,19.27208,-2.2262444,-13.429469,-11.06529,-7.3503723,0.07994038,-10.079433,-13.696348,-6.9483204,2.0655055
-302.05206,142.57172,-38.398285,27.712624,17.214634,8.654932,11.050867,3.7728999,-3.8543837,17.732853,16.299149,5.390862,-17.173523,-0.02743262,-0.53354347,-7.0804367,-5.9189177,-5.0853653,3.199397,4.998785
-292.76364,130.62108,-37.868988,46.727592,11.599531,25.959997,12.892517,7.4583883,7.472713,11.41684,16.563513,0.3806306,-14.555649,-16.188873,-5.5775504,-3.9098065,-6.7679014,-2.0995514,1.6953743,9.725642
-211.31142,72.28694,-40.434875,75.02786,-38.96915,42.138367,-3.1568203,3.6904042,1.5593884,16.265553,12.325544,1.854476,-7.6055627,-16.765083,-12.62461,-0.8270054,2.8222034,-0.3649189,-1.1067514,8.269858
-122.23776,109.78703,-51.66875,55.416077,-45.813637,46.806835,3.0916507,21.243492,-6.6453667,1.1254488,6.4842634,15.601631,-0.3637765,3.9536803,4.401365,2.6794705,-2.3603876,3.5988796,-3.2117493,0.90479183
-94.24844,73.44664,-22.343254,79.56981,-64.70822,43.8322,-14.478992,16.28632,-19.13394,14.366507,-14.84816,7.8394675,-3.9392564,2.6747108,-0.8961309,1.4042839,-7.7214622,-12.911528,-3.1795712,7.279905
-106.53346,98.80972,-26.748726,89.52428,-49.726254,27.124672,-17.947529,8.724825,-23.494875,14.423119,-14.928581,9.219505,-2.4765446,-9.5311165,4.69613,-12.761638,-4.8448524,-12.334717,-4.3884444,0.46110082
-133.3062,118.57039,-30.951536,87.76367,-41.513603,18.004526,-14.108637,5.441353,-22.70845,5.6785865,-12.118071,8.561642,-4.7780695,-13.812796,8.547983,-10.905821,4.2975535,-15.981325,-14.601765,-13.392003
-154.31609,142.22855,-38.922302,70.27147,-30.223198,15.249662,-2.5191662,6.726417,-17.259823,-2.7142255,-5.1578054,9.32769,-16.438108,-15.225897,12.720647,-6.5981464,6.762864,-8.795578,-17.550074,-16.765684
-181.85997,154.34152,-39.23549,61.860847,-21.680065,6.6795115,6.564501,11.096321,-24.443298,-4.270865,3.8494756,5.634692,-15.885912,-12.657938,11.576455,-6.2652006,6.984264,-5.9346232,-14.338814,-18.081123
-207.94902,161.43358,-35.215218,55.10158,-13.38641,2.9444628,0.7392094,1.420014,-17.662264,-7.4140577,-1.4544755,4.8236074,-12.157837,-4.970686,8.890293,-5.4230595,3.998085,-12.218129,-18.102325,-14.595104
-223.75868,166.98346,-35.16936,47.574265,-9.902949,4.920406,7.9885845,-0.12749934,-17.800896,-4.693201,-10.284449,1.8103458,-0.9608166,-9.69906,5.224188,0.39874452,-1.571738,-13.523834,-12.74343,-10.614439
-235.43921,171.59378,-33.407597,41.80172,-8.064898,-0.91179943,1.443717,2.303455,-13.256187,-1.6062049,-3.6951702,4.5941725,1.1790755,-10.726061,4.2230377,-10.445926,-7.7054286,-8.340964,-4.876425,-3.437399
-245.2313,171.14471,-32.886673,36.706573,-4.209112,4.0564876,1.2001967,3.463111,2.6496863,-1.5224786,2.1371703,3.6010182,-6.4692254,-7.8299656,-6.662975,-4.4483,2.6520967,-3.9131796,-2.1274328,2.7683725
-256.27243,167.34164,-33.81247,37.50262,-5.2183456,0.48653096,5.340352,3.4027343,9.74646,3.31001,1.400147,4.155334,-5.6317644,-1.3741845,-3.431947,-8.129066,-5.8047037,-0.83847034,2.3650122,0.5953798
-182.66815,140.39029,-26.158817,40.508263,-40.0054,27.695292,-4.1154456,7.1521435,-6.803459,-0.7423136,-1.5831537,6.215328,-8.973261,7.7337704,1.5822504,-5.310102,-8.047482,-9.114791,-0.3176973,-0.4598019
-196.12338,112.494865,-5.8788834,37.974213,-33.459423,44.895966,-21.853498,25.052204,4.0468364,-1.328448,2.7959452,4.894562,-15.098258,8.160756,-3.2212043,-0.70128095,-8.646811,-10.433954,-3.122669,0.42810616
-218.05525,118.769585,-5.0808425,41.846634,-24.698517,36.91031,-22.334633,18.244183,-5.6965294,-0.9716642,13.1381445,10.102638,-2.6235304,3.1363912,-7.656686,1.4351318,-5.807149,-5.394417,-0.29884306,-6.5888395
-249.84796,149.90253,-19.563698,40.031837,-7.2345543,18.733585,-4.816687,8.096871,-5.245964,-7.3453784,14.961439,6.036756,-7.69983,2.8646984,-4.5145974,0.94459534,0.93350947,-0.79457873,-5.709981,-10.394539
-266.43527,161.07063,-17.988428,39.901974,-3.6732874,6.851945,6.544053,6.8811874,-9.0779,-5.335996,6.119296,4.5041947,-6.552192,4.288981,6.3565617,3.6286044,-2.857297,2.1386461,4.0076575,-9.6975975
-270.8383,168.14066,-17.104992,33.787636,-3.537156,2.568289,1.3112595,-1.187634,-3.928475,-4.6093674,4.7401657,8.612501,-3.4196708,3.7946458,1.2201893,8.0352,2.3564522,-1.8792063,-4.573351,-3.3047898
-288.42178,167.45465,-10.331238,33.63228,-1.6032047,0.25202048,1.9878396,-5.6934996,-9.328507,-1.7249345,9.778042,10.568682,-5.9657946,13.926222,13.343809,5.6952753,-4.1375256,-10.208501,-0.23547739,0.20862228
-298.61942,166.35562,-11.417099,28.713982,0.69099337,3.6038966,3.9286904,-6.8069067,-7.802837,-0.45678413,7.8545446,9.3634615,-5.4055643,10.534624,11.060245,10.867133,3.657351,-4.4557457,-1.0184772,-2.1207232
-299.67853,164.74997,-13.727268,32.90298,5.1535983,-3.5882726,1.132361,0.48986995,-9.561473,3.9746928,5.863858,3.6089945,-4.299291,-1.3867834,8.709915,11.920433,2.2473233,-4.7596793,-9.255026,-2.2505922
-263.52283,152.02719,-26.77319,33.701202,-0.99895114,12.43726,0.6817143,14.4424305,-2.9475565,0.159659,-0.20922238,4.1279445,-5.775482,-2.2660775,13.902403,4.121909,7.3676224,8.616744,3.1954732,-9.04726
-175.24475,108.067276,-7.297629,62.600697,-24.152506,52.423004,-22.029282,23.637808,-10.654788,-11.218733,-2.529167,-5.1236877,-11.733674,-2.7112908,-7.1837883,1.0244279,-3.6208003,-5.5602884,-6.128104,-4.3288136
-146.85414,95.112366,4.4607058,62.93406,-43.638786,51.78538,-33.378555,17.795101,-14.741602,-5.6781516,-7.5431156,9.662096,-3.998465,1.0032748,-14.035405,-6.870912,-16.786255,-14.83215,-5.7871842,1.0548635
-207.28142,152.0805,-20.064598,35.60845,-30.546871,25.41101,-6.1475296,11.818197,-7.761961,-13.594286,-1.7679279,-2.36484,-13.395087,-1.7362558,-2.1757588,-9.420094,-7.024927,-0.94515926,1.370213,-6.4038563
-169.71225,179.92133,-68.78117,18.186502,-39.56543,0.8576154,20.901089,3.740994,-18.565275,3.193108,24.78381,2.6263123,-30.121862,-4.8484635,-5.500882,-5.3551903,1.9431365,-1.029113,0.70889425,-18.381449
-180.92421,147.97475,-89.62964,38.90017,-21.358416,3.4250216,29.505512,5.2554426,-17.5703,1.1666051,9.639795,-3.635766,-30.607788,0.9117638,1.6037543,-7.088687,-0.19017434,-8.215218,-11.961786,-17.650948
-190.8127,150.70465,-92.35762,31.93903,-22.05146,7.9881244,33.96426,4.9993544,-14.21405,3.6566772,9.621049,-1.6716868,-25.37825,-3.5351267,2.6773796,-5.556778,-1.7485656,-10.192918,-8.711922,-13.743181
-223.34383,162.90887,-67.93322,22.14329,-22.346952,0.30066824,32.56953,2.9821455,-25.030579,2.2244341,9.830206,5.0139236,-14.018045,-2.3055964,5.307684,-3.7841184,-7.1356335,-10.705149,-5.0448503,-7.195715
-283.75314,177.41165,-37.34288,18.929014,-3.1949759,-4.8432302,25.15195,9.564104,-9.35786,-2.022663,9.153536,7.9616094,-5.8635387,3.2075853,6.4078345,-2.9118474,-3.8886669,-8.537314,-11.779667,-9.806324
-301.38522,157.29742,-35.775177,18.706614,0.46117628,2.7509375,21.148293,5.7881813,-4.9181175,7.475569,12.209556,5.1652412,-10.20187,5.053242,10.0272,5.4465685,3.0745935,1.168298,-10.085884,-10.135582
-297.53638,157.29195,-32.71684,23.452744,0.69449687,2.5076299,27.02192,10.015961,-9.656148,6.7914715,12.157528,8.485023,-5.9720545,6.4447923,5.015005,4.937089,10.148273,0.074763834,-7.424947,-8.3064785
-266.54214,153.76678,-29.139046,41.630253,-4.702483,13.581734,12.189028,-0.56476235,-13.050499,-5.6844606,10.65004,-1.241233,-14.043644,-1.9537909,-0.81110466,0.81421995,-2.4520028,-9.9142,-11.552312,-4.335244
-221.38759,149.12413,-24.65834,53.42986,-13.739068,20.27207,-0.39762187,13.274491,-14.496075,-5.8380814,15.042629,-2.0755086,-2.747023,-3.4750857,-10.740089,-12.666751,-19.949215,-17.837025,-7.169983,2.86277
-218.02412,110.353424,-9.702264,43.855263,-35.567055,46.8989,7.814726,17.55806,-8.307165,-9.0599,7.4497952,1.7768615,-25.932446,1.607959,-7.986469,-6.842145,-16.326519,-8.6623955,-5.2126074,3.5765226
-181.32584,160.88815,-49.645054,24.372482,-49.530056,3.139849,17.375381,15.519489,-17.046213,1.6448112,21.045475,2.0226226,-25.352459,-11.267393,-15.563426,-4.3890724,-8.073656,-14.340879,-6.3592625,-21.179247
-201.90979,142.47318,-77.81935,30.567406,-28.045658,5.348458,33.503433,17.821703,-10.56222,4.1181035,13.918333,1.6406795,-23.864037,-5.5302076,-4.752625,-0.846771,0.6354104,-8.046993,-14.6138315,-24.092876
-208.40775,144.26782,-82.39679,34.47651,-22.600306,2.4960148,39.95682,12.127411,-18.657938,3.4580288,12.953579,2.8263245,-22.384193,-1.4844985,-1.0682936,-5.332178,2.657494,-8.964393,-15.46623,-26.911655
-225.03616,152.11087,-68.11,35.763268,-12.950108,-5.8852463,33.1224,12.299593,-24.718845,14.771151,13.89258,-2.0326085,-22.561863,-4.477762,2.0582747,-7.841133,1.3533951,-9.474676,-14.717636,-26.173706
-252.91768,169.66922,-54.93717,26.845482,-2.42573,-10.868356,24.641626,-2.02851,-35.809372,2.55817,10.550282,9.227863,-6.349026,-4.233093,2.6304934,-0.8873038,-6.9479985,-11.487572,-13.435526,-31.160503
-298.1272,151.27509,-44.02483,19.541637,2.1912763,4.575848,29.930237,10.960129,-9.459961,-1.1440666,4.382701,-0.6536026,-18.682896,-5.3130975,-3.7733016,-1.0082301,-1.4772947,-11.180322,-18.39635,-18.035975
-286.83917,153.23473,-37.36808,25.063454,-0.36904716,1.2946318,29.545544,15.476158,0.7387754,9.492701,1.2687485,-1.5201309,-21.613985,-6.6528893,-3.3897572,-1.0620307,1.5904669,-4.3796186,-13.132226,-16.834576
-207.03355,134.48619,-20.120438,47.36789,-32.605637,27.84977,-7.883597,9.59066,-7.623438,-3.7339244,-4.683566,-1.4003155,-13.430578,-7.434465,3.1280215,-8.5515785,-2.0692697,-4.7886143,-13.428484,-11.721627
-68.48919,101.69891,-25.44014,70.59251,-53.1351,59.75201,-9.680975,18.792583,-27.945465,5.7338905,-18.431183,5.030885,-3.16653,-8.048328,-2.3468623,-2.2332134,-9.134653,-15.16961,-15.415735,-3.3157349
-82.97777,113.06387,-36.26281,80.64877,-36.69333,46.783203,-0.6274693,21.184143,-19.860283,19.040474,-17.597328,6.580886,2.397095,-9.9704485,7.352951,-6.1720324,1.4736497,-11.731816,-6.046399,14.654291
-121.46315,122.26666,-27.139296,91.49463,-27.186419,33.095856,-8.474014,12.639747,-25.348679,8.405605,-14.458572,10.130554,2.6835938,-11.2209425,13.171809,-12.081036,0.72814476,-12.272584,-1.1340233,4.237109
-147.51443,140.6175,-32.872086,88.27114,-8.398184,26.375238,-15.162352,9.66316,-15.904879,-5.395636,-11.333477,14.534235,1.7097154,-8.376551,12.955229,-19.27262,3.3320518,-11.612978,-7.459649,0.5232556
-171.55774,144.63004,-38.54786,77.16422,1.7202674,29.166794,-13.93438,-1.4558846,-2.9199672,11.7090645,-1.0992919,3.329764,-5.6692305,-0.87821174,10.310539,-15.274246,5.8829937,-4.644203,-3.2428908,-0.85153234
-175.99974,161.85083,-55.31295,57.16973,4.4112463,17.875954,-2.0005314,8.487094,-0.9283636,23.83891,12.5992565,-9.892492,-17.489895,-0.93898094,9.097582,-16.617609,-1.7936538,-4.5712824,-3.2488246,-3.9257488
-182.21251,165.51794,-57.50585,51.828377,-1.9268594,14.921597,11.382347,10.567717,-7.3800993,14.341642,13.457478,-3.895413,-15.076103,6.714392,10.675396,-11.475625,-1.8980367,-15.465003,-8.84055,-1.3485289
-200.79964,169.89037,-60.601517,47.220833,4.773798,12.825075,24.301878,19.879097,-1.7266788,12.22833,15.220676,-4.7898393,-16.390905,4.187261,5.06139,-1.499608,4.238698,-16.381731,-10.733616,-5.0750494
-203.87311,176.09937,-62.281105,39.181007,-1.5121422,10.320668,40.05168,21.039387,-7.0666904,4.9538193,17.001862,2.9956768,-15.208633,11.836708,2.225924,-3.745551,2.5941424,-11.338917,-4.3780794,-5.612055
-211.16243,169.96654,-56.2378,35.23505,-5.105252,11.861954,35.120575,30.067698,-6.398771,7.677888,15.725758,-1.7414812,-10.492247,9.185576,4.5776124,-2.1408467,6.8676934,-9.345961,-10.07946,-11.6002
-211.73782,164.0293,-60.87799,36.72728,-5.7472906,13.836165,40.545662,27.597906,-5.447405,15.678734,19.907967,-0.90347415,-16.258417,6.252903,3.3489876,-9.838401,2.6951349,-5.262311,-12.055927,-13.9996
-188.26321,125.52215,-40.084167,48.065975,-25.649902,42.136723,20.834064,33.99556,-3.3737988,6.3452616,24.957588,2.9153528,-18.458477,12.532285,3.2520788,-14.63537,1.679388,-9.080837,-12.651148,-5.8922105
-196.15688,140.42145,-42.781456,47.248436,-17.782066,33.009552,18.70435,35.66667,-5.15512,1.2263962,21.384113,-3.096542,-13.407112,8.251741,2.3671408,-13.876712,-0.2909785,-3.3569026,-6.801114,-6.6568623
-209.37755,158.55276,-52.529884,41.77994,-6.5273128,20.414526,30.61881,28.964218,-7.9746428,4.552312,18.20799,-4.118552,-13.130234,9.826278,5.046165,-7.7953677,-1.7077569,-1.8576118,-1.8757939,-8.573065
-213.41258,163.04803,-54.966682,42.74527,-2.064858,18.462444,38.39098,22.081133,-7.539767,4.838883,12.812738,-0.28108883,-13.314217,8.757462,0.42546904,-9.430059,0.5903523,4.806018,-2.4769568,-10.046349
-218.34093,169.2868,-52.998257,43.267113,-3.5892959,7.3300385,40.942238,18.681505,-7.7722845,10.67935,14.693263,2.671698,-12.311428,7.654744,2.3316789,-7.2174664,-1.4235926,-0.068217516,-3.2844915,-9.999369
-227.79956,169.70596,-54.333145,42.221504,-1.6818365,0.93457675,42.283157,23.623003,-1.0935783,14.349413,10.914201,2.4678845,-12.675127,7.113144,-0.43197617,-13.924807,-1.250906,1.7232317,4.180144,-5.584442
-230.24203,168.98001,-43.932686,39.329266,-6.9639964,-2.9838676,37.831745,16.279148,-8.188722,22.776787,20.233501,13.702053,-7.581978,9.26673,-11.245818,-16.425331,3.0761428,-0.7300243,2.9751978,-5.2105646
-239.93297,178.27042,-35.646915,36.116146,-4.002461,-9.3807535,23.76196,12.488485,-5.847802,19.652018,13.121944,15.560444,0.22170842,5.2022886,-11.637109,-15.381676,5.6678987,-0.4473216,5.34565,0.44659865
-236.65332,175.454,-35.354874,46.132668,-1.0416497,-10.603788,5.2082872,-1.4474989,-5.770892,2.65275,8.099256,15.811018,-1.372406,-5.291504,-12.704277,-8.085891,1.4130499,-0.15522641,-0.57734096,2.9464688
-180.88284,127.033295,-27.24155,68.881874,-26.882065,28.709454,-14.902941,14.36548,-9.229875,6.103876,8.724636,3.9456377,6.5350404,-9.903975,-7.5080614,-13.48048,-5.61555,-7.2926416,-6.7079115,-8.612019
-72.53194,87.163925,-29.06927,83.52861,-53.426376,47.509567,-19.771225,15.215986,-22.582993,8.678198,-18.720987,7.5089545,-3.6755385,-7.7448034,-7.0937834,-8.548002,-5.7837267,-9.31036,-2.7194738,1.8650994
-73.5608,127.10651,-33.25989,72.2721,-50.399677,40.06575,-9.212322,17.824791,-20.067604,19.881702,-11.742454,-0.96185875,-8.396733,-16.949625,1.4630286,-11.882832,2.9604857,-3.458912,-4.0624447,-5.839589
-103.5416,145.53494,-71.69144,43.10659,-44.314365,23.969158,8.024591,17.843422,-32.892,-4.260748,-2.635147,-0.10806936,-24.696804,-18.757637,9.977766,-16.836613,-0.1464419,-8.201081,-8.485476,-5.822069
-112.65622,171.40169,-87.326965,29.288809,-27.422775,23.848541,20.53391,15.698724,-36.111713,-4.653783,8.266649,-6.570304,-20.91804,-12.763977,3.663739,-19.602478,2.815808,-5.028758,-14.481234,-10.614814
-127.31713,165.60367,-106.38576,17.985195,-24.106812,19.981712,27.50935,16.928139,-41.81046,-10.612242,-0.4933898,-15.769952,-14.966426,-14.070052,-2.7140577,-26.123928,-10.284723,-13.804523,-18.45664,-2.643286
-163.85046,159.06789,-93.63004,28.982433,-18.916721,15.128157,30.268986,13.341354,-33.883247,-9.451458,-2.961104,-10.766875,-11.408771,-13.260884,-5.6607428,-32.946003,-13.420263,-8.279139,-8.047003,10.717915
-206.5198,157.69571,-68.52878,32.49932,-18.021698,19.328888,39.355972,14.733307,-22.649525,-10.01064,-7.651229,-1.1880686,-12.572145,-18.507858,-7.7517533,-32.620415,-12.900154,-2.0935178,6.557802,7.5782137
-226.80933,162.5528,-56.146812,31.096249,-13.800133,16.008694,33.88378,16.160902,-8.276804,-0.41057038,-9.164281,-6.295252,-14.049391,-17.124977,-12.509913,-30.34894,-4.198704,-5.573965,4.9030247,5.683064
-241.95287,172.57361,-53.313797,17.729267,-6.1600714,17.81092,42.145992,14.158104,-10.06522,0.12881976,-6.5149813,-4.82998,-20.969664,-13.76414,-11.243067,-28.933475,-11.099743,0.9697846,0.3499511,-1.0948237
-240.61136,174.39195,-57.58017,17.232735,-2.264647,8.612257,30.40421,7.674184,-10.957403,-1.4673471,-0.45238245,0.88030565,-22.696033,-9.81566,-6.513523,-20.937424,-10.941747,-7.3985324,-8.379654,-12.800203
-241.73305,180.70032,-54.456158,12.138645,-5.559186,3.7083075,33.375465,10.691742,-21.452717,-2.184759,9.576348,7.1515546,-15.660423,-8.665188,-6.717904,-21.006947,-23.540314,-16.56567,-7.8847084,-5.9274054
-250.47647,180.43414,-57.41635,7.9152284,-4.96843,-0.634623,32.591896,14.411829,-14.18958,-5.1050143,4.2133083,6.365196,-11.170331,-8.944259,-14.667494,-22.31385,-19.393633,-11.949478,-10.1716585,-11.979489
-242.86133,185.38919,-53.91144,12.216194,-0.62731737,-1.9236615,28.476055,8.930208,-22.063143,8.242234,10.508514,3.3440633,-6.853808,-6.7518926,-8.986054,-17.005783,-16.4634,-11.285109,-10.57571,-13.456829
-249.58372,182.76581,-54.220936,6.845602,0.6476514,-4.714984,22.732643,8.333733,-22.93699,2.7356553,9.040273,9.107013,-7.830285,-4.004804,-4.822326,-17.584854,-17.784018,-13.664526,-7.807192,-6.832446
-256.19495,178.95003,-48.98204,5.9758306,2.169675,-1.7891248,18.44634,6.174658,-24.708199,3.5705962,9.36642,10.836605,-1.6736965,-5.3304415,-10.073301,-11.830724,-3.799203,2.0602741,-2.4619484,-5.393097
-263.6822,175.0563,-49.49037,-2.7184336,-7.994996,-10.725824,20.153486,14.205169,-25.555868,0.02629292,7.219872,7.47616,-3.977529,3.98516,-2.0226662,-11.387539,-1.895889,-0.77164984,-10.479738,-5.200506
-277.4993,170.33313,-52.395653,-1.1731553,-3.0499501,-3.916646,19.09855,6.677065,-26.817535,1.7244557,17.832333,13.450951,-3.054145,-5.2059684,-5.224886,-11.34366,-10.608471,-6.0696406,-7.238203,-7.763672
-277.7496,169.24266,-49.061974,1.4621224,-5.28491,-5.618303,19.542461,14.718988,-14.716617,1.7151392,5.7187734,3.5704136,-6.358878,-0.5827811,-4.91735,-15.669844,-10.371791,-3.636968,-3.031909,-10.19375
-270.34302,161.87888,-47.919353,8.079861,0.32765788,6.4441805,12.712379,14.92005,-11.39011,-0.047350064,6.921801,3.9590988,0.008372307,2.1590126,-3.1644485,-10.80452,-5.406066,-0.7487623,-8.057819,-7.407568
-206.91565,136.26907,-50.35688,34.515617,-26.573063,8.599702,-1.7625897,6.7625065,-4.9871926,5.649489,2.375,15.601692,-4.810467,-1.0374875,-0.54358816,-6.9851975,-3.7090154,-5.001995,-3.6370637,-6.0397644
-101.23737,149.03992,-48.951668,58.53767,-24.430176,26.61388,-7.681594,10.063629,-16.067577,2.0395124,-13.132422,2.767252,-1.126075,1.3143549,-5.973874,-2.417688,-5.546443,-10.8095455,-8.842094,-8.126468
-90.3877,79.64067,-40.914986,72.32945,-54.356148,50.653316,5.646547,16.16565,-12.913113,31.251106,-21.566654,8.977425,-9.475767,-2.9349558,4.4530854,-5.4987154,-7.5209484,-19.261171,-13.742622,-7.126647
-147.20212,72.752884,-32.968826,78.34758,-48.3574,48.5065,16.040115,18.531384,-22.399105,20.134048,-17.881401,7.9840136,-2.3387,-3.6096842,-0.7831778,-15.930767,-1.5154837,-15.801859,-15.713708,-11.477761
-178.80547,94.92354,-29.646988,69.313675,-41.898094,41.64548,16.672146,22.783657,-9.139448,21.66257,-11.031513,13.005512,1.3896353,-7.68613,7.3058367,-23.879658,-3.4402928,-11.677076,-8.61887,-6.232939
-202.5636,116.615234,-32.074497,54.81674,-33.232872,40.74907,16.95934,17.45501,-2.902979,17.26191,-1.933878,8.563608,0.20231986,-10.493896,5.656392,-24.857117,-1.7263463,-6.926734,-11.9870205,0.8085184
-232.05199,133.74155,-32.455826,47.98266,-22.01126,30.031385,15.145454,14.718204,-1.1053516,2.6015189,-3.085764,8.000321,4.365183,-7.6287136,6.363728,-22.252289,-7.0060973,-7.0572085,-11.363831,5.404047
-240.41026,139.1947,-37.36264,42.49776,-11.742673,21.955845,15.076401,7.606991,-1.0945029,8.093495,3.0665045,11.529617,-13.324217,-13.215403,4.900481,-16.180946,-5.202409,-4.2608094,-15.559263,3.2263694
-252.7468,145.40794,-37.540924,36.820847,-12.371604,13.912558,20.176785,13.047144,-4.4228034,8.957344,8.062773,12.924682,-8.418222,-12.86252,-4.1377525,-27.960712,-7.8432245,0.7672738,-6.593341,3.152001
-264.48102,155.111,-32.059464,30.355217,-6.0638533,7.545437,19.97734,14.5371685,-4.2151136,7.4995375,9.432621,9.634274,-4.6164956,2.670194,-6.9263587,-23.236763,-11.765788,-3.756844,-1.8847613,-0.7401665
-266.09317,157.04755,-36.694527,33.82589,5.354599,7.842764,18.245441,12.900169,-0.39046007,5.5057907,6.5827494,15.6435175,0.40009174,4.8081813,-5.4204173,-17.135101,-11.682764,-5.045334,-5.853626,-4.967873
-268.3645,159.58527,-35.99376,31.650196,5.783039,9.731544,16.98552,14.81263,-1.5380756,10.444355,10.883427,7.3883076,-0.62116194,6.570845,2.7546322,-17.46728,-12.129564,-6.446891,-10.65567,-4.842576
-261.10468,145.94272,-34.902145,38.03253,-3.1097217,7.3680325,18.381418,13.401737,-0.11899364,4.2704287,-1.6890547,13.350407,-5.5366793,4.323661,0.87443316,-18.754345,-10.966261,-6.930927,-10.826295,-1.6992056
-276.3456,156.31686,-29.419168,27.506012,5.3254275,11.969652,20.305061,13.04432,-6.735601,4.0039024,8.000476,13.75062,-1.2338315,10.511172,-2.6970177,-16.3924,-8.398048,1.2958802,-2.5918708,-10.26072
-304.22754,153.62106,-26.330002,27.162735,13.551244,5.0670314,17.85742,17.762012,-8.31799,-2.9408147,1.711687,3.4051619,-9.478492,7.405348,2.2393093,-13.170461,-7.225973,-5.2926683,-4.425917,-11.324235
-307.60013,158.00357,-22.308393,21.314882,13.041878,11.690357,19.941147,18.494701,-2.8715353,2.0690331,8.87064,10.389887,-5.914966,0.25283742,1.329514,-5.6954145,-5.4135,2.3345108,0.16846216,-7.846673
-319.4271,152.07954,-21.581837,18.108515,16.910536,17.081718,24.718227,20.960835,-1.0335705,5.096015,6.557537,9.140621,-2.9424193,3.24024,-1.3194429,-11.903142,-8.215871,0.7745999,-4.6306806,-5.6966286
-313.28516,151.51419,-21.609762,20.347786,8.839863,14.441286,19.945389,18.919632,3.2639759,13.023872,13.631351,6.804619,-7.397358,0.35691416,-2.4041665,-18.352957,-12.812799,-0.016385257,-5.27447,-3.0532746
-308.5211,150.33034,-21.347033,21.740486,8.667134,18.400833,21.758741,12.800231,2.420057,7.6880193,6.376818,13.4746475,-7.9454494,-2.660006,-1.1626182,-13.355049,-12.410843,2.1600099,-3.8654253,-3.8821208
-306.30756,147.78873,-25.073387,25.261326,18.408512,20.099216,17.057428,10.478607,-3.3981729,5.268546,2.9235725,16.05174,0.90712595,0.8233162,-7.8721466,-19.79313,-4.095174,4.753062,-9.424348,-5.55141
-315.5139,149.2453,-23.201466,20.624401,16.486576,20.13432,18.786993,14.404722,-0.877612,0.3267373,1.4919155,12.434338,1.8543082,8.647038,3.0273802,-8.738148,-2.684761,-1.9181762,-11.593889,-5.253737
-293.9312,147.54074,-29.540821,34.41751,11.664415,10.191017,9.738155,-4.249184,-16.031689,-3.3227558,-1.1731613,9.057941,3.0472312,13.750428,14.757477,11.796282,6.0246096,-3.341689,-14.682264,-14.419884
-279.2401,155.32118,-41.07834,32.28208,9.214283,0.7875278,0.33001524,2.6571932,-3.5355692,-6.457874,-5.4997873,8.492139,9.690891,10.843142,11.428844,6.559379,-0.6722388,-3.1698391,-7.511242,-10.075913
-160.34515,195.2974,-51.55606,43.957714,-9.719213,-4.1610084,-6.3883905,12.419819,2.2408862,6.93664,-1.0189846,1.290024,-0.56573284,-0.62202734,13.952399,6.4312367,-4.5428,-2.354269,-0.8947176,-2.3174484
-100.25655,196.98187,-79.34203,37.602623,-29.892742,-9.515216,-13.261934,23.278429,5.401719,-2.040606,2.9035485,5.798615,0.7160095,-5.2159853,3.6978922,10.493688,0.23298216,-5.2678146,-0.34561038,0.08650422
-110.293724,181.85397,-98.08198,30.420437,-30.11264,-4.688894,-0.49810633,26.261288,3.2653928,0.7161064,5.783362,1.6253207,4.3524537,-8.198436,0.27525258,16.462078,1.6313428,6.5630713,2.0777936,0.09747681
-134.59949,177.91855,-98.15316,33.1391,-13.129392,-1.1653187,9.738947,25.18634,-7.552023,0.10419726,0.2923771,-5.9072905,9.521216,-1.0671079,3.675196,10.936812,-8.04575,4.8065596,-4.781742,-2.8544147
-160.41945,185.27234,-84.47029,34.16431,-9.198679,-5.840065,14.07277,21.124,-11.413551,6.2787786,6.2039976,-9.361822,4.2912736,-0.93413997,7.4587364,7.352874,-3.0396404,4.7271767,-0.7159591,3.8471823
-190.18085,163.82712,-80.857376,46.90628,-1.9129126,7.521903,22.702232,18.08761,-3.1128092,4.885625,10.954855,-3.8644633,-6.1191835,-3.9631116,2.4054432,-0.35042942,2.4198852,17.388186,18.172276,7.5807104
-205.20662,163.94147,-71.87863,36.17978,-2.732612,7.952083,21.12817,14.125664,3.3643975,-0.51579094,9.66333,3.8474913,-17.34498,4.0278425,5.93495,5.7666283,6.5642414,17.297224,22.28526,11.711526
-219.24976,182.2891,-55.530014,31.61154,-8.542221,-7.651389,13.4036255,12.030886,7.902655,1.9934502,9.632772,7.8350987,-8.84367,6.6620245,2.8084352,9.787203,14.785075,13.380669,22.20763,5.7191696
-247.81744,177.30238,-51.59787,24.22333,5.934039,-2.1560254,13.548227,21.195889,17.674927,8.309427,2.4644294,12.394967,4.3440313,1.9426619,2.0851343,7.5768137,7.3174524,2.5168867,-0.5540264,0.06284618
-249.92767,177.1934,-49.173042,26.764042,4.653822,-4.960504,17.560678,22.235126,10.634529,9.423823,6.3729343,11.387669,2.9307466,0.85467076,4.5150924,7.8623004,4.2087393,-0.742953,-2.122971,-2.0859816
-243.39027,178.44983,-53.25553,21.71409,4.697137,2.3403752,18.931683,23.09109,7.204672,7.0529404,9.253044,9.17358,4.971645,3.2271142,6.9144764,12.140977,3.252277,-3.278578,-0.21847607,2.5606658
-245.69402,170.54092,-57.57568,23.05975,3.621611,-1.6763372,15.925556,25.222279,13.22435,12.04351,14.884848,17.140705,9.188158,3.4002457,3.1830115,9.229364,5.61211,-2.8602164,-0.5327132,4.874936
-250.48528,170.85074,-51.162033,19.925808,5.5667353,2.1682231,12.317362,23.157492,17.761042,12.172505,9.826536,12.929441,10.689588,10.599638,-0.11479545,8.279669,3.811663,1.9096829,1.3904808,3.0473042
-260.19144,172.17442,-43.323883,22.658634,3.5006487,-5.398823,7.343693,17.120998,9.663953,16.733997,12.307339,8.844465,7.704884,11.750381,2.6475055,9.509665,10.1876335,3.9838443,4.772168,4.622077
-267.81366,166.62012,-43.71096,21.917402,3.5814905,-12.2852955,10.589706,31.536182,17.405739,14.337343,13.95788,18.374521,4.565136,12.854073,10.807831,3.4467158,0.6854234,2.1287794,2.2396135,0.4763391
-272.6182,160.13033,-50.61786,20.38044,7.660679,-3.8748446,13.329312,25.47937,13.374409,13.211826,8.49291,13.880365,8.002851,7.111906,7.408441,10.99588,5.2340326,4.2846184,6.952908,5.8266077
-272.45422,155.59076,-42.47892,18.248402,1.8123307,8.436384,14.55304,24.462349,10.373932,2.1195703,14.357679,14.916729,-1.9452474,11.325258,3.4811196,5.5233884,4.3900776,1.0591885,2.4380252,4.4866676
-281.15396,154.314,-34.8116,27.779356,8.004499,6.666895,8.720552,16.735191,5.8805847,-3.558204,10.91675,21.518211,2.5040648,6.158044,-5.5628605,6.7271447,11.145542,4.287862,6.2310095,5.494379
-271.50223,146.02826,-42.02328,28.48835,4.4245872,12.360991,8.44594,19.396358,3.7069683,-5.805341,17.978275,19.342073,6.694436,8.058578,-4.169431,13.168003,8.739492,0.8448699,5.802717,6.2128525
-225.36237,162.71765,-38.28069,41.16133,-6.151778,2.869289,1.3964741,12.82255,5.310115,2.8359294,3.171495,12.805783,7.124979,1.5524687,0.97877204,7.253071,-5.6533165,2.1592278,7.8092184,6.8099303
-79.03868,147.85184,-57.137127,53.099365,-51.994194,9.551363,-19.227846,23.037136,-4.6135254,11.380041,-2.9233963,18.987366,8.126894,-0.6323744,18.120169,7.38544,1.9091034,-9.660135,-5.556142,2.3879828
-52.03075,126.610725,-67.525696,54.956024,-56.700005,27.721724,-9.265448,32.73912,-10.193694,8.709829,-15.895625,13.720369,10.024999,-0.7699733,15.245623,0.5776384,6.4208302,-6.839437,-5.5230103,2.303093
-86.243706,130.12944,-81.09033,61.105427,-37.767014,22.798817,-7.1172743,27.883408,-5.7783165,6.3891172,-9.67086,8.68727,12.293553,-3.4644341,12.770544,-9.603878,0.70490026,-9.550289,-8.324582,2.7072268
-110.186,137.4903,-72.15719,55.556328,-32.541294,22.76259,-6.3016043,29.841812,-1.9028496,0.091531515,-4.363736,13.040915,10.992099,-4.371184,15.094255,0.47485828,5.1049814,0.102734566,-9.622422,-4.166603
-123.72029,101.729004,-53.416306,51.328003,-41.711445,47.32898,-5.940238,39.38061,-13.537319,-11.619101,5.308462,23.187805,4.266227,-3.0573854,16.36231,14.929335,4.4826517,1.265372,-10.984582,-13.9513
-179.19974,128.91476,-73.35538,44.33319,-20.078754,22.367352,9.037644,27.822807,-7.1691384,-13.758464,4.307549,23.766016,11.171743,1.6597927,22.748846,12.972297,14.018576,6.2977858,-15.305118,-7.675309
-185.61227,148.44489,-66.084915,42.297943,-18.376633,20.103989,22.542864,24.048798,-5.2440567,-7.327101,-0.04362595,15.684362,-0.45790797,-5.662165,16.939915,8.402632,14.288417,7.894354,-8.590055,-10.989723
-197.82993,161.33875,-58.813034,42.02707,-12.231314,19.537111,23.163418,16.967546,-5.349124,-7.737473,2.3622787,13.676485,-5.418107,-8.186546,10.366392,8.218107,24.96936,3.2195816,-14.235486,-5.3392363
-218.75276,165.64575,-51.44731,42.00278,-12.404335,12.255348,26.46685,19.19516,6.354335,-10.015524,-1.0582907,18.6259,-3.1167886,-7.832748,3.0526385,1.5352885,12.676999,7.4237103,-2.8982038,-5.980483
-226.01314,167.13857,-49.339893,46.384697,3.2756476,14.211643,19.980759,16.748026,9.594202,-5.7212358,2.529891,13.726096,-6.3442163,-7.6860666,1.4674938,5.1426864,9.788437,4.3856697,-3.9734833,-7.9323
-232.55612,169.78763,-50.952477,35.700058,7.040757,11.694939,22.210033,12.43825,-3.7376237,1.2209554,10.754253,22.002304,-6.8257217,-6.719817,3.998715,0.43808085,0.70580226,2.7783341,3.699523,-4.63488
-234.73073,174.46024,-44.918068,37.397137,7.7383013,12.221216,23.173729,13.147356,3.0915132,0.852324,6.901299,17.521652,-8.036616,-5.363265,-6.4964952,-4.231902,5.9036045,2.4529028,2.2764323,0.4534721
-228.4737,167.6568,-44.300373,36.88507,4.4115486,17.14783,15.485857,17.461685,7.68246,0.020095885,10.662563,19.658955,-0.051966682,0.4939169,-1.6103659,-4.6005044,-1.8929892,-0.4178195,-3.8059003,-4.0214825
-227.59166,167.98439,-39.195244,41.933487,-2.5999722,11.171881,13.411123,21.192204,11.739422,-3.2994165,2.5721428,15.100495,0.1666485,4.117085,3.437324,-2.5011015,-0.6481464,-6.3948364,-10.422204,-5.0458493
-208.25287,135.52866,-21.756462,47.434235,-17.333897,33.410072,-2.8912659,28.134142,6.5782967,-3.933117,-1.9386988,11.1054945,-2.5963414,5.867217,8.947258,-2.7965255,-0.9557917,0.97135437,-1.5791769,-3.357686
-199.57281,121.26131,-18.310686,49.563816,-18.069958,41.481014,-7.4571276,27.264168,3.948245,-4.037379,0.21573016,12.450912,-6.057683,14.404926,10.951708,-1.4198672,-1.641944,-3.1322265,-5.5538235,-3.988729
-222.20818,145.75748,-23.658539,41.10665,-5.8333297,32.503727,-6.040741,22.667835,4.21986,-5.436801,5.695501,8.623016,-0.58166623,8.558701,7.402496,-0.6362655,-1.2549841,1.3677938,-0.43925917,-5.6051826
-244.17802,168.58905,-31.71599,34.755844,4.3664317,19.867006,7.2467346,18.347609,5.9001637,-7.3775415,5.3835607,9.644523,5.5899744,7.661715,2.6023138,-2.2656016,-4.5163417,1.3463713,1.5585003,1.2098427
-262.28265,164.9212,-32.20066,35.959854,17.07018,15.705498,16.347351,12.673235,2.8606281,-4.4644604,2.4915128,15.799383,-5.116323,4.476973,9.362978,11.384264,1.24396,0.36015853,-6.097188,-5.560355
-262.72647,171.04745,-38.92156,28.40723,15.694755,14.009441,18.114204,21.059862,4.915521,-3.3031878,-0.20635676,8.026327,2.4678314,6.1243916,11.536209,11.943724,0.77946365,1.1194303,-3.5025403,-10.048124
-265.79333,163.7322,-33.26777,41.80422,15.949945,9.120464,13.401209,11.245079,-3.8967385,-0.36158523,1.7763392,19.270899,11.049025,3.1953874,2.156285,-2.37793,1.4631144,1.319217,2.3590827,-1.6396525
-225.82317,183.01236,-35.79561,30.266747,-4.184706,-4.9935703,-1.1601809,8.311077,-0.2563589,4.1188726,0.5919484,4.326479,-2.5536776,0.40402618,-1.1781509,-3.2282264,-2.600494,1.1715322,8.36484,5.576399
-166.80553,149.34474,-30.692478,45.443275,-25.365412,22.649826,-10.325682,15.116978,-24.11255,-6.464669,1.7523216,2.1364508,3.09332,3.7423978,-6.2331905,-6.219096,3.1232305,-0.7177818,4.2666745,5.678156
-139.00725,131.14444,-12.252464,45.294178,-40.26347,40.037003,-34.050117,21.511076,-28.298933,-14.092375,-1.6111976,-0.55225414,-1.8566371,-3.3879738,0.36456943,4.2518635,-2.933476,1.8720168,-0.33279338,-5.607293
-173.38307,88.67509,5.0917473,48.937782,-48.251373,51.163776,-26.68442,18.583132,-15.929756,-8.302427,-7.850342,13.402489,-11.540373,2.216249,-2.2122872,-0.70275474,-5.18212,-3.429698,-7.9377413,-3.339507
-231.0465,123.61708,-9.19672,41.168777,-19.272678,37.947853,-22.139538,11.559893,-8.634014,-12.762835,-9.76085,-9.189823,-6.365863,-2.0652115,-7.7444534,-4.3885555,-3.248073,-0.46903002,1.7097814,-6.6893406
-263.44504,129.21252,-25.393963,43.509003,-11.412525,29.858074,-7.124033,1.363491,-7.4598627,-22.311867,-14.344122,-16.35456,-12.396753,-0.4279479,4.77799,-5.4888945,-7.304856,-2.551978,-4.466129,-1.0012128
-239.47244,110.636154,-18.393583,49.22969,-30.113522,42.10521,-12.421131,1.3695987,-0.64626414,-19.882252,-8.7119875,-2.659896,-9.935639,-2.0831628,0.20878792,-2.5690668,-6.407653,-9.618346,-8.012131,1.5035391
-219.22241,83.36008,-20.391773,53.205128,-51.794586,46.12412,-17.313713,-1.0726979,-9.013861,-15.546694,-6.359511,-13.301428,-17.37678,-3.8771536,4.275682,3.0417511,-10.668715,-4.3993835,-9.9639015,-11.19842
-203.1249,55.150864,-21.526493,73.80459,-47.846054,58.37995,-3.320822,7.8171663,-7.993934,-6.1166544,-20.041142,-6.7734327,-9.76008,-8.62262,2.4655328,10.786194,-2.4739552,-0.2550931,-6.165374,-13.469039
-197.9662,53.662422,-25.672272,73.323746,-56.6254,42.479942,-8.2635355,10.153046,-10.2778,-6.5200725,-18.736242,-4.090517,-2.4207845,-0.032722592,1.8884999,7.3262835,-4.6060677,-1.928466,-6.3253345,-12.629543
-194.68237,47.732018,-28.766083,73.590836,-53.239494,44.494255,-11.032915,13.732367,-8.801283,6.124918,-5.6363707,4.164304,4.0430512,13.073729,14.686111,3.918691,-7.706604,-4.5737476,-4.6287603,-9.889355
-185.85411,60.21377,-35.35646,70.35871,-49.561295,33.802208,-15.408386,9.211432,-10.916978,5.3068786,-2.055699,8.158592,-3.3274143,2.3832293,3.9056187,-1.0407853,-7.7153034,2.2336113,-0.53811014,-11.870804
-124.40653,147.4158,-53.991962,50.60704,-33.051453,25.21556,-9.511341,13.683425,-4.965912,8.812137,3.400827,-4.5141706,-17.180363,-7.455352,-2.1246011,-7.5975475,-1.888409,15.365999,6.8709984,-8.031788
-100.23694,165.11176,-90.71657,53.453423,-20.606234,10.432599,-8.314542,8.219119,-4.0758967,9.428447,-2.5504498,-0.31160295,-1.194329,-11.930552,8.776125,2.9707026,-4.3876247,15.168211,6.430734,-14.97031
-85.175865,161.00226,-109.30768,30.681648,-19.114784,18.113674,-9.413691,21.378666,-13.543512,6.972945,-2.6901886,-4.4617205,5.0492816,-16.20538,10.820999,-2.0205138,-25.101973,12.032256,-8.655735,-14.82953
-110.03009,159.60999,-114.396805,26.858902,-16.921124,21.871998,-1.8473732,18.56953,-9.279687,0.18454647,4.987931,-4.690091,3.0043304,-13.807947,8.138897,1.4815526,-20.440823,11.660373,-6.538432,-8.698725
-127.413,158.75323,-107.48201,42.004128,-20.516724,17.854477,5.927287,14.450888,0.49514386,-12.995723,2.4218872,-0.27188757,-1.147705,-7.9160304,4.212033,2.6406012,-10.654815,6.1139627,-1.47666,-8.755119
-152.17972,149.64767,-81.84707,51.645187,-17.454958,16.51711,-3.257212,7.946817,-4.9298735,-13.066431,4.8425384,0.6382098,-1.9992572,8.19482,4.8371468,-0.51221573,-0.53645515,2.7546663,-3.3463197,-5.841914
-193.06544,151.67639,-61.197647,60.11534,-2.6183383,20.475636,-1.5448174,9.470266,9.24513,-9.986443,-3.3903909,-10.709389,-5.6540785,4.864147,-5.8193674,-5.8476934,3.2819326,6.886438,1.1896698,-8.813599
-207.7243,162.9608,-54.980392,54.00347,0.7554791,15.552376,-6.4388137,7.782399,6.6767216,-13.75107,-4.3043413,-9.76668,4.7980814,3.9575834,-1.8480546,-7.6161003,-5.8889,14.845905,1.0233326,-11.350461
-195.69386,167.6788,-55.76323,52.361435,-9.556196,17.95396,-5.5366855,1.2123419,9.582615,-15.74535,0.4660468,-5.183219,1.6822639,5.423521,0.24712896,-1.1806792,-1.475797,10.119598,-6.232519,-16.476398
-102.12723,103.15816,-51.766716,53.634697,-47.866123,33.48818,-15.412132,14.511751,-12.320997,16.390078,-23.489395,0.97198486,-2.2662234,-6.8810987,5.4011183,-1.3590442,2.3742437,-4.2592683,-4.281369,0.86857855
-102.90492,98.766235,-45.2927,65.74005,-47.558456,45.82534,-3.2280533,17.535257,-20.756542,22.093147,-12.250387,7.4348927,2.3862863,-7.4130564,9.972473,-0.10246825,7.038518,-2.9790587,8.94186,10.064405
-66.438156,119.283844,-63.96971,56.52353,-42.931908,30.277485,-34.848427,18.828949,-26.405926,18.742619,-0.116336,2.9483151,3.6994812,-13.31451,8.112207,0.26063073,7.2407084,15.772062,-3.9323974,-8.29439
-90.83063,142.23279,-88.09743,47.444927,-32.85116,16.254034,-24.367487,21.838406,-7.8574724,6.156359,1.2563473,6.8974524,5.198136,-12.897274,14.393535,-5.589554,-4.2502737,8.21597,-7.082181,-9.611175
-113.68079,146.56935,-94.82687,48.05857,-27.382332,13.268808,-16.727633,15.381814,4.8956375,0.5599162,6.575405,5.941425,-0.366238,-3.5911098,9.825001,-9.6696415,-10.394122,0.48064983,-6.665054,-4.0204024
-125.65234,141.76198,-96.26785,52.698776,-27.327059,10.83585,-5.680525,7.4250245,2.4411833,1.1280493,-0.9729897,5.552752,-0.41356903,0.02559483,10.702995,-0.58715516,-3.079452,-4.722136,-10.771759,-3.8042498
-127.20056,147.80046,-104.86569,44.356194,-18.723118,13.219232,6.499153,16.84657,-0.26832575,0.95768636,4.9973917,5.6068845,2.0764482,5.904689,8.263285,-1.3095007,1.2124918,1.6081134,-11.562284,-1.0623
-136.64165,160.07634,-103.22461,34.375732,-23.320179,6.3479466,10.985765,22.996498,2.8078558,1.066544,8.472013,9.9459915,5.185933,6.435321,9.201812,-4.6627297,-5.2093287,-1.8328372,-4.765526,-2.4313848
-158.19833,175.96255,-92.61514,31.792423,-16.92133,-0.25270206,8.855389,15.6749115,-2.7046046,-3.69074,8.594578,10.895084,12.280138,2.5846417,5.695054,-6.3345194,-8.070403,3.3499808,-6.06104,-0.45966023
-165.32202,186.34354,-83.84894,33.07599,-17.885515,-14.653012,5.948105,15.172537,-0.17704034,-2.400835,4.6457243,12.465868,11.946369,-1.749075,3.4578116,-8.23533,-11.68564,9.602842,-0.48366117,1.6401281
-179.09926,184.77618,-76.75841,36.160027,-13.625979,-11.3933115,6.0028906,9.47345,-0.14400527,-5.9384947,1.272777,8.264585,2.9794173,-0.92773294,5.8500776,-5.999307,-16.018784,-1.1745663,2.1362236,-2.3470984
-176.67671,180.27267,-63.97911,42.412643,-23.934467,-0.29079735,2.4556859,-0.49617362,6.809761,-5.052931,2.5938966,9.092496,0.90855044,7.087407,5.656455,-9.61469,-7.493441,-3.5412512,-3.0626729,-4.3527803
-138.63353,164.3333,-40.695637,54.381638,-32.30548,32.872967,-6.860777,-4.5417843,-12.460567,-11.879815,-6.905745,-2.8725965,-5.901335,-5.2826996,2.5660038,-2.4720125,-7.101364,3.7442117,-1.0814469,-9.10202
-161.72388,130.47592,-31.38264,39.888687,-25.707182,38.22123,-15.640419,19.728996,-2.3152,-1.284736,2.7016182,6.9991083,-9.16127,5.9622397,0.2576775,-5.1209793,-9.911694,-10.35747,-7.487443,0.45895568
-203.49763,147.98141,-36.306084,40.703697,-14.038664,16.881386,-16.44093,14.875954,1.64938,-10.002126,1.9695929,9.842868,4.293513,9.508211,4.1052475,-4.4098053,-5.900197,2.5365055,0.049719274,-4.186843
-220.98589,164.26607,-54.23073,36.601,-2.260883,6.2760167,0.52625835,2.8746128,-3.396762,-12.68795,3.540265,10.100071,5.72303,14.644947,2.7681425,-1.1223049,-3.4144258,1.4347895,-6.893713,-2.2061753
-229.23958,173.75516,-51.25437,37.345154,11.391499,3.7512507,-3.1929476,2.1798668,-1.8235595,-5.223367,8.944607,12.046807,-2.5298438,6.2142076,9.15443,-5.1260004,-11.841192,2.1747193,-5.058572,-3.3842883
-242.00371,173.72392,-47.36503,33.44779,8.351796,2.6023548,3.1401026,2.8721666,0.8185857,-0.44162148,7.657888,8.9516325,-0.7513411,4.529414,-1.4720716,-7.0904245,-6.6762986,3.649887,-5.5445337,-5.1050363
-246.57271,164.91965,-53.42549,32.49647,8.284719,2.7690363,8.226899,8.498824,8.146272,2.5263445,1.8868297,8.248697,1.5116234,8.907169,0.17255759,-12.115409,-13.16481,-0.8685373,-2.1868694,4.1304703
-252.96394,164.0022,-52.241714,32.708183,7.0531626,0.30338144,6.7356114,12.310881,12.542545,1.3217458,6.708953,5.543247,-8.153395,4.015251,-1.0366406,-2.2085154,0.40481773,-3.4593854,-8.621303,2.5626483
-245.17775,167.48502,-48.1884,32.256943,5.994256,-7.040227,3.470262,11.26107,-0.50104123,-4.509639,-2.7359164,-1.8329532,-7.8249216,2.1235702,-10.906837,-8.329618,-12.01704,-12.68832,-6.518421,-1.0286819
-172.01602,154.66562,-49.520515,55.6077,-11.091724,12.478218,-3.9245725,14.089944,-12.4440975,-3.4718206,1.5030334,-3.9082224,-5.761043,-5.4164877,-8.845259,-14.750023,-11.378626,-4.269254,1.142658,-1.3551365
-106.468216,120.12686,-33.1523,60.824886,-31.049522,52.895187,-12.967564,35.098923,-17.375376,-12.3657875,-9.294956,-3.9174104,-7.2495284,-5.2865324,-11.229078,-6.0927773,-8.42992,-5.573271,-1.6051253,1.1175075
-142.22118,128.40028,-35.004215,58.187935,-21.018143,37.27037,-13.294883,32.59963,-12.647171,-13.500209,-7.327906,-11.253188,-9.596331,0.48199886,-17.081116,-14.721338,-8.985149,-8.846307,-5.844677,-0.71403176
-163.18414,154.61295,-40.91916,56.803154,-12.875532,23.274857,-17.063358,25.154318,-6.164625,-12.389139,-1.8757042,-22.875797,-8.230114,1.6922287,-8.706609,-20.970295,-14.03623,-0.8272259,-5.6472173,-6.8267813
-183.96153,160.46933,-54.182934,54.744194,0.56381845,19.572449,-10.682287,12.651637,0.54111457,-13.185877,-2.2721877,-11.040541,-3.2928555,6.0804873,-5.8452415,-21.87773,-4.620943,11.780855,-13.858446,-13.364521
-192.41164,160.26425,-59.46998,50.393185,6.545761,28.913681,-0.45561954,12.61833,0.7757255,-18.95539,2.6520903,-10.494168,-5.1690216,6.4326286,-12.878166,-19.707958,-7.710965,8.709417,-12.499756,-2.3363755
-199.29967,163.96844,-60.609512,47.443077,8.362053,20.62125,-4.42451,10.010349,-0.96436465,-10.483313,13.303625,-4.3632965,-2.9192927,1.9073154,-14.5307665,-14.493872,-7.884409,5.2822814,-5.0959115,-8.879761
-190.22755,169.45203,-61.107735,40.02794,-0.40480357,15.913449,-9.876535,13.553116,2.8511362,-14.400912,11.567175,-9.850843,-9.780813,0.21677321,-8.141191,-7.4245014,-18.052212,-3.6294165,-4.965007,-5.6065283
-202.117,165.62157,-54.41404,51.408836,7.3647766,21.215752,-5.171418,7.9772553,1.1601126,-16.80666,5.8603406,-15.356117,-12.134413,1.3346769,-14.530021,-11.969754,-14.836957,-8.3064,-9.492718,-1.1018193
-205.87341,162.96027,-57.129982,50.699455,12.789248,26.505125,-5.689999,0.8344046,0.9609573,-2.787591,9.188641,-13.559723,-3.7833223,3.7950006,-18.440247,-12.946221,-9.342073,-3.9343913,-1.0317502,-3.749661
-134.21045,174.15561,-67.123795,51.46045,-1.3421195,20.309837,-13.771362,-1.156669,-21.693512,-19.11528,5.661742,-2.346181,-9.458754,5.744813,-11.094046,-21.592564,-12.515425,-2.534449,-0.8724924,3.0608459
-125.416046,167.57184,-85.760826,62.445354,8.654571,20.422504,2.905671,12.632986,-11.657982,-19.095325,1.2966851,4.1153398,-10.517815,-0.29905295,-2.8878899,-11.833986,-15.119857,-4.1356316,0.8315547,-0.9620408
-111.123726,160.71857,-87.06096,56.996025,-6.9321055,20.707748,-14.697952,14.551786,-13.691326,-24.34095,3.4140618,-0.348096,-8.787741,-5.232277,-1.8020009,-13.752027,-16.558586,-9.173798,-10.455271,-6.5583663
-117.13955,150.81844,-84.76095,53.361633,-15.965718,16.973015,-20.889593,6.3404875,-11.673601,-16.573965,8.788351,1.2136447,-11.822504,-4.313985,-4.0899353,-10.865998,-14.333495,-6.611509,-5.602267,-5.078478
-123.14128,153.9891,-84.84371,55.23652,-9.2699,19.69091,-11.557819,12.126843,-9.915808,-23.096766,3.6992726,8.216131,-8.376183,2.0340838,2.2483735,-10.058434,-17.309305,-10.420291,-3.2895632,-1.1757212
-143.09105,147.26807,-80.92745,62.939907,-7.0574055,16.636948,-11.30602,0.5862093,-22.519848,-26.952553,-2.6369627,8.087417,-0.3889413,0.83061874,3.8800254,-16.996834,-13.946919,-4.9079356,-0.44897246,7.8789206
-177.61726,140.55496,-79.73372,67.76857,2.4550037,16.285524,0.546293,2.5590742,-8.827621,-4.740562,9.1508465,-4.211399,-18.147373,-10.479791,-4.06404,-17.737799,-3.2342944,5.655017,1.5412552,16.703083
-213.85025,136.46312,-58.61006,61.620384,-4.677684,21.921473,-5.025859,6.1440487,-10.58769,-16.643887,15.647715,-5.812682,-3.350504,-3.3470387,-0.587577,-0.31124628,-0.86070687,3.7678459,-1.1377106,8.183945
-183.04515,89.06545,-45.756973,72.14855,-30.603352,39.95916,-9.668866,5.0751605,-5.151287,1.2972418,-0.26022756,10.134624,6.65911,-2.703597,-4.8316402,6.476061,-12.205853,-3.3309498,6.820155,-5.3301506
-154.34746,56.14522,-46.772003,70.73096,-49.32041,41.029076,-17.504414,10.153653,-14.868429,5.343208,-4.736805,21.584827,7.5585785,5.4808702,1.2399156,4.485093,-1.7551721,3.6927295,10.38158,-6.495611
-133.4666,69.757484,-47.43808,51.16166,-62.00676,33.22574,-28.215984,17.359718,-9.562716,12.29167,3.4596229,14.006155,-5.409226,-9.854881,-11.2438545,-4.3902483,-3.0491865,1.1068094,-1.0201273,-3.252902
-64.570274,97.93901,-45.446743,80.06103,-51.182762,38.68785,-10.771949,19.687456,-22.159184,16.64612,-11.004385,6.0300326,-5.8328447,-11.256666,3.0800962,-3.7120159,-1.7961314,-6.352352,-2.5931978,9.731036
-71.815605,93.12013,-44.819054,88.30353,-27.21201,45.246563,-24.943356,23.502537,-12.776612,21.718071,-8.027344,14.863035,4.3882723,-8.258348,3.4720163,-2.0728648,1.7504755,4.065858,8.1980715,11.971864
-97.26216,97.6581,-51.394405,84.975365,-22.041452,39.511406,-29.169579,31.3152,-10.249449,24.351868,-5.0811186,3.1918983,6.3917966,-8.0603485,6.466159,-10.7524395,-1.7342374,2.2580185,8.120993,3.897353
-129.96492,127.39882,-74.5726,85.45471,2.6844213,25.149084,-18.563814,17.507015,-6.213844,23.632961,8.351013,1.7854975,11.825268,-11.655731,6.41934,-18.09508,0.96092296,12.010994,10.7284355,11.597029
-144.33394,122.68245,-85.8878,81.03314,3.135361,20.900095,-10.880375,14.481508,-0.1762206,10.241294,8.854551,7.1773143,0.70454574,-4.974634,8.736029,-12.952666,-0.015574425,12.196016,14.7742195,15.678726
-153.29228,129.96109,-86.31067,81.36896,12.292091,21.734577,-1.9874973,18.727757,2.824084,6.7417736,6.5934677,-2.2816525,-2.590445,-0.82022715,0.13294303,-14.975272,5.789933,18.373241,11.735249,16.165987
-173.6069,131.58438,-78.84316,82.26851,17.30819,15.151743,-8.702058,14.8489485,5.5403733,0.27423525,5.3152943,1.575234,-0.51134396,3.997539,3.8033283,-11.118752,8.685509,19.882183,4.3553934,12.066226
-191.42181,135.84596,-71.32178,83.5233,18.616016,12.761894,-2.7756312,19.385937,7.235013,-4.996398,7.1983633,3.8329053,3.3725526,5.6028914,-2.2574732,-12.229168,13.818374,22.20774,8.484502,16.049252
-203.46756,136.63406,-71.06467,77.77234,21.440708,10.314192,-2.5906053,15.639019,12.413761,10.432372,8.7320175,-1.1200563,-1.2809217,0.8597646,-9.768959,-15.508052,10.136719,20.152254,10.437522,19.666569
-225.38954,143.16423,-57.221527,75.546715,17.504436,3.8462105,-1.198277,17.108835,11.712055,3.6404097,14.074428,8.340262,10.712144,6.473131,-11.584248,-12.729615,8.211582,12.029959,0.27942538,10.361174
-230.14249,157.22586,-40.226273,67.384415,20.225971,20.089108,-0.077000976,4.6669283,4.0262356,-3.6136074,8.599769,11.501938,3.178967,-1.7714949,-3.17355,-2.7931798,3.1976066,9.244591,-0.86405396,-0.5474744
-230.67174,150.34404,-37.07228,64.84399,12.761441,20.606384,0.29758716,12.746775,10.007276,-1.3312788,11.942522,11.73914,-5.356947,-2.8442922,-1.4524364,-5.182155,0.47381258,7.352483,-0.5051621,-1.5880082
-198.28082,95.65967,-16.77044,76.74696,-6.8855104,47.934544,-17.570776,17.28938,12.731212,1.0160053,16.013025,15.331195,-14.598833,9.242532,-6.749816,-7.1373873,-9.399815,1.6098394,6.357538,10.475653
-209.45058,109.167496,-17.563179,62.859283,-3.5985622,49.662422,-11.099632,19.308758,6.7871265,2.8762343,6.6137505,12.789588,-2.3888862,3.8941827,-10.848339,-9.772645,-7.252658,-2.126369,5.9667983,7.3635664
-244.92152,143.68457,-33.62109,60.118805,17.890493,27.306316,2.276962,10.63421,5.8710985,0.43385744,13.078518,15.143026,8.34854,6.328601,-9.854212,-14.353538,-13.084156,-1.9349335,1.4890909,8.677937
-256.8607,153.77106,-31.98993,57.027397,19.7583,22.852291,9.293634,9.120512,5.680623,0.80676603,15.846586,16.633974,4.3337765,1.3215998,-12.869868,-11.207975,-12.0962925,-3.3134084,3.9738555,7.0388756
-267.1237,150.22087,-38.08941,53.565784,23.098446,23.274992,16.288046,17.594456,11.252329,0.7971019,12.902195,12.33322,1.2879317,0.052805424,-9.457916,-7.5475445,-8.440317,-5.437594,4.3546352,10.481207
-262.42664,152.1005,-38.830505,53.05626,23.167368,19.804562,11.243492,11.961807,5.749255,-7.244673,6.335495,12.907087,0.35761565,3.652621,-2.2152562,-3.563158,-7.355425,2.9362054,1.1117101,4.369987
-274.0559,145.39905,-38.0392,53.23561,17.082384,11.496161,9.134037,-2.0774212,0.3411289,7.190022,13.772647,13.36318,-4.009475,-1.1841271,-5.3872833,-5.546973,-7.727972,4.125842,0.38909376,1.9344407
-267.4455,147.98727,-45.06223,48.80445,11.0932865,-1.5369836,-3.573483,-3.3758965,3.8974657,3.4631202,3.4914775,9.115783,-5.3044176,1.3245096,3.6260097,-6.9450855,-1.4443502,8.077379,-0.27333707,1.6734245
-133.36401,160.074,-43.966766,39.13993,-37.475204,26.61412,-6.8801327,-2.2150607,-26.377115,-1.5099288,-12.902691,4.211046,4.886319,-9.216062,2.4851022,-0.93383497,-8.422091,-0.21878706,3.8171024,-6.303232
-157.25996,105.18268,-16.732347,46.720303,-33.035522,41.853603,-24.410551,16.341885,-12.83663,-3.759982,-4.3544292,11.413575,-14.289512,6.3877087,-7.4417744,-9.114009,-13.801481,-8.693153,-6.3794003,1.9087269
-202.8424,91.53088,-14.964304,48.490402,-28.752115,43.76758,-31.630894,13.962923,-11.522764,-4.0639563,6.186505,3.654871,-15.5877285,1.5581429,-6.7440457,-14.3348255,-14.533281,-4.0575066,-1.2083774,3.559711
-245.99211,133.22412,-26.272408,49.44509,-3.7216465,17.290234,-19.966309,9.02548,-4.8233695,-10.48178,-0.18745106,4.437793,-0.803141,-2.9736116,-9.030861,-18.960768,-15.853068,-6.405548,1.5027945,7.646627
-277.18753,141.07495,-35.075947,34.44432,-1.1309676,4.5406055,-7.145802,6.4381895,-14.778633,-8.999651,1.6131308,0.6330518,-4.3837466,-10.704848,-7.6029305,-9.70494,-12.904392,-7.3813977,-0.24036847,1.4769206
-287.04553,142.11244,-40.512337,38.47004,15.39749,1.994159,-13.617547,-4.49852,-14.198631,-4.602192,-2.8360558,-7.7550335,-7.219077,-8.574327,-4.949374,-9.243063,-18.107237,-12.277536,-6.1144867,4.415122
-294.37036,140.27208,-39.338585,32.544044,16.802696,5.217531,-7.3831635,-7.3231473,-17.300253,-14.159702,-0.6545005,1.1917151,-13.099613,-2.5921173,-7.8448606,-14.469475,-15.925819,-9.978019,-8.292487,9.051004
-298.1024,142.67087,-39.551926,26.05552,9.877589,-2.471622,-6.9903092,-1.9716471,-10.856878,-11.577673,-7.3067865,-3.517676,-12.846489,-2.7697017,-7.4351563,-11.805536,-15.582252,-13.256865,-6.876493,2.1849806
-298.96524,144.98325,-38.534054,25.945255,11.035581,-3.5793355,-5.641769,4.662156,-5.2442923,-10.456022,-10.905426,-4.9001255,-9.624001,-3.6772976,-11.718612,-15.190348,-11.072572,-5.4159822,-12.135685,-1.2956427
-299.98425,146.27277,-34.457127,28.805359,14.707294,-1.4131937,-8.267803,2.007672,-2.4945598,-7.3774858,-10.819126,-5.6039014,-8.652457,-0.37650144,-11.456547,-18.353355,-14.080282,-3.6571367,-5.2497473,-0.67431486
-282.61633,156.2685,-39.53873,31.856682,10.720991,2.070469,-3.8912177,0.68062025,0.6719025,-10.672409,-8.311289,-4.297995,-7.660226,0.75225997,-1.7455475,-2.117431,-4.793627,-10.008603,-10.595973,2.711625
-221.35645,165.44028,-41.936996,38.460106,1.0738645,16.405333,5.6826916,11.31249,2.4750812,1.3412188,-5.9149365,1.3917736,3.9797719,6.756772,2.0275848,-5.166379,0.69353545,3.666585,-5.6293406,-4.530359
-194.85938,123.95706,-23.6283,53.190414,-29.51572,41.741467,-11.962162,15.487736,10.021971,-12.457896,-6.877612,-4.6641617,-10.572897,3.8982399,-3.39973,-6.351211,2.3577278,8.0305195,-0.93200475,7.529298
-197.67052,117.01982,-13.253304,52.893982,-22.404472,47.58616,-15.626498,17.445248,6.9411273,-11.791293,-0.43237713,2.5640101,-12.780142,3.3802028,-9.408731,-6.8314357,-1.6943816,2.2318223,-3.8666525,8.211032
-255.89294,136.86116,-16.821663,51.10836,-0.70299655,33.411545,2.7922294,16.001003,3.2542067,-10.19873,-2.6599283,-4.6403904,-13.363066,-6.140504,-9.39812,-8.572069,-5.85248,-1.3971575,1.2654912,0.15375876
-277.16907,146.64749,-17.064049,55.94647,9.443773,10.036732,3.2831612,7.662419,3.2817395,-7.829731,0.27671337,0.5835798,-12.229538,-1.4972767,-10.651955,-8.565376,-4.849376,1.635949,-0.048303843,-3.8433514
-265.49228,172.72322,-21.859543,31.288288,2.9989896,-1.5182006,-4.011256,7.760326,5.913104,2.2347794,0.98094654,2.1623697,-14.277507,-3.57746,-2.1659706,-14.586405,-13.791761,-1.5998064,-0.23794878,4.5832486
-282.1114,166.41257,-20.708055,31.15543,13.014429,7.9503284,5.969197,5.442026,4.0418673,6.155994,-5.974101,-1.491329,-9.932051,3.4743142,-1.3976774,-11.954147,-15.367507,-9.460825,-1.4589652,6.0937295
-295.0873,167.5246,-14.9958,40.980198,19.331322,17.064219,4.450653,3.6407523,1.7289317,-8.9940815,-7.2580986,-0.64727354,2.309134,2.6675262,4.8145,-4.933917,-16.811787,-9.991026,3.2667766,6.757947
-164.52055,47.947037,-10.595529,101.76912,-46.903587,40.334003,9.8214855,18.383793,-20.90166,22.974209,-28.43605,0.31587577,-1.645546,7.2487698,-3.1041768,-5.232135,8.503265,-8.804451,1.6295234,7.6867275
-159.18471,62.354073,-26.238697,87.11624,-57.098503,31.985744,4.742032,18.9719,-16.911161,18.501217,-25.946104,-0.8498779,-7.1799417,-8.621178,2.2893891,-11.123268,8.450857,-5.0990877,0.09030986,4.0252233
-131.31064,76.218475,-20.022999,66.44644,-58.375748,45.126907,-5.277404,27.356396,-16.438208,12.413467,-6.952379,6.3675756,-2.31884,-1.292945,-5.1898155,4.841421,-2.5387933,-2.97432,2.2876644,3.903943
-149.04536,108.94736,-37.33745,45.46936,-49.26432,39.30184,-0.64694667,28.158722,-6.571516,0.62637323,1.5764261,8.729426,-6.320496,3.0136466,5.6420155,5.4277067,-3.7199318,-1.6062367,2.5404968,2.7767534
-198.86519,123.220215,-35.108227,58.152817,-25.075523,33.794544,5.4559956,16.855057,6.7576,4.073271,-9.2103195,0.52661276,-6.699256,-7.243725,2.635023,-4.548064,-3.6727414,-5.852868,-1.4239666,3.1181157
-226.51959,137.05408,-33.525898,62.632523,-3.419269,23.239605,0.18321669,12.49419,10.902316,13.710829,-3.1850173,-4.329527,-9.421141,-7.864648,3.0706248,-17.193857,-6.1457534,-2.8000605,-7.3112855,-0.15069231
-252.45805,146.22665,-32.461876,57.509052,8.611593,17.712147,3.9130776,15.714953,0.8136769,0.04542643,-2.4009824,-0.46990305,-8.151006,-10.851022,13.699762,-17.319813,-17.774136,-3.9590106,-8.546202,-2.7694697
-265.69235,147.04443,-30.414726,50.08695,13.583197,15.488488,7.766754,13.317188,-1.2542696,-7.6608267,-7.7872066,4.1331687,-1.8071355,1.1210214,2.9244523,-12.030523,-11.021282,-4.707121,-10.473548,-2.1886795
-270.146,148.69543,-30.14674,49.185097,14.874334,11.594782,5.0747747,10.389929,2.8114357,1.779934,1.8087807,3.4013429,-10.958079,1.0839465,4.93608,-12.493386,-8.912703,0.9575563,-10.279013,-9.2883
-282.49454,149.50934,-32.086876,52.28746,26.109625,4.9577355,0.19801831,8.690007,0.37252522,11.984048,-0.4725533,2.104125,-0.45396507,-6.3156347,2.9716933,-11.057531,-9.217172,4.359657,-1.1986773,-7.1529894
-298.85922,150.55646,-29.792324,47.245995,26.43811,1.9915831,9.628542,12.192169,0.5951178,23.248962,10.143288,4.227069,-1.3898253,-7.825893,1.060042,-10.944136,-13.487059,2.0076895,1.7333865,-6.4442377
-302.92163,143.99124,-28.73463,41.207443,15.232262,2.6171927,12.706356,18.92399,11.477922,22.141079,20.027643,14.557123,-6.216246,-2.8594272,-1.2398163,-11.044285,-9.670707,-5.8046465,-9.078457,-13.112576
-187.49167,141.77368,-30.97291,48.354385,-30.652187,32.78049,-3.02885,5.1136265,-6.939398,-0.000780344,3.4555168,0.40717834,2.8009796,-2.9598846,-6.585785,-0.7174831,-8.141073,2.1545763,8.642481,-4.800749
-158.58215,144.96533,-19.535275,50.368217,-33.534027,48.373375,-13.014848,8.283022,-16.932793,-7.0826855,0.99984056,-7.316911,-1.2117288,-3.568858,-1.7368236,3.3241358,-8.52127,-5.5113883,1.1059185,-10.376088
-226.13394,126.829124,-7.338829,45.74224,-19.833954,50.401573,-13.351294,23.635357,1.8680922,-0.964273,7.3775673,-7.49657,-10.307079,-13.939832,-4.9431005,-6.6022463,-9.078303,-1.6527749,-8.890613,-6.4747114
-267.139,139.98688,-9.913963,45.179253,-4.1519704,23.909014,-12.697962,16.06503,10.166166,-0.932426,10.26926,-2.463987,-12.941122,-6.524421,-11.623829,-13.161322,-10.284887,-5.8029056,-2.9049468,2.142581
-290.72845,145.8475,-14.240076,43.950157,12.055482,22.297546,2.8795738,15.122847,10.545485,3.9089346,9.033487,-2.3626986,-12.602917,-10.166236,-14.627602,-15.316559,-19.111145,-6.2536297,-1.5587914,6.0202594
-311.93463,150.78015,-11.82667,35.696342,20.50483,13.034543,-0.5730308,6.437557,4.2893457,1.7763715,5.621522,13.333096,-6.872542,-12.894585,-14.84367,-10.961219,-13.1510515,-8.861184,-4.298855,3.70402
-320.8278,149.63084,-11.998297,30.67461,15.995812,11.752356,5.8970003,13.137704,8.098729,6.191297,6.747831,15.014165,-4.103876,-3.7488613,-0.26741675,-8.384589,-12.3145275,-7.6454763,-12.399662,-8.960935
-330.69135,140.80167,-14.939812,30.54874,22.86163,15.560045,10.544712,13.801839,3.9749012,11.804299,7.842,11.366838,-6.6292048,-3.0464134,-3.4862852,-14.051743,-17.416712,-14.226505,-10.3992405,-9.753592
-340.3614,135.3602,-14.2890415,29.770115,23.281914,9.907341,3.5689535,6.6395297,-0.92888796,10.2360935,6.3815446,11.148807,-2.3891158,-1.6702787,-10.2200165,-16.407887,-18.391947,-16.448406,-9.780697,-4.3568954
-338.3013,142.10294,-16.336212,30.14284,17.552383,10.023685,-2.770223,2.648109,7.755214,2.6128364,6.6687403,6.5274215,0.36027464,2.9133148,-4.1069665,-11.687651,-17.605484,-9.357386,-11.98896,-4.8918304
-156.01753,137.8181,-29.509478,65.13637,-31.99059,28.069347,-8.850072,9.483032,-4.0354376,14.146481,-1.2734241,-5.4088054,10.270079,0.740785,-8.0838585,5.24102,-6.9497,-14.489947,-0.43756005,2.143079
-72.3195,140.58273,-28.656727,50.714527,-43.487003,37.580757,-33.47547,31.729733,-3.0497591,-3.6701987,-5.1427836,12.326157,0.072372794,5.0661526,-11.918961,-1.3886181,4.1244426,-0.45101082,-6.5981984,-5.347267
-80.78861,162.10393,-67.956696,44.34637,-31.939945,15.91032,-22.95673,27.004143,-17.550625,-10.648227,7.3779335,13.1995735,8.5165415,-4.355651,-10.168968,-9.82746,-3.4441085,-1.545835,-7.7431955,-4.416245
-113.93349,168.56622,-85.480896,49.618168,-23.078728,3.6054637,2.689444,24.694872,-2.5846589,-10.0177145,2.448378,10.72575,6.575658,5.3955426,-1.4104476,-0.7065376,3.0283191,-9.057544,-16.259285,-11.183956
-146.88445,174.02364,-84.95966,51.11145,-12.85306,5.9786043,11.399616,12.528463,-2.6734445,-19.194288,-2.2605002,5.37787,1.4840822,7.207456,5.648981,5.71162,7.434397,-1.9773831,-12.964569,-15.470037
-169.50185,155.74374,-90.35612,46.00393,-14.145937,0.34881213,14.436203,27.061548,9.912965,-2.3956108,11.277578,18.837662,9.65473,4.422351,-1.4626565,-3.6718385,0.58572984,-5.832989,-12.821266,-8.782052
-210.4452,169.92351,-55.445747,37.445152,-5.610471,-0.28563815,15.40056,22.164093,0.41410702,-4.174122,6.872057,20.190449,3.0001338,5.021061,-6.2384686,-7.766449,-0.3549766,-9.568174,-0.022575736,2.0425568
-264.61765,168.11227,-36.629112,35.396122,7.6347513,-9.052928,10.606097,23.877098,12.737156,8.026523,3.9127662,17.286682,0.6657128,2.4444137,-1.5843962,-6.1618986,2.0255625,-3.4454782,-0.26105645,4.1206813
-274.03976,164.26813,-44.625988,35.795284,16.671377,-7.174344,8.544326,19.215912,9.533852,6.5571904,7.9812827,17.258982,8.306651,6.318557,5.539362,6.0351915,4.7993774,0.52499086,-4.663208,-0.01969254
-269.33115,154.22891,-52.611492,27.538101,5.121098,-5.1666284,7.310057,23.388603,7.070908,-0.3721937,17.822712,18.53709,9.040367,7.085203,-0.8585413,2.4776983,1.740371,3.6870093,-1.9799439,4.607379
-260.47864,154.44473,-46.974243,33.291275,-0.49787784,-0.73762894,0.842386,15.969156,8.553469,-6.6011515,5.3912096,7.0022926,-1.1471847,2.9040546,-1.9435123,-0.7880077,0.2804547,-2.28381,-7.2591166,0.8854691
-185.68794,164.95352,-33.421654,47.392796,-1.1807741,28.08171,-1.0301414,11.623873,-4.047041,4.4268703,4.4625397,5.019763,-1.7924339,-2.6012743,-8.216721,-5.1707373,-6.7902784,-13.238504,-4.5629015,7.519379
-200.05185,136.20786,-13.983375,62.12263,-19.818592,35.34349,-7.048871,15.2856045,8.101217,-12.813696,4.605857,8.135431,-12.015478,4.9711113,-0.6685126,-3.0235682,-3.999686,-10.624337,-16.379873,0.22154225
-232.30766,151.88034,-13.81109,51.362545,-6.1738443,27.12907,-9.144012,22.295624,8.345991,-11.725889,9.449068,5.464124,-9.127914,-3.353876,-3.5595832,-1.6958053,6.546681,-0.37761497,-11.215516,-4.179207
-259.92975,168.36168,-17.071232,44.214798,2.2773223,6.877884,-2.6183138,11.8335705,7.1537285,-2.3840175,9.710592,7.483826,-8.35383,-2.2231214,2.4488144,4.672097,2.9571626,-1.0245768,-5.055108,-6.0984087
-277.47397,172.56961,-22.167217,36.455048,11.797625,-2.9270706,9.208441,16.778547,7.8612623,8.584299,3.7473807,-0.1633077,-6.167773,7.3388524,4.1509504,5.238364,9.7567425,0.43620962,-6.2205167,-0.77579033
-288.3387,170.29482,-22.725916,38.699364,22.015081,-3.410801,5.3899283,21.32987,10.297551,4.9099145,6.9973392,8.238697,-3.060765,0.12865508,3.9925067,10.549306,12.767963,0.880299,-11.566507,-3.9306111
-296.7061,172.39835,-21.219267,30.053902,24.795645,4.2592177,3.5993714,14.976246,10.04371,7.754423,11.5046425,0.90214205,-13.40395,1.1184199,4.2389154,8.544155,10.573013,3.521096,-11.035584,-5.981056
-307.1195,157.25017,-34.454544,26.300602,24.205656,-2.2501237,4.511366,18.11863,3.0071292,0.5881833,6.2648087,14.775514,0.9529128,0.3172276,6.784732,12.175513,16.459389,5.9037046,-12.637502,-6.30661
-306.25458,147.50784,-33.028954,29.762192,11.137476,-8.342323,2.8734803,13.1853075,-1.6859806,-2.2452602,1.913985,12.604839,4.0576677,3.3359125,6.9777474,9.909834,8.329009,-0.5983587,-8.568241,-0.55098677
-194.10725,177.50568,-50.88308,44.918167,-13.906155,-23.240074,-8.327166,4.6810293,-6.5383677,-3.674391,-2.2852685,6.713675,-3.8325865,-2.793643,-0.539245,8.545762,8.459295,7.110408,-6.3799562,-15.60817
-91.34163,180.56956,-76.03479,44.27104,-33.36886,-3.6824563,-10.476475,23.6092,1.3638462,2.322218,-3.8441787,11.518676,8.216619,-1.0568951,10.262026,-3.617924,0.62099445,1.5365844,-14.452547,-8.143929
-29.838736,120.10081,-56.17398,56.645348,-61.792564,31.64784,-22.74413,25.915676,-10.245694,18.997402,-1.6375858,23.500488,4.268766,-8.690392,-2.4029298,-1.6104908,-5.5016313,-3.5223854,-8.331015,-2.6193957
-87.11101,119.66936,-62.48644,66.428024,-40.90647,28.838028,-14.091847,26.70124,-13.247988,10.887392,-2.9775565,18.147568,12.710824,-11.298821,7.5732756,-11.112951,-4.0939226,-11.568169,-12.191565,1.8405292
-131.47334,126.917076,-67.96937,67.01395,-21.490553,32.83673,-4.568107,21.375889,-11.307472,2.7425504,-2.3016808,15.245337,15.369431,-11.979609,14.436371,-8.160383,3.2016294,-8.574908,-15.536547,-1.1105558
-153.67596,140.35779,-63.44468,72.13371,-12.069812,20.36773,-2.904936,13.977079,-3.5996027,-3.1940105,-6.0128117,15.792257,9.705729,-14.642927,6.9985585,-10.581056,-1.7863538,-1.1383138,-8.952179,-3.9381578
-169.48584,150.50093,-65.70841,67.08888,-6.6291456,12.296933,-0.90594035,10.37675,-4.55867,-4.326823,4.5057006,15.358107,4.785871,-19.443567,0.42173386,-9.138884,-10.543797,-5.2837553,-7.638251,-0.6884353
-189.22612,157.69446,-66.61899,58.353455,-5.0410624,6.2582693,19.584099,19.84834,-5.9634013,0.34764242,-6.4027047,9.187393,8.592741,-17.242832,2.62291,-4.7872086,-9.006283,-7.9377785,-9.583323,-4.2848997
-207.49886,170.30872,-56.56714,45.85285,-9.328808,7.472355,22.808971,18.2706,-1.1843717,-6.124927,-2.8477812,13.946348,5.7210426,-17.181114,1.0139163,-9.93561,-18.664782,-5.7282057,-4.188484,0.42513028
-227.72977,173.11047,-41.90763,40.556637,-10.139788,7.139159,23.608875,14.255554,1.0171574,-12.550268,-5.828658,7.343798,-4.5125036,-4.34436,-8.578686,-8.299546,-2.2194183,-0.71776307,-4.6921453,-0.5547696
-236.39532,175.75595,-42.784744,37.583332,-2.934009,-2.1637821,15.191444,20.277142,9.618795,-8.937891,-1.0168452,13.977175,-5.306116,-7.499937,-8.9997015,-15.059641,-10.957698,-4.0288463,-4.5534034,-0.07448149
-248.72554,170.91977,-40.97251,44.92315,6.640517,-1.4661605,11.55821,21.044323,9.063648,-6.8566375,3.2751832,9.627497,-6.7246914,-13.479638,-12.281511,-4.5255976,-4.8893604,-11.52861,-12.480278,-3.374404
-256.58472,154.68753,-36.51359,51.14028,2.458562,6.284761,11.69214,24.120148,11.781256,-10.133497,5.1406155,9.131444,-13.267273,-20.425632,-12.832827,-5.0200443,-5.3376455,-12.379773,-19.471333,-6.018334
-210.82822,108.413574,-12.942596,48.391888,-37.4001,38.95797,-12.960329,29.084599,11.179131,-22.750391,0.4388572,16.86673,-13.171019,-9.561258,-19.427025,-1.8315551,1.1231583,-13.21805,-29.587044,-12.878479
-210.90659,95.91866,-9.873602,46.08406,-34.293365,42.13778,-26.69244,28.608381,8.336018,-13.588877,4.142011,14.299642,-16.801569,-7.9956656,-16.845398,-6.9496574,-5.837144,-14.521629,-20.665443,-8.417446
-248.53775,133.63425,-31.215988,45.895386,-10.961173,12.533787,-3.2993186,27.65522,8.852718,-15.718933,7.630203,6.514447,-6.8007927,-0.8380676,-8.335785,-8.638336,-8.53821,-7.2586393,-13.182504,-3.631503
-262.8924,149.89456,-29.102997,48.05111,5.322362,12.233463,4.6444216,16.005272,6.0174913,-10.92561,5.190133,7.26447,-8.71647,-1.1929114,-3.1527824,-5.505847,-6.2158213,-0.8488435,-8.5948925,-4.183133
-267.74182,159.75705,-29.94522,41.75245,8.313949,4.2736473,4.65467,10.309987,7.109341,-5.61794,5.502427,16.94843,-1.3023423,-2.0112767,-3.5386474,3.207934,-3.9009871,-6.0251513,-17.942701,-10.201798
-274.08023,157.39046,-30.662586,46.794304,16.916853,6.6970415,6.6628838,8.873711,3.3876867,-3.1680307,3.336479,12.872539,-3.2437878,-4.8028097,-3.1190958,4.8036575,-1.0391617,-6.301265,-13.670088,-12.686901
-284.16882,160.30948,-27.518923,42.231033,17.43422,0.28868788,7.9637904,11.969233,5.1393023,0.7129363,0.6548434,13.700964,-4.509617,-4.6431017,-0.21748191,-0.39003074,2.5413296,5.0246954,-5.1239576,-7.898912
-280.75357,164.72267,-27.379902,36.391426,12.56366,-1.5400305,7.1072183,9.9739685,2.8929992,2.681985,4.723624,10.943217,-5.6481295,-1.6424613,-4.660445,1.4264514,10.539738,5.1950326,-9.307298,-8.1097
-261.18576,168.03452,-41.79827,28.18001,7.673479,-0.44632527,1.7687011,10.010916,3.8859155,3.9848719,5.951344,12.925504,-0.48167905,-5.592092,-4.326943,2.0356255,6.064001,-1.9631314,-4.5547514,-0.012490034
-130.54254,130.06967,-26.523027,30.370457,-46.285477,43.56201,-21.567303,20.55116,-29.717651,-8.836302,7.779623,-1.9113253,-1.0596414,11.367809,-3.494725,3.2663,1.0225706,6.7986784,5.484544,-4.073282
-151.38176,107.16502,-4.5218086,43.729355,-36.95347,46.116127,-26.661152,17.751581,-23.75212,-0.7283533,-7.882784,4.845312,-9.161753,9.442026,-4.6802845,-4.3828726,-3.926543,-1.7552454,-9.295747,-9.522039
-237.26807,126.318695,-24.929832,35.878113,-11.720348,27.07794,-17.546549,21.44581,-3.6983829,-7.572343,3.7488842,4.418937,-1.5339419,-1.7982566,-7.787593,-2.9356961,3.4664676,-3.4438741,-9.767297,-4.4362354
-290.2353,139.98337,-25.382763,26.314564,-2.1023054,10.492766,-1.8023744,18.261873,7.036523,-1.4703392,6.597351,7.2648644,-4.1938877,-4.6763477,-9.088613,-1.919003,-3.4542947,-4.7064266,-12.703615,-11.292535
-306.90927,144.51312,-20.558994,24.37209,0.6633301,3.028347,-0.544857,16.862934,8.191592,-3.5878134,-3.021357,4.4532566,-5.392518,-2.2963288,-1.867811,-0.57446617,-6.6708875,-6.534216,-14.89987,-16.73679
-319.34473,140.64117,-28.675499,23.06519,8.297236,-4.453314,-8.931627,8.265465,1.3391982,-9.180185,-4.3600693,6.7594666,0.26748115,3.832236,0.86092895,-0.4548833,-6.6412444,-11.879131,-16.77594,-13.146685
-319.48886,139.74005,-31.581562,19.989826,4.4493337,-5.9551105,-6.2489605,9.281487,11.027927,1.6589897,-6.0849104,-0.56164414,-9.699654,-7.754489,-8.349403,-2.1587107,-5.6933594,-10.470667,-4.337601,4.4550014
-316.30484,133.86093,-34.97928,27.659767,12.343294,-3.1106374,-10.4681,8.174046,5.687791,2.160277,0.22320998,0.07315369,-7.53146,-7.514188,-3.910405,10.235201,0.24931258,-8.46434,-5.2135944,0.09759396
-300.7833,146.62512,-22.906803,36.35966,15.597104,7.104849,5.49079,24.003311,9.003361,-3.794166,-6.813965,-4.2905154,-7.993219,-4.518593,-12.643565,-3.5748076,-4.652855,-8.201282,-6.8503704,-12.225927
-283.26114,148.32391,-31.95703,40.805855,17.261616,12.859276,-8.318492,11.095188,13.342422,-5.245002,-7.6851177,-18.110981,-9.6918335,2.3839655,-20.740475,-14.389336,-8.063484,-1.4315478,-11.104536,-21.0355
-252.16643,154.18579,-39.52809,46.35591,13.747096,9.752907,-9.559935,14.094326,13.009013,-10.1441765,-9.298729,-15.487759,-10.00733,-1.5115025,-23.430065,-19.095144,-19.14069,-7.7023773,-7.5237617,-20.57666
-167.26158,190.29358,-50.577515,46.31033,-11.221897,-18.046162,-24.21647,18.363152,3.9939964,-13.605126,-14.926096,-14.127488,-4.9338427,-6.8670673,-5.9794693,-3.111506,-3.5409484,8.984158,-4.486471,-20.246819
-113.682304,168.1424,-58.815628,44.966637,-12.893164,7.890181,-24.711296,43.738636,-13.585604,-5.129961,-6.885012,-8.723507,5.557097,-11.9644165,0.9439312,-8.434824,-14.266987,7.191208,-7.197796,-14.674451
-123.24115,171.72913,-89.56325,41.101387,-10.726997,-3.8187652,-1.8037765,43.96633,-13.052473,-11.453541,-2.4748106,-7.0112267,5.4036727,-13.276404,-1.6946722,-8.283101,-22.830715,5.479281,-7.5795364,-13.442627
-132.20212,167.55994,-99.2414,46.945343,-8.309548,7.913145,4.469986,28.61554,-11.823084,-27.3756,2.185135,4.426449,5.246301,-12.622581,-5.176277,-6.6951294,-16.857351,-4.45822,-12.850203,-10.201033
-123.697815,159.76361,-95.71156,59.014282,0.5742705,14.163393,-7.10874,10.693458,-11.440563,-16.620945,9.405141,-4.4157834,-14.301427,-6.5963163,-5.4337683,6.514942,0.9341663,-5.4481726,-17.816866,-9.122564
-145.65308,150.61581,-94.05412,66.443115,3.3160095,12.530539,-1.8361267,11.618457,0.5702183,-7.030463,4.497065,-13.760164,-16.657488,-4.5728807,-3.2596664,-3.526134,-6.9269857,-13.687111,-20.491571,-2.5043948
-163.88766,145.08667,-76.96217,75.63613,0.6320796,1.6206894,-10.6317005,2.4178998,-3.2760892,4.142412,5.21984,-10.256778,-6.840314,-1.1685668,-6.3398447,-18.568281,-11.794522,-18.551983,-19.456337,8.06684
-204.95486,156.34567,-55.999634,71.14186,3.5702877,7.9289722,4.2007303,6.9960613,-6.119165,-8.636978,-4.271258,-15.833118,-5.9807034,-8.434334,-9.646578,-16.284887,-5.153099,-8.735007,-9.754396,7.31485
-149.40825,97.91676,-50.93348,97.28825,-25.924496,16.16082,-4.4119687,20.301922,-21.06323,-1.2787678,3.5661266,3.640209,-5.114729,-8.286642,-2.4739075,-7.874867,-3.1698542,-4.5562186,-7.259097,-7.0788155
-117.139114,98.36987,-63.22876,81.63197,-44.11106,12.547947,-5.47843,18.90579,-24.64682,0.6288334,0.02415502,4.45284,-2.0798426,-0.7901262,-0.98488414,-10.238651,-7.4511247,-10.063949,-3.8669956,-3.5551713
-75.38902,73.209076,-46.22475,78.29158,-52.576218,39.34115,-8.595985,27.107853,-25.598663,14.093656,-13.481722,14.359669,-1.393993,-6.786292,-6.611141,-11.3070755,-5.610536,-8.386982,-12.597364,-2.930519
-80.976944,112.33609,-46.489754,79.03854,-35.864304,36.2464,-12.644955,21.69585,-15.473236,16.722023,-5.7377,6.1453204,2.3627276,-5.301429,-3.6101623,-16.258907,-9.485821,-7.135584,-10.653336,-8.15172
-99.22975,144.17535,-71.183586,58.843895,-24.14101,19.869532,-24.728718,16.200266,-10.483845,11.211823,-4.074216,8.847565,7.933111,-6.289607,14.27537,-20.918262,-14.511793,-10.960264,-11.348191,-9.445718
-102.13707,173.9251,-95.07001,32.736275,-12.828835,10.383247,-8.431806,14.68322,-22.281708,8.90834,-10.580748,-1.1343536,7.7552547,-14.314753,18.651272,-12.743244,-17.944202,-0.9518738,-18.125044,-16.182858
-111.13722,174.61523,-99.066345,38.87369,-8.345694,7.7834306,0.50975233,15.420029,-25.087543,0.7736826,-4.8963304,0.14000942,10.466412,-10.25477,16.051489,-6.4352217,-17.70841,-5.7171335,-24.870163,-16.110016
-123.42702,170.76805,-97.26318,44.477104,-12.6411495,10.007001,8.784814,11.591229,-12.19187,-1.6148071,-4.086404,2.4576077,1.3319426,-9.106113,10.594314,-1.3429215,-7.825408,-5.1724544,-21.20391,-18.831482
-136.55171,165.38428,-97.45398,42.903538,-14.426032,14.03918,13.928537,5.8636723,-6.636142,-11.07997,-4.9443398,8.794678,-3.0964334,-4.251194,7.3513737,0.3051867,-11.719301,-14.505907,-21.151894,-19.442966
-151.84917,176.45187,-85.90652,43.569275,-15.144139,8.442732,13.353648,3.8588614,-2.9938717,-8.872163,-2.9536738,8.11002,2.2132053,-2.2736194,5.522563,-1.7019839,-9.694261,-9.161919,-13.891659,-13.794643
-176.51654,179.47694,-76.22758,35.391575,-13.468519,5.246725,18.19794,12.164927,-0.9717903,-9.823704,-7.200094,6.85241,1.3480796,-7.854806,4.341316,3.7226396,-8.128601,-8.99171,-16.39093,-14.08381
-192.25404,180.4385,-65.32649,38.12079,-6.226572,-0.4010163,10.672844,11.310712,2.6084423,-6.519026,-1.3557705,7.6641383,-0.38844585,-3.664412,-4.6951327,-4.738432,-10.991652,-9.091908,-13.463506,-14.641493
-162.35901,175.9396,-50.20951,47.757866,-32.76781,8.788772,5.953168,6.7186413,0.16607833,-6.6313276,-7.703301,2.9761186,0.89305687,-11.210836,-3.5879722,-0.7160827,-4.211107,-0.9918144,-7.0029154,-13.034508
-156.47993,142.03922,-26.181564,57.02852,-37.347187,34.257286,-15.050035,18.228138,-4.299966,-18.972738,1.8166851,-1.9260054,-11.481405,-5.1303387,-8.809509,-3.0090804,-2.7395608,-9.464388,-11.102127,-11.281986
-184.46704,127.364685,-20.333122,53.310593,-19.870153,38.033997,-20.351078,26.094904,-2.7055402,-13.831442,6.078682,2.9837513,-13.807224,-1.2788359,-8.47573,-10.347858,-2.6193857,-11.303994,-7.0035458,-3.3056505
-220.22876,142.39651,-40.439323,47.384262,-6.3725195,22.558186,-4.1937776,21.969875,2.5469162,-5.9782925,6.656236,-3.6841795,-7.318708,-7.426393,-6.077098,-8.781441,-11.776184,-11.943045,-13.480209,-7.3323355
-234.40137,159.04181,-38.573845,44.313667,2.8998275,15.620518,2.4828308,11.561315,-5.053295,-8.814413,-1.9291995,-3.5952291,0.10167213,-1.8757727,-0.4116223,-7.5368805,-20.374195,-10.796033,-12.224539,-9.514036
-239.01753,170.84052,-41.21431,41.784313,7.179775,4.970632,3.9538121,2.3747792,-10.768194,-5.417549,5.7543,-0.8002225,-3.6461353,-3.614251,-5.382633,-0.9578344,-11.333145,-9.2343235,-14.006546,-7.225064
-250.5393,165.55554,-43.676422,38.25831,13.626557,8.719091,13.0270815,9.299814,-9.334233,-13.221654,-5.703405,-0.7794843,-5.9598107,-0.19164851,-5.955278,-7.722329,-10.330268,-4.7978053,-7.219275,-2.5509367
-256.98157,160.63054,-47.035553,32.51731,4.565244,-4.0228133,1.7100616,-11.3531685,-16.476913,-3.7122147,-1.2414198,-0.12408948,-12.4169445,-3.843999,-12.597685,-12.923796,-9.312432,-4.70861,-9.930367,-6.6026897
-255.2055,160.01785,-42.96372,31.64008,-9.836867,-9.745716,-3.0928295,2.2479036,-10.662275,-9.693414,1.7745618,-4.635335,-10.840891,-3.7797785,-8.360172,-4.255433,-3.663653,-3.109169,-5.547857,-10.2881975
-229.85774,173.71689,-37.951805,39.77108,5.6580687,3.8224754,-10.973655,-0.18094546,-3.1110883,-9.365009,1.4159033,-4.778018,-16.623459,-9.347776,-19.414013,-18.356394,-14.758644,-10.206651,-12.812055,-7.942378
-143.60085,109.254425,-22.983585,58.722054,-31.911892,41.48242,-32.568363,15.344384,-10.023712,0.7597519,-7.010858,-5.454791,-10.546215,-0.8950103,-10.897558,-17.441456,-18.744175,-12.594072,-14.105883,-6.772208
-112.76635,130.26176,-11.0571995,58.79162,-36.974953,32.115936,-34.745922,31.62112,-11.017498,-1.8867573,-6.2154646,-8.462754,-15.517515,-3.6238956,-7.177026,-8.668106,-14.939902,-7.105343,-11.136347,-17.513845
-150.72633,162.64832,-56.776127,45.645,-28.856455,-3.917809,-16.656103,27.25896,-10.630083,-26.791817,-5.4510093,-13.360525,-14.675027,3.991222,2.0272112,-15.672903,-16.446898,-12.384565,-19.131874,-21.310444
-144.74548,168.6983,-68.42499,45.96962,-24.769598,-4.0177455,-8.535355,22.76203,-5.616331,-26.899399,-7.7599907,-7.531877,-16.759521,2.3158827,4.885539,-10.728331,-14.664697,-3.1494267,-13.639528,-20.54314
-161.12737,163.81049,-70.58626,38.254402,-24.435902,0.073422074,-9.797311,20.290432,-4.7011566,-29.409126,-3.4803843,-7.214595,-12.040729,-0.5057703,0.9954181,-6.928403,-18.644138,-1.6944509,-8.857594,-18.698275
-188.71388,167.75699,-63.60811,42.571484,-8.781761,4.207373,-8.18457,10.796902,-2.5101976,-22.652882,-6.032602,-12.923944,-13.704263,-5.0774093,-6.950942,-15.546824,-16.13737,-1.3130008,-19.142635,-28.342459
-225.18727,161.5304,-58.16196,31.114273,-1.0831115,-1.9956235,-13.075537,3.965763,-5.243885,-12.842131,-6.891806,-16.245104,-12.049347,4.7810965,-10.419924,-21.103386,-16.28841,-1.4678376,-15.883997,-21.572716
-242.35739,165.44928,-50.803703,32.40515,10.041731,0.20191175,-13.865557,4.438551,-4.263628,-7.6507444,7.0998526,-12.322889,-9.18178,5.3684325,-17.52031,-21.821617,-8.334576,5.102917,-8.836488,-14.7568655
-239.65852,162.62741,-49.092976,33.756454,7.724983,3.6355257,-6.410139,6.868454,-9.639883,-6.735425,0.035703868,-21.708464,-9.63163,5.855318,-14.047947,-19.77446,-17.809032,1.1193005,-6.933153,-18.70126
-235.60133,170.63652,-39.15841,43.695393,14.837559,2.7978845,-14.324007,1.4567599,-9.871122,-7.2247477,-4.5505714,-21.381979,-10.081287,-3.2289262,-16.545471,-14.756243,-11.172571,7.120373,-10.775871,-24.659897
-231.0275,165.78085,-43.0167,46.977768,15.926288,7.842537,-17.989296,8.416561,-4.522826,-14.483639,-9.871775,-29.181967,-11.227806,-3.984803,-10.236111,-14.002221,-14.05217,3.0311415,-16.371033,-22.331543
-163.51936,164.8977,-55.037872,72.10622,14.948296,11.47847,-10.872862,23.37636,-2.8221886,-15.719271,-3.3471742,-11.123497,-13.156332,-2.8765335,-5.403815,-12.800587,-9.504789,-7.5090313,-11.462641,-4.904367
-154.26181,129.7436,-64.53783,86.15962,10.243318,7.296821,-28.488117,20.193352,-1.030657,-25.411787,-0.2813288,1.648505,-22.861248,-7.661384,-10.766645,-16.14788,-4.599465,-9.663608,-16.596672,-2.5551898
-175.22505,127.0121,-71.89988,90.7948,16.86464,5.2629714,-14.836893,24.019314,-5.413316,-26.30217,-6.696006,-4.460449,-7.603015,-3.180471,-7.200845,-17.32005,-7.111171,-4.8904276,-17.75194,-4.4625535
-195.63783,127.209,-68.68524,86.16135,15.572411,1.6679945,-19.198622,16.628853,1.3353536,-13.586889,-4.631875,-12.04752,-10.948014,-7.6538773,-7.958743,-15.669039,-6.8172393,-7.6883993,-16.39319,-3.529011
-214.9273,130.1698,-57.5786,76.17139,17.451988,1.0973192,-16.194822,17.97807,1.0286671,-9.098156,-8.588469,-9.714254,-10.13208,-12.409994,-22.322763,-21.891136,-1.0136263,-5.207666,-14.620064,0.21913421
-259.8573,136.29263,-50.098022,51.880398,3.1194105,-6.8440523,-6.9703827,18.393467,5.6512356,-5.9436364,-4.1355453,-5.094025,-8.602363,-11.734959,-13.172489,-20.000364,-12.05718,-4.5583,-13.228163,-8.410611
-267.63092,138.23438,-44.319656,43.311077,-4.308831,-7.6322603,-4.9265795,16.049149,6.2640257,-8.151109,3.799819,1.4657505,-13.529287,-9.647018,-14.581137,-12.606302,-6.9249697,-2.475494,-12.35018,-12.58222
-229.95233,103.327515,-35.110527,56.30964,-21.932,22.467934,-22.97628,13.551267,-2.7259042,-12.841211,0.15249245,-3.8994327,-3.5466208,2.4546,4.272361,-0.18199146,-6.892893,0.15641156,-1.0781181,-4.082737
-176.10875,81.832985,-28.755753,78.86923,-45.715263,33.808517,-23.446102,3.9620314,-9.399623,-7.6373396,-0.68995684,10.635008,2.708902,-3.2480826,-8.243278,-11.5162945,-20.737602,-7.416275,-9.177055,-12.576617
-162.3914,69.49091,-42.085365,78.37793,-42.40619,32.663837,-24.509596,10.208852,-11.522951,3.2402186,-7.5526147,3.580173,-2.0193062,-9.657627,-9.337358,-10.691271,-10.070204,-2.9175367,-0.077585876,-7.8107905
-73.13678,78.72725,-31.119297,77.459076,-56.474503,42.596176,-16.779232,16.45153,-27.886442,16.574574,-13.872189,6.416114,-10.348703,-6.677874,-5.4160604,-8.514821,-13.961197,-14.177305,-6.9796753,2.3448224
-82.80094,108.457184,-50.593246,86.93124,-16.308056,44.717133,-15.327841,16.026836,-22.572956,14.905478,-16.090702,4.9342365,-4.475768,-10.927706,5.4252768,-15.374193,-6.4232006,-12.950288,-0.98181564,19.082205
-105.71263,117.89218,-63.83482,92.16876,-5.4713864,29.923607,-13.403992,16.350685,-17.439213,12.707399,-12.529378,-2.214157,-2.3613896,-8.85803,-4.327668,-29.952324,-9.048229,-12.52821,0.33743393,12.316353
-131.2507,123.784134,-78.809494,88.95363,12.563137,24.092413,-16.008526,23.578209,-4.68075,19.7758,-4.013529,-8.924496,-0.014231324,-11.856893,6.8858585,-26.467796,-12.302561,-13.783369,-5.5184503,11.235853
-148.66661,126.26756,-82.93786,91.17406,17.785576,14.50129,-15.322166,21.219334,-7.041071,11.204477,-1.9300137,-9.987999,3.5888553,-5.465746,4.7912846,-30.62429,-17.900803,-15.54209,-10.957022,6.824975
-158.82625,123.81012,-76.36975,95.03005,17.200403,11.494186,-12.091444,19.037582,-0.41926903,5.795646,-5.693631,-8.900402,-2.7161655,4.318879,2.6292212,-25.59259,-8.694849,-9.72537,-10.97457,1.2846804
-173.9196,127.29913,-74.77065,86.901,18.940542,17.102205,-12.487625,18.460785,0.44452095,-2.2203736,3.227712,-2.9188185,3.6462893,3.7848227,-4.7476807,-26.149502,-13.429649,-9.759825,-12.358549,-1.8209995
-199.20354,129.38159,-67.83301,82.33377,22.893705,20.768639,-9.197058,13.313145,7.695854,5.630044,4.718122,-2.2233715,7.798662,1.5019286,-7.921995,-22.457066,-11.482093,-8.955835,-13.946903,1.7975788
-213.76907,143.95694,-55.392654,75.77135,20.966179,16.50942,-4.940278,2.7225084,7.4093485,12.401764,4.684699,-0.21724066,4.41335,3.4502485,-5.8260164,-18.007282,-12.948267,-9.604197,-11.280502,-3.3963914
-234.36601,149.69682,-45.179054,68.84707,26.829159,12.113417,-5.869933,13.137915,0.6791379,8.256273,1.6993881,-7.0278835,1.6107662,-6.9645886,-2.7162597,-13.264931,-17.805466,-15.777447,-20.47319,-5.15615
-241.10233,151.86142,-31.165688,73.43002,21.500412,16.101364,-4.5408006,6.1886277,-2.1836896,-3.508102,8.169763,1.6028345,-8.082467,-5.4860144,-5.383317,-15.644152,-13.592772,-13.641323,-7.897875,-0.9926952
-206.7023,102.2452,-4.443164,79.47032,-5.8651843,45.06729,-33.776566,13.691637,1.8446281,-7.5746193,1.4051745,3.9382179,-12.2625265,9.1832695,-6.0352545,-16.33625,-7.3843493,-12.541401,-9.306406,-3.358027
-218.7378,109.086136,-15.600258,68.21228,-12.108274,34.540665,-26.292614,9.468996,3.5294433,-11.417778,0.8582396,3.430438,-16.138205,3.9496913,-15.040331,-18.036526,-9.222258,-15.902092,-7.084991,-4.6215444
